Fecha Hora	Ubicacion	Objeto	Seeing	Maire	Flujo 1	Flujo 2	Var l	Var t	Centelleo 1	Centelleo 2	r0l	r0t	fwhml	fwmlt	CCD	Software	Ventana	EscalaPlaca	Distancia	Diametro	WinSpot	Gain	Texp	Sampling	N	Muestras	Return
18/09/18 23:36:17	OT	ENIF           	 0.3447	 1.0670	 1345.4	 1216.4	 0.044460	 0.030556	 0.0332	 0.0450	 0.2973	 0.2895	 0.3400	 0.3495	PixelFly	L1.5-	160x 60	1.0216	0.1400	0.0600	20	0	 5	150	 200	200	     0
18/09/18 23:36:47	OT	ENIF           	 0.3337	 1.0674	 1359.2	 1208.7	 0.044870	 0.027151	 0.0438	 0.0446	 0.2958	 0.3108	 0.3418	 0.3255	PixelFly	L1.5-	160x 60	1.0216	0.1400	0.0600	20	0	 5	150	 200	200	     0
18/09/18 23:37:17	OT	ENIF           	 0.3464	 1.0677	 1349.6	 1204.6	 0.048899	 0.028218	 0.0438	 0.0439	 0.2810	 0.3038	 0.3598	 0.3331	PixelFly	L1.5-	160x 60	1.0216	0.1400	0.0600	20	0	 5	150	 200	200	     0
18/09/18 23:37:47	OT	ENIF           	 0.3527	 1.0681	 1322.2	 1207.4	 0.050891	 0.028775	 0.0432	 0.0524	 0.2744	 0.3003	 0.3684	 0.3369	PixelFly	L1.5-	160x 60	1.0216	0.1400	0.0600	20	0	 5	150	 200	200	     0
18/09/18 23:38:17	OT	ENIF           	 0.4319	 1.0684	 1357.2	 1211.0	 0.052869	 0.053172	 0.0433	 0.0338	 0.2682	 0.2078	 0.3769	 0.4869	PixelFly	L1.5-	160x 60	1.0216	0.1400	0.0600	20	0	 5	150	 200	200	    50
18/09/18 23:38:47	OT	ENIF           	 0.3647	 1.0688	 1313.5	 1225.8	 0.049946	 0.032932	 0.0406	 0.0440	 0.2776	 0.2770	 0.3642	 0.3652	PixelFly	L1.5-	160x 60	1.0216	0.1400	0.0600	20	0	 5	150	 200	200	     0
18/09/18 23:39:17	OT	ENIF           	 0.3690	 1.0692	 1327.0	 1248.2	 0.046231	 0.036820	 0.0485	 0.0505	 0.2908	 0.2592	 0.3476	 0.3904	PixelFly	L1.5-	160x 60	1.0216	0.1400	0.0600	20	0	 5	150	 200	200	     0
18/09/18 23:39:47	OT	ENIF           	 0.3704	 1.0696	 1347.7	 1189.5	 0.053477	 0.032420	 0.0478	 0.0482	 0.2666	 0.2798	 0.3792	 0.3616	PixelFly	L1.5-	160x 60	1.0216	0.1400	0.0600	20	0	 5	150	 200	200	     0
18/09/18 23:40:17	OT	ENIF           	 0.4065	 1.0700	 1362.0	 1229.7	 0.056691	 0.041668	 0.0407	 0.0458	 0.2574	 0.2407	 0.3927	 0.4203	PixelFly	L1.5-	160x 60	1.0216	0.1400	0.0600	20	0	 5	150	 200	200	     0
18/09/18 23:40:47	OT	ENIF           	 0.3500	 1.0704	 1313.4	 1236.2	 0.045380	 0.031675	 0.0354	 0.0437	 0.2943	 0.2838	 0.3435	 0.3565	PixelFly	L1.5-	160x 60	1.0216	0.1400	0.0600	20	0	 5	150	 200	200	     0
18/09/18 23:41:17	OT	ENIF           	 0.3473	 1.0708	 1341.1	 1221.2	 0.046865	 0.029923	 0.0296	 0.0387	 0.2887	 0.2938	 0.3501	 0.3444	PixelFly	L1.5-	160x 60	1.0216	0.1400	0.0600	20	0	 5	150	 200	200	     0
18/09/18 23:41:47	OT	ENIF           	 0.3845	 1.0712	 1352.1	 1191.1	 0.051691	 0.038038	 0.0433	 0.0434	 0.2723	 0.2544	 0.3713	 0.3977	PixelFly	L1.5-	160x 60	1.0216	0.1400	0.0600	20	0	 5	150	 200	200	     0
18/09/18 23:42:17	OT	ENIF           	 0.3872	 1.0716	 1321.5	 1188.6	 0.053406	 0.037756	 0.0425	 0.0357	 0.2671	 0.2556	 0.3785	 0.3958	PixelFly	L1.5-	160x 60	1.0216	0.1400	0.0600	20	0	 5	150	 200	200	     0
18/09/18 23:42:47	OT	ENIF           	 0.4026	 1.0720	 1345.7	 1200.3	 0.061091	 0.037633	 0.0349	 0.0423	 0.2464	 0.2562	 0.4102	 0.3950	PixelFly	L1.5-	160x 60	1.0216	0.1400	0.0600	20	0	 5	150	 200	200	     0
18/09/18 23:43:17	OT	ENIF           	 0.3418	 1.0724	 1361.5	 1189.4	 0.042877	 0.031075	 0.0341	 0.0282	 0.3048	 0.2874	 0.3316	 0.3520	PixelFly	L1.5-	160x 60	1.0216	0.1400	0.0600	20	0	 5	150	 200	200	     0
18/09/18 23:43:47	OT	ENIF           	 0.3763	 1.0728	 1332.7	 1177.0	 0.044520	 0.040649	 0.0309	 0.0299	 0.2981	 0.2447	 0.3391	 0.4135	PixelFly	L1.5-	160x 60	1.0216	0.1400	0.0600	20	0	 5	150	 200	200	     0
18/09/18 23:44:17	OT	ENIF           	 0.3244	 1.0732	 1346.2	 1208.9	 0.039671	 0.028265	 0.0279	 0.0267	 0.3195	 0.3044	 0.3164	 0.3324	PixelFly	L1.5-	160x 60	1.0216	0.1400	0.0600	20	0	 5	150	 200	200	     0
18/09/18 23:44:47	OT	ENIF           	 0.3161	 1.0737	 1334.5	 1182.7	 0.049236	 0.020252	 0.0381	 0.0302	 0.2807	 0.3719	 0.3601	 0.2721	PixelFly	L1.5-	160x 60	1.0216	0.1400	0.0600	20	0	 5	150	 200	200	    50
18/09/18 23:45:17	OT	ENIF           	 0.3190	 1.0741	 1321.1	 1203.0	 0.041588	 0.025545	 0.0312	 0.0347	 0.3107	 0.3236	 0.3253	 0.3127	PixelFly	L1.5-	160x 60	1.0216	0.1400	0.0600	20	0	 5	150	 200	200	     0
18/09/18 23:45:47	OT	ENIF           	 0.3451	 1.0746	 1339.2	 1184.6	 0.045155	 0.030623	 0.0349	 0.0330	 0.2958	 0.2903	 0.3417	 0.3485	PixelFly	L1.5-	160x 60	1.0216	0.1400	0.0600	20	0	 5	150	 200	200	     0
18/09/18 23:46:17	OT	ENIF           	 0.3297	 1.0750	 1341.9	 1192.4	 0.036795	 0.031928	 0.0378	 0.0337	 0.3346	 0.2832	 0.3021	 0.3573	PixelFly	L1.5-	160x 60	1.0216	0.1400	0.0600	20	0	 5	150	 200	200	     0
18/09/18 23:46:47	OT	ENIF           	 0.3425	 1.0755	 1332.1	 1179.7	 0.056424	 0.023176	 0.0306	 0.0298	 0.2590	 0.3433	 0.3904	 0.2947	PixelFly	L1.5-	160x 60	1.0216	0.1400	0.0600	20	0	 5	150	 200	200	    50
18/09/18 23:47:17	OT	ENIF           	 0.3449	 1.0759	 1346.2	 1214.3	 0.050297	 0.027368	 0.0293	 0.0279	 0.2775	 0.3108	 0.3642	 0.3255	PixelFly	L1.5-	160x 60	1.0216	0.1400	0.0600	20	0	 5	150	 200	200	     0
18/09/18 23:47:47	OT	ENIF           	 0.3090	 1.0764	 1343.9	 1206.5	 0.036549	 0.026230	 0.0325	 0.0340	 0.3362	 0.3189	 0.3007	 0.3173	PixelFly	L1.5-	160x 60	1.0216	0.1400	0.0600	20	0	 5	150	 200	200	     0
18/09/18 23:48:17	OT	ENIF           	 0.3934	 1.0769	 1343.9	 1198.9	 0.062403	 0.034283	 0.0439	 0.0397	 0.2440	 0.2717	 0.4144	 0.3725	PixelFly	L1.5-	160x 60	1.0216	0.1400	0.0600	20	0	 5	150	 200	200	     0
18/09/18 23:48:47	OT	ENIF           	 0.3514	 1.0773	 1322.6	 1218.0	 0.055567	 0.026132	 0.0394	 0.0334	 0.2616	 0.3198	 0.3864	 0.3164	PixelFly	L1.5-	160x 60	1.0216	0.1400	0.0600	20	0	 5	150	 200	200	    50
18/09/18 23:49:17	OT	ENIF           	 0.3659	 1.0778	 1350.7	 1195.9	 0.047449	 0.035554	 0.0347	 0.0234	 0.2877	 0.2659	 0.3514	 0.3805	PixelFly	L1.5-	160x 60	1.0216	0.1400	0.0600	20	0	 5	150	 200	200	     0
18/09/18 23:49:47	OT	ENIF           	 0.2987	 1.0783	 1336.8	 1192.4	 0.040554	 0.021035	 0.0263	 0.0285	 0.3162	 0.3645	 0.3197	 0.2776	PixelFly	L1.5-	160x 60	1.0216	0.1400	0.0600	20	0	 5	150	 200	200	     0
18/09/18 23:50:17	OT	ENIF           	 0.3134	 1.0788	 1350.5	 1182.3	 0.040963	 0.024645	 0.0232	 0.0261	 0.3144	 0.3315	 0.3215	 0.3052	PixelFly	L1.5-	160x 60	1.0216	0.1400	0.0600	20	0	 5	150	 200	200	     0
18/09/18 23:50:47	OT	ENIF           	 0.3288	 1.0793	 1347.1	 1185.7	 0.042934	 0.027652	 0.0260	 0.0265	 0.3057	 0.3095	 0.3306	 0.3269	PixelFly	L1.5-	160x 60	1.0216	0.1400	0.0600	20	0	 5	150	 200	200	     0
18/09/18 23:51:17	OT	ENIF           	 0.3062	 1.0798	 1346.0	 1200.0	 0.041641	 0.022365	 0.0251	 0.0276	 0.3115	 0.3516	 0.3245	 0.2878	PixelFly	L1.5-	160x 60	1.0216	0.1400	0.0600	20	0	 5	150	 200	200	     0
18/09/18 23:51:47	OT	ENIF           	 0.3445	 1.0803	 1303.1	 1198.5	 0.044846	 0.030987	 0.0253	 0.0270	 0.2980	 0.2892	 0.3392	 0.3499	PixelFly	L1.5-	160x 60	1.0216	0.1400	0.0600	20	0	 5	150	 200	200	     0
18/09/18 23:52:17	OT	ENIF           	 0.3692	 1.0808	 1338.6	 1197.7	 0.059391	 0.029119	 0.0323	 0.0258	 0.2519	 0.3003	 0.4014	 0.3370	PixelFly	L1.5-	160x 60	1.0216	0.1400	0.0600	20	0	 5	150	 200	200	     0
18/09/18 23:52:47	OT	ENIF           	 0.3567	 1.0813	 1347.8	 1179.5	 0.045323	 0.034391	 0.0308	 0.0223	 0.2963	 0.2718	 0.3412	 0.3722	PixelFly	L1.5-	160x 60	1.0216	0.1400	0.0600	20	0	 5	150	 200	200	     0
18/09/18 23:53:17	OT	ENIF           	 0.3217	 1.0818	 1361.2	 1187.6	 0.042814	 0.025883	 0.0226	 0.0227	 0.3067	 0.3225	 0.3296	 0.3138	PixelFly	L1.5-	160x 60	1.0216	0.1400	0.0600	20	0	 5	150	 200	200	     0
18/09/18 23:53:47	OT	ENIF           	 0.3508	 1.0823	 1365.8	 1177.0	 0.053815	 0.027251	 0.0253	 0.0241	 0.2674	 0.3127	 0.3780	 0.3235	PixelFly	L1.5-	160x 60	1.0216	0.1400	0.0600	20	0	 5	150	 200	200	     0
18/09/18 23:54:17	OT	ENIF           	 0.4418	 1.0829	 1323.2	 1209.0	 0.078576	 0.040355	 0.0296	 0.0273	 0.2132	 0.2472	 0.4742	 0.4094	PixelFly	L1.5-	160x 60	1.0216	0.1400	0.0600	20	0	 5	150	 200	200	     0
18/09/18 23:54:47	OT	ENIF           	 0.6239	 1.0834	 1325.1	 1188.2	 0.132618	 0.076129	 0.0319	 0.0424	 0.1558	 0.1689	 0.6490	 0.5989	PixelFly	L1.5-	160x 60	1.0216	0.1400	0.0600	20	0	 5	150	 200	200	     0
18/09/18 23:55:17	OT	ENIF           	 0.5078	 1.0840	 1352.0	 1198.0	 0.076409	 0.066005	 0.0363	 0.0369	 0.2169	 0.1841	 0.4660	 0.5496	PixelFly	L1.5-	160x 60	1.0216	0.1400	0.0600	20	0	 5	150	 200	200	     0
18/09/18 23:55:47	OT	ENIF           	 0.4769	 1.0845	 1330.0	 1169.5	 0.079982	 0.051764	 0.0377	 0.0295	 0.2111	 0.2131	 0.4789	 0.4749	PixelFly	L1.5-	160x 60	1.0216	0.1400	0.0600	20	0	 5	150	 200	200	     0
18/09/18 23:56:17	OT	ENIF           	 0.4630	 1.0850	 1307.2	 1205.9	 0.074960	 0.050113	 0.0294	 0.0343	 0.2195	 0.2173	 0.4604	 0.4656	PixelFly	L1.5-	160x 60	1.0216	0.1400	0.0600	20	0	 5	150	 200	200	     0
18/09/18 23:56:47	OT	ENIF           	 0.4443	 1.0856	 1348.7	 1166.0	 0.068245	 0.047995	 0.0399	 0.0401	 0.2323	 0.2231	 0.4351	 0.4536	PixelFly	L1.5-	160x 60	1.0216	0.1400	0.0600	20	0	 5	150	 200	200	     0
18/09/18 23:57:17	OT	ENIF           	 0.4799	 1.0862	 1340.9	 1167.9	 0.082217	 0.051566	 0.0362	 0.0418	 0.2078	 0.2137	 0.4864	 0.4734	PixelFly	L1.5-	160x 60	1.0216	0.1400	0.0600	20	0	 5	150	 200	200	     0
18/09/18 23:57:47	OT	ENIF           	 0.3907	 1.0867	 1355.2	 1188.9	 0.056762	 0.037704	 0.0592	 0.0462	 0.2597	 0.2580	 0.3893	 0.3922	PixelFly	L1.5-	160x 60	1.0216	0.1400	0.0600	20	0	 5	150	 200	200	     0
18/09/18 23:58:17	OT	ENIF           	 0.3581	 1.0873	 1329.5	 1216.4	 0.053202	 0.029998	 0.0399	 0.0449	 0.2700	 0.2960	 0.3744	 0.3418	PixelFly	L1.5-	160x 60	1.0216	0.1400	0.0600	20	0	 5	150	 200	200	     0
18/09/18 23:58:47	OT	ENIF           	 0.4071	 1.0879	 1319.4	 1195.1	 0.062219	 0.039512	 0.0519	 0.0501	 0.2459	 0.2510	 0.4111	 0.4031	PixelFly	L1.5-	160x 60	1.0216	0.1400	0.0600	20	0	 5	150	 200	200	     0
18/09/18 23:59:17	OT	ENIF           	 0.3485	 1.0885	 1358.8	 1215.5	 0.046519	 0.031516	 0.0485	 0.0392	 0.2929	 0.2876	 0.3452	 0.3518	PixelFly	L1.5-	160x 60	1.0216	0.1400	0.0600	20	0	 5	150	 200	200	     0
18/09/18 23:59:47	OT	ENIF           	 0.3404	 1.0891	 1334.3	 1200.3	 0.048114	 0.028157	 0.0537	 0.0444	 0.2871	 0.3078	 0.3521	 0.3287	PixelFly	L1.5-	160x 60	1.0216	0.1400	0.0600	20	0	 5	150	 200	200	     0
19/09/18 00:00:17	OT	ENIF           	 0.3441	 1.0897	 1308.3	 1187.2	 0.045956	 0.030643	 0.0367	 0.0362	 0.2952	 0.2927	 0.3424	 0.3457	PixelFly	L1.5-	160x 60	1.0216	0.1400	0.0600	20	0	 5	150	 200	200	     0
19/09/18 00:00:47	OT	ENIF           	 0.3705	 1.0903	 1283.8	 1174.0	 0.062054	 0.028531	 0.0466	 0.0443	 0.2466	 0.3056	 0.4099	 0.3311	PixelFly	L1.5-	160x 60	1.0216	0.1400	0.0600	20	0	 5	150	 200	200	    50
19/09/18 00:01:17	OT	ENIF           	 0.3703	 1.0909	 1349.7	 1183.1	 0.053118	 0.033934	 0.0393	 0.0432	 0.2708	 0.2755	 0.3733	 0.3673	PixelFly	L1.5-	160x 60	1.0216	0.1400	0.0600	20	0	 5	150	 200	200	     0
19/09/18 00:01:47	OT	ENIF           	 0.4027	 1.0915	 1316.7	 1203.4	 0.061086	 0.039081	 0.0390	 0.0377	 0.2491	 0.2532	 0.4058	 0.3997	PixelFly	L1.5-	160x 60	1.0216	0.1400	0.0600	20	0	 5	150	 200	200	     0
19/09/18 00:02:17	OT	ENIF           	 0.3507	 1.0921	 1302.3	 1181.7	 0.059307	 0.024622	 0.0336	 0.0384	 0.2537	 0.3342	 0.3985	 0.3028	PixelFly	L1.5-	160x 60	1.0216	0.1400	0.0600	20	0	 5	150	 200	200	    50
19/09/18 00:02:47	OT	ENIF           	 0.3252	 1.0927	 1345.4	 1221.2	 0.045880	 0.025462	 0.0347	 0.0374	 0.2960	 0.3276	 0.3415	 0.3089	PixelFly	L1.5-	160x 60	1.0216	0.1400	0.0600	20	0	 5	150	 200	200	     0
19/09/18 00:03:17	OT	ENIF           	 0.4420	 1.0933	 1347.5	 1221.3	 0.070091	 0.046595	 0.0434	 0.0415	 0.2296	 0.2281	 0.4402	 0.4437	PixelFly	L1.5-	160x 60	1.0216	0.1400	0.0600	20	0	 5	150	 200	200	     0
19/09/18 00:03:47	OT	ENIF           	 0.3956	 1.0940	 1325.4	 1190.8	 0.056872	 0.039726	 0.0371	 0.0468	 0.2604	 0.2510	 0.3882	 0.4030	PixelFly	L1.5-	160x 60	1.0216	0.1400	0.0600	20	0	 5	150	 200	200	     0
19/09/18 00:04:17	OT	ENIF           	 0.3998	 1.0946	 1334.7	 1197.7	 0.056846	 0.041176	 0.0325	 0.0448	 0.2605	 0.2458	 0.3880	 0.4117	PixelFly	L1.5-	160x 60	1.0216	0.1400	0.0600	20	0	 5	150	 200	200	     0
19/09/18 00:04:47	OT	ENIF           	 0.3972	 1.0952	 1320.0	 1224.4	 0.069043	 0.032721	 0.0354	 0.0418	 0.2319	 0.2822	 0.4358	 0.3585	PixelFly	L1.5-	160x 60	1.0216	0.1400	0.0600	20	0	 5	150	 200	200	    50
19/09/18 00:05:17	OT	ENIF           	 0.3880	 1.0959	 1335.8	 1206.6	 0.053585	 0.039598	 0.0472	 0.0438	 0.2701	 0.2518	 0.3742	 0.4018	PixelFly	L1.5-	160x 60	1.0216	0.1400	0.0600	20	0	 5	150	 200	200	     0
19/09/18 00:05:47	OT	ENIF           	 0.4349	 1.0966	 1295.7	 1199.8	 0.067675	 0.045989	 0.0423	 0.0400	 0.2349	 0.2303	 0.4303	 0.4394	PixelFly	L1.5-	160x 60	1.0216	0.1400	0.0600	20	0	 5	150	 200	200	     0
19/09/18 00:06:17	OT	ENIF           	 0.4306	 1.0972	 1330.2	 1187.2	 0.063195	 0.047596	 0.0421	 0.0387	 0.2449	 0.2256	 0.4128	 0.4484	PixelFly	L1.5-	160x 60	1.0216	0.1400	0.0600	20	0	 5	150	 200	200	     0
19/09/18 00:06:47	OT	ENIF           	 0.4305	 1.0979	 1314.5	 1205.6	 0.068933	 0.043770	 0.0477	 0.0438	 0.2325	 0.2374	 0.4348	 0.4263	PixelFly	L1.5-	160x 60	1.0216	0.1400	0.0600	20	0	 5	150	 200	200	     0
19/09/18 00:07:17	OT	ENIF           	 0.4031	 1.0985	 1292.1	 1210.8	 0.057175	 0.042335	 0.0420	 0.0439	 0.2602	 0.2422	 0.3885	 0.4177	PixelFly	L1.5-	160x 60	1.0216	0.1400	0.0600	20	0	 5	150	 200	200	     0
19/09/18 00:07:47	OT	ENIF           	 0.4187	 1.0992	 1345.4	 1184.2	 0.062061	 0.044387	 0.0441	 0.0515	 0.2478	 0.2355	 0.4079	 0.4296	PixelFly	L1.5-	160x 60	1.0216	0.1400	0.0600	20	0	 5	150	 200	200	     0
19/09/18 00:08:17	OT	ENIF           	 0.4092	 1.0999	 1363.7	 1176.4	 0.056226	 0.045191	 0.0447	 0.0423	 0.2630	 0.2331	 0.3843	 0.4340	PixelFly	L1.5-	160x 60	1.0216	0.1400	0.0600	20	0	 5	150	 200	200	     0
19/09/18 00:08:47	OT	ENIF           	 0.3679	 1.1006	 1345.8	 1193.1	 0.057421	 0.031106	 0.0408	 0.0430	 0.2598	 0.2918	 0.3891	 0.3468	PixelFly	L1.5-	160x 60	1.0216	0.1400	0.0600	20	0	 5	150	 200	200	     0
19/09/18 00:09:17	OT	ENIF           	 0.3677	 1.1013	 1318.0	 1189.6	 0.055650	 0.032186	 0.0441	 0.0349	 0.2649	 0.2860	 0.3817	 0.3538	PixelFly	L1.5-	160x 60	1.0216	0.1400	0.0600	20	0	 5	150	 200	200	     0
19/09/18 00:09:47	OT	ENIF           	 0.3842	 1.1020	 1299.9	 1206.5	 0.051574	 0.040146	 0.0395	 0.0459	 0.2773	 0.2506	 0.3645	 0.4038	PixelFly	L1.5-	160x 60	1.0216	0.1400	0.0600	20	0	 5	150	 200	200	     0
19/09/18 00:10:17	OT	ENIF           	 0.3893	 1.1027	 1282.5	 1179.0	 0.069559	 0.030546	 0.0533	 0.0538	 0.2319	 0.2953	 0.4360	 0.3426	PixelFly	L1.5-	160x 60	1.0216	0.1400	0.0600	20	0	 5	150	 200	200	    50
19/09/18 00:10:47	OT	ENIF           	 0.4153	 1.1034	 1360.3	 1174.8	 0.072241	 0.037085	 0.0622	 0.0545	 0.2267	 0.2630	 0.4458	 0.3848	PixelFly	L1.5-	160x 60	1.0216	0.1400	0.0600	20	0	 5	150	 200	200	     0
19/09/18 00:11:17	OT	ENIF           	 0.4228	 1.1041	 1320.2	 1199.4	 0.064771	 0.044337	 0.0541	 0.0458	 0.2422	 0.2363	 0.4174	 0.4281	PixelFly	L1.5-	160x 60	1.0216	0.1400	0.0600	20	0	 5	150	 200	200	     0
19/09/18 00:11:47	OT	ENIF           	 0.4061	 1.1048	 1326.3	 1185.5	 0.065591	 0.038273	 0.0384	 0.0386	 0.2405	 0.2582	 0.4204	 0.3918	PixelFly	L1.5-	160x 60	1.0216	0.1400	0.0600	20	0	 5	150	 200	200	     0
19/09/18 00:12:17	OT	ENIF           	 0.4284	 1.1056	 1365.3	 1174.0	 0.063370	 0.047366	 0.0375	 0.0400	 0.2456	 0.2273	 0.4116	 0.4451	PixelFly	L1.5-	160x 60	1.0216	0.1400	0.0600	20	0	 5	150	 200	200	     0
19/09/18 00:12:47	OT	ENIF           	 0.3989	 1.1063	 1349.8	 1176.4	 0.055427	 0.042719	 0.0330	 0.0434	 0.2662	 0.2420	 0.3797	 0.4182	PixelFly	L1.5-	160x 60	1.0216	0.1400	0.0600	20	0	 5	150	 200	200	     0
19/09/18 00:13:17	OT	ENIF           	 0.3853	 1.1070	 1329.4	 1206.7	 0.058296	 0.036338	 0.0351	 0.0351	 0.2584	 0.2667	 0.3912	 0.3793	PixelFly	L1.5-	160x 60	1.0216	0.1400	0.0600	20	0	 5	150	 200	200	     0
19/09/18 00:13:47	OT	ENIF           	 0.4039	 1.1078	 1310.2	 1166.7	 0.066615	 0.037142	 0.0406	 0.0417	 0.2386	 0.2634	 0.4237	 0.3842	PixelFly	L1.5-	160x 60	1.0216	0.1400	0.0600	20	0	 5	150	 200	200	     0
19/09/18 00:14:17	OT	ENIF           	 0.4153	 1.1085	 1339.6	 1186.9	 0.070460	 0.038531	 0.0362	 0.0363	 0.2308	 0.2577	 0.4380	 0.3926	PixelFly	L1.5-	160x 60	1.0216	0.1400	0.0600	20	0	 5	150	 200	200	     0
19/09/18 00:14:47	OT	ENIF           	 0.4452	 1.1093	 1355.5	 1207.7	 0.074147	 0.046430	 0.0414	 0.0319	 0.2239	 0.2305	 0.4514	 0.4389	PixelFly	L1.5-	160x 60	1.0216	0.1400	0.0600	20	0	 5	150	 200	200	     0
19/09/18 00:15:17	OT	ENIF           	 0.4830	 1.1101	 1366.7	 1181.7	 0.075999	 0.059305	 0.0521	 0.0427	 0.2207	 0.1991	 0.4579	 0.5081	PixelFly	L1.5-	160x 60	1.0216	0.1400	0.0600	20	0	 5	150	 200	200	     0
19/09/18 00:15:47	OT	ENIF           	 0.3734	 1.1108	 1344.5	 1193.2	 0.058788	 0.032541	 0.0344	 0.0332	 0.2576	 0.2856	 0.3924	 0.3543	PixelFly	L1.5-	160x 60	1.0216	0.1400	0.0600	20	0	 5	150	 200	200	     0
19/09/18 00:16:17	OT	ENIF           	 0.4779	 1.1116	 1325.5	 1192.2	 0.082254	 0.053253	 0.0398	 0.0434	 0.2107	 0.2126	 0.4798	 0.4759	PixelFly	L1.5-	160x 60	1.0216	0.1400	0.0600	20	0	 5	150	 200	200	     0
19/09/18 00:16:47	OT	ENIF           	 0.3997	 1.1124	 1349.2	 1179.8	 0.063687	 0.037926	 0.0516	 0.0416	 0.2457	 0.2607	 0.4114	 0.3881	PixelFly	L1.5-	160x 60	1.0216	0.1400	0.0600	20	0	 5	150	 200	200	     0
19/09/18 00:17:17	OT	ENIF           	 0.4376	 1.1132	 1334.5	 1177.7	 0.075363	 0.043364	 0.0562	 0.0438	 0.2222	 0.2407	 0.4549	 0.4204	PixelFly	L1.5-	160x 60	1.0216	0.1400	0.0600	20	0	 5	150	 200	200	     0
19/09/18 00:17:47	OT	ENIF           	 0.3645	 1.1140	 1327.7	 1181.4	 0.053590	 0.033273	 0.0451	 0.0392	 0.2728	 0.2823	 0.3706	 0.3585	PixelFly	L1.5-	160x 60	1.0216	0.1400	0.0600	20	0	 5	150	 200	200	     0
19/09/18 00:18:17	OT	ENIF           	 0.4147	 1.1148	 1306.7	 1197.4	 0.073904	 0.036720	 0.0317	 0.0422	 0.2250	 0.2662	 0.4492	 0.3801	PixelFly	L1.5-	160x 60	1.0216	0.1400	0.0600	20	0	 5	150	 200	200	     0
19/09/18 00:18:47	OT	ENIF           	 0.4014	 1.1156	 1351.1	 1183.4	 0.061730	 0.039960	 0.0422	 0.0443	 0.2508	 0.2531	 0.4030	 0.3998	PixelFly	L1.5-	160x 60	1.0216	0.1400	0.0600	20	0	 5	150	 200	200	     0
19/09/18 00:19:17	OT	ENIF           	 0.4014	 1.1164	 1325.4	 1216.2	 0.062961	 0.039232	 0.0349	 0.0309	 0.2480	 0.2560	 0.4077	 0.3952	PixelFly	L1.5-	160x 60	1.0216	0.1400	0.0600	20	0	 5	150	 200	200	     0
19/09/18 00:19:47	OT	ENIF           	 0.4851	 1.1172	 1352.4	 1203.9	 0.089724	 0.051707	 0.0514	 0.0480	 0.2006	 0.2170	 0.5040	 0.4662	PixelFly	L1.5-	160x 60	1.0216	0.1400	0.0600	20	0	 5	150	 200	200	     0
19/09/18 00:20:17	OT	ENIF           	 0.4284	 1.1180	 1341.7	 1231.3	 0.073306	 0.041878	 0.0507	 0.0349	 0.2265	 0.2464	 0.4462	 0.4106	PixelFly	L1.5-	160x 60	1.0216	0.1400	0.0600	20	0	 5	150	 200	200	     0
19/09/18 00:20:47	OT	ENIF           	 0.4060	 1.1189	 1323.1	 1162.4	 0.074003	 0.034203	 0.0304	 0.0321	 0.2254	 0.2784	 0.4486	 0.3635	PixelFly	L1.5-	160x 60	1.0216	0.1400	0.0600	20	0	 5	150	 200	200	    50
19/09/18 00:21:17	OT	ENIF           	 0.3611	 1.1197	 1300.7	 1204.7	 0.059874	 0.028744	 0.0320	 0.0276	 0.2560	 0.3091	 0.3948	 0.3273	PixelFly	L1.5-	160x 60	1.0216	0.1400	0.0600	20	0	 5	150	 200	200	    50
19/09/18 00:21:47	OT	ENIF           	 0.3668	 1.1205	 1335.3	 1201.7	 0.060565	 0.030075	 0.0358	 0.0347	 0.2544	 0.3010	 0.3974	 0.3362	PixelFly	L1.5-	160x 60	1.0216	0.1400	0.0600	20	0	 5	150	 200	200	     0
19/09/18 00:22:17	OT	ENIF           	 0.3833	 1.1214	 1352.8	 1176.4	 0.063043	 0.033695	 0.0274	 0.0286	 0.2484	 0.2812	 0.4069	 0.3598	PixelFly	L1.5-	160x 60	1.0216	0.1400	0.0600	20	0	 5	150	 200	200	     0
19/09/18 00:22:47	OT	ENIF           	 0.3782	 1.1222	 1308.2	 1216.0	 0.056947	 0.035937	 0.0317	 0.0379	 0.2642	 0.2707	 0.3826	 0.3738	PixelFly	L1.5-	160x 60	1.0216	0.1400	0.0600	20	0	 5	150	 200	200	     0
19/09/18 00:23:17	OT	ENIF           	 0.4025	 1.1231	 1326.0	 1190.2	 0.067169	 0.037414	 0.0386	 0.0341	 0.2394	 0.2644	 0.4223	 0.3827	PixelFly	L1.5-	160x 60	1.0216	0.1400	0.0600	20	0	 5	150	 200	200	     0
19/09/18 00:23:47	OT	ENIF           	 0.4149	 1.1240	 1295.7	 1194.1	 0.070085	 0.039761	 0.0345	 0.0329	 0.2335	 0.2550	 0.4330	 0.3968	PixelFly	L1.5-	160x 60	1.0216	0.1400	0.0600	20	0	 5	150	 200	200	     0
19/09/18 00:24:17	OT	ENIF           	 0.4429	 1.1248	 1339.8	 1230.4	 0.082583	 0.041716	 0.0351	 0.0361	 0.2117	 0.2479	 0.4776	 0.4082	PixelFly	L1.5-	160x 60	1.0216	0.1400	0.0600	20	0	 5	150	 200	200	     0
19/09/18 00:24:48	OT	ENIF           	 0.4479	 1.1257	 1344.1	 1191.4	 0.076177	 0.047492	 0.0318	 0.0321	 0.2223	 0.2294	 0.4547	 0.4410	PixelFly	L1.5-	160x 60	1.0216	0.1400	0.0600	20	0	 5	150	 200	200	     0
19/09/18 00:25:18	OT	ENIF           	 0.4079	 1.1266	 1319.2	 1215.0	 0.066550	 0.039829	 0.0315	 0.0310	 0.2412	 0.2551	 0.4191	 0.3966	PixelFly	L1.5-	160x 60	1.0216	0.1400	0.0600	20	0	 5	150	 200	200	     0
19/09/18 00:25:48	OT	ENIF           	 0.3700	 1.1275	 1332.2	 1199.1	 0.060742	 0.031354	 0.0257	 0.0315	 0.2549	 0.2946	 0.3966	 0.3434	PixelFly	L1.5-	160x 60	1.0216	0.1400	0.0600	20	0	 5	150	 200	200	     0
19/09/18 00:26:18	OT	ENIF           	 0.3951	 1.1284	 1331.6	 1186.1	 0.069658	 0.033923	 0.0411	 0.0351	 0.2349	 0.2812	 0.4304	 0.3599	PixelFly	L1.5-	160x 60	1.0216	0.1400	0.0600	20	0	 5	150	 200	200	     0
19/09/18 00:26:48	OT	ENIF           	 0.3990	 1.1293	 1374.7	 1180.0	 0.064046	 0.038665	 0.0318	 0.0339	 0.2471	 0.2601	 0.4090	 0.3891	PixelFly	L1.5-	160x 60	1.0216	0.1400	0.0600	20	0	 5	150	 200	200	     0
19/09/18 00:27:18	OT	ENIF           	 0.4977	 1.1302	 1302.0	 1206.4	 0.096271	 0.053646	 0.0399	 0.0331	 0.1936	 0.2138	 0.5221	 0.4733	PixelFly	L1.5-	160x 60	1.0216	0.1400	0.0600	20	0	 5	150	 200	200	     0
19/09/18 00:27:48	OT	ENIF           	 0.4420	 1.1311	 1314.6	 1195.7	 0.072618	 0.048147	 0.0362	 0.0329	 0.2294	 0.2282	 0.4406	 0.4434	PixelFly	L1.5-	160x 60	1.0216	0.1400	0.0600	20	0	 5	150	 200	200	     0
19/09/18 00:28:18	OT	ENIF           	 0.4190	 1.1321	 1326.2	 1198.1	 0.075955	 0.038167	 0.0329	 0.0357	 0.2234	 0.2625	 0.4524	 0.3855	PixelFly	L1.5-	160x 60	1.0216	0.1400	0.0600	20	0	 5	150	 200	200	     0
19/09/18 00:28:48	OT	ENIF           	 0.4313	 1.1330	 1338.2	 1192.1	 0.077996	 0.041153	 0.0311	 0.0376	 0.2200	 0.2510	 0.4595	 0.4031	PixelFly	L1.5-	160x 60	1.0216	0.1400	0.0600	20	0	 5	150	 200	200	     0
19/09/18 00:29:18	OT	ENIF           	 0.4457	 1.1339	 1345.0	 1166.0	 0.071684	 0.050374	 0.0367	 0.0335	 0.2316	 0.2224	 0.4366	 0.4549	PixelFly	L1.5-	160x 60	1.0216	0.1400	0.0600	20	0	 5	150	 200	200	     0
19/09/18 00:29:48	OT	ENIF           	 0.4869	 1.1349	 1353.8	 1187.5	 0.087100	 0.055802	 0.0425	 0.0362	 0.2061	 0.2093	 0.4904	 0.4834	PixelFly	L1.5-	160x 60	1.0216	0.1400	0.0600	20	0	 5	150	 200	200	     0
19/09/18 00:30:18	OT	ENIF           	 0.4120	 1.1358	 1343.5	 1195.2	 0.062621	 0.044497	 0.0365	 0.0319	 0.2514	 0.2399	 0.4021	 0.4218	PixelFly	L1.5-	160x 60	1.0216	0.1400	0.0600	20	0	 5	150	 200	200	     0
19/09/18 00:30:48	OT	ENIF           	 0.3597	 1.1368	 1330.8	 1214.3	 0.048743	 0.036357	 0.0349	 0.0328	 0.2923	 0.2709	 0.3458	 0.3735	PixelFly	L1.5-	160x 60	1.0216	0.1400	0.0600	20	0	 5	150	 200	200	     0
19/09/18 00:31:18	OT	ENIF           	 0.3215	 1.1377	 1333.0	 1174.2	 0.048396	 0.025101	 0.0279	 0.0243	 0.2937	 0.3385	 0.3442	 0.2989	PixelFly	L1.5-	160x 60	1.0216	0.1400	0.0600	20	0	 5	150	 200	200	     0
19/09/18 00:31:48	OT	ENIF           	 0.3239	 1.1387	 1358.2	 1198.6	 0.047688	 0.026250	 0.0347	 0.0286	 0.2965	 0.3297	 0.3410	 0.3069	PixelFly	L1.5-	160x 60	1.0216	0.1400	0.0600	20	0	 5	150	 200	200	     0
19/09/18 00:32:18	OT	ENIF           	 0.3598	 1.1397	 1324.4	 1174.4	 0.050088	 0.035649	 0.0372	 0.0395	 0.2880	 0.2746	 0.3510	 0.3685	PixelFly	L1.5-	160x 60	1.0216	0.1400	0.0600	20	0	 5	150	 200	200	     0
19/09/18 00:32:48	OT	ENIF           	 0.3825	 1.1407	 1356.0	 1204.3	 0.057419	 0.038262	 0.0453	 0.0438	 0.2655	 0.2633	 0.3808	 0.3843	PixelFly	L1.5-	160x 60	1.0216	0.1400	0.0600	20	0	 5	150	 200	200	     0
19/09/18 00:33:18	OT	ENIF           	 0.3458	 1.1417	 1299.5	 1205.0	 0.049548	 0.031705	 0.0304	 0.0261	 0.2902	 0.2949	 0.3484	 0.3431	PixelFly	L1.5-	160x 60	1.0216	0.1400	0.0600	20	0	 5	150	 200	200	     0
19/09/18 00:33:48	OT	ENIF           	 0.3498	 1.1426	 1336.2	 1200.1	 0.050276	 0.032539	 0.0288	 0.0313	 0.2878	 0.2905	 0.3512	 0.3483	PixelFly	L1.5-	160x 60	1.0216	0.1400	0.0600	20	0	 5	150	 200	200	     0
19/09/18 00:34:18	OT	ENIF           	 0.3797	 1.1437	 1325.4	 1179.6	 0.057250	 0.037629	 0.0344	 0.0368	 0.2664	 0.2663	 0.3795	 0.3799	PixelFly	L1.5-	160x 60	1.0216	0.1400	0.0600	20	0	 5	150	 200	200	     0
19/09/18 00:34:48	OT	ENIF           	 0.4314	 1.1447	 1333.2	 1205.3	 0.078482	 0.041804	 0.0379	 0.0394	 0.2205	 0.2502	 0.4583	 0.4044	PixelFly	L1.5-	160x 60	1.0216	0.1400	0.0600	20	0	 5	150	 200	200	     0
19/09/18 00:35:18	OT	ENIF           	 0.3527	 1.1457	 1323.5	 1194.0	 0.049738	 0.033967	 0.0283	 0.0392	 0.2901	 0.2835	 0.3484	 0.3569	PixelFly	L1.5-	160x 60	1.0216	0.1400	0.0600	20	0	 5	150	 200	200	     0
19/09/18 00:35:48	OT	ENIF           	 0.3413	 1.1467	 1312.3	 1184.5	 0.048265	 0.031443	 0.0287	 0.0328	 0.2956	 0.2971	 0.3420	 0.3405	PixelFly	L1.5-	160x 60	1.0216	0.1400	0.0600	20	0	 5	150	 200	200	     0
19/09/18 00:36:18	OT	ENIF           	 0.4299	 1.1477	 1340.9	 1201.5	 0.074818	 0.043764	 0.0380	 0.0281	 0.2273	 0.2438	 0.4447	 0.4150	PixelFly	L1.5-	160x 60	1.0216	0.1400	0.0600	20	0	 5	150	 200	200	     0
19/09/18 00:36:48	OT	ENIF           	 0.3518	 1.1488	 1317.0	 1194.1	 0.060333	 0.027355	 0.0291	 0.0274	 0.2588	 0.3234	 0.3906	 0.3129	PixelFly	L1.5-	160x 60	1.0216	0.1400	0.0600	20	0	 5	150	 200	200	    50
19/09/18 00:37:18	OT	ENIF           	 0.3686	 1.1498	 1327.9	 1193.9	 0.052330	 0.037651	 0.0322	 0.0335	 0.2820	 0.2671	 0.3584	 0.3788	PixelFly	L1.5-	160x 60	1.0216	0.1400	0.0600	20	0	 5	150	 200	200	     0
19/09/18 00:37:52	OT	ENIF           	 0.3531	 1.1510	 1322.2	 1201.6	 0.056000	 0.030424	 0.0332	 0.0371	 0.2709	 0.3037	 0.3731	 0.3331	PixelFly	L1.5-	160x 60	1.0216	0.1400	0.0600	20	0	 5	150	 200	197	     0
19/09/18 00:38:22	OT	ENIF           	 0.3200	 1.1521	 1323.0	 1216.2	 0.041826	 0.029525	 0.0339	 0.0371	 0.3230	 0.3094	 0.3130	 0.3270	PixelFly	L1.5-	160x 60	1.0216	0.1400	0.0600	20	0	 5	150	 200	200	     0
19/09/18 00:38:52	OT	ENIF           	 0.3424	 1.1531	 1310.7	 1184.6	 0.056430	 0.027093	 0.0312	 0.0296	 0.2700	 0.3260	 0.3744	 0.3104	PixelFly	L1.5-	160x 60	1.0216	0.1400	0.0600	20	0	 5	150	 200	200	    50
19/09/18 00:39:22	OT	ENIF           	 0.2933	 1.1542	 1343.6	 1179.5	 0.039880	 0.023230	 0.0312	 0.0342	 0.3327	 0.3577	 0.3038	 0.2829	PixelFly	L1.5-	160x 60	1.0216	0.1400	0.0600	20	0	 5	150	 200	200	     0
19/09/18 00:39:52	OT	ENIF           	 0.3341	 1.1553	 1319.3	 1175.4	 0.050547	 0.028268	 0.0319	 0.0352	 0.2888	 0.3181	 0.3501	 0.3180	PixelFly	L1.5-	160x 60	1.0216	0.1400	0.0600	20	0	 5	150	 200	200	     0
19/09/18 00:39:53	OT	ENIF           	 0.0000	 1.1553	    0.0	    0.0	-0.000000	-0.000000	    0.0	    0.0	    0.0	    0.0	 0.0000	 0.0000	PixelFly	L1.5-	160x 60	1.0216	0.1400	0.0600	20	0	 5	150	 200	  0	    31
19/09/18 01:35:06	OT	ALPHERATZ      	 0.4520	 1.0012	 1853.8	 1710.5	 0.070805	 0.041628	 0.0355	 0.0395	 0.2165	 0.2315	 0.4669	 0.4372	PixelFly	L1.5-	160x 60	1.0216	0.1400	0.0600	20	0	 5	150	 200	200	     0
19/09/18 01:35:36	OT	ALPHERATZ      	 0.4940	 1.0013	 1831.1	 1683.3	 0.092857	 0.041859	 0.0404	 0.0384	 0.1840	 0.2307	 0.5494	 0.4386	PixelFly	L1.5-	160x 60	1.0216	0.1400	0.0600	20	0	 5	150	 200	200	    50
19/09/18 01:36:06	OT	ALPHERATZ      	 0.5540	 1.0014	 1797.6	 1721.6	 0.100738	 0.057580	 0.0383	 0.0390	 0.1752	 0.1905	 0.5769	 0.5310	PixelFly	L1.5-	160x 60	1.0216	0.1400	0.0600	20	0	 5	150	 200	200	     0
19/09/18 01:36:36	OT	ALPHERATZ      	 0.4691	 1.0015	 1845.7	 1759.7	 0.075342	 0.044283	 0.0376	 0.0368	 0.2086	 0.2231	 0.4846	 0.4536	PixelFly	L1.5-	160x 60	1.0216	0.1400	0.0600	20	0	 5	150	 200	200	     0
19/09/18 01:37:06	OT	ALPHERATZ      	 0.4569	 1.0016	 1842.4	 1725.4	 0.075955	 0.040031	 0.0427	 0.0360	 0.2076	 0.2370	 0.4869	 0.4269	PixelFly	L1.5-	160x 60	1.0216	0.1400	0.0600	20	0	 5	150	 200	200	     0
19/09/18 01:37:36	OT	ALPHERATZ      	 0.4454	 1.0017	 1826.3	 1704.5	 0.076252	 0.036344	 0.0354	 0.0360	 0.2071	 0.2512	 0.4880	 0.4028	PixelFly	L1.5-	160x 60	1.0216	0.1400	0.0600	20	0	 5	150	 200	200	    50
19/09/18 01:38:06	OT	ALPHERATZ      	 0.4249	 1.0018	 1858.9	 1681.7	 0.064335	 0.037306	 0.0302	 0.0351	 0.2294	 0.2473	 0.4407	 0.4092	PixelFly	L1.5-	160x 60	1.0216	0.1400	0.0600	20	0	 5	150	 200	200	     0
19/09/18 01:38:36	OT	ALPHERATZ      	 0.4085	 1.0019	 1826.1	 1667.3	 0.070593	 0.028908	 0.0386	 0.0370	 0.2170	 0.2882	 0.4659	 0.3511	PixelFly	L1.5-	160x 60	1.0216	0.1400	0.0600	20	0	 5	150	 200	200	    50
19/09/18 01:39:06	OT	ALPHERATZ      	 0.4360	 1.0021	 1878.4	 1666.0	 0.080915	 0.031038	 0.0380	 0.0323	 0.1999	 0.2762	 0.5056	 0.3664	PixelFly	L1.5-	160x 60	1.0216	0.1400	0.0600	20	0	 5	150	 200	200	    50
19/09/18 01:39:36	OT	ALPHERATZ      	 0.4097	 1.0022	 1836.3	 1660.5	 0.065337	 0.032233	 0.0423	 0.0356	 0.2273	 0.2700	 0.4447	 0.3747	PixelFly	L1.5-	160x 60	1.0216	0.1400	0.0600	20	0	 5	150	 200	200	     0
19/09/18 01:40:06	OT	ALPHERATZ      	 0.4572	 1.0023	 1787.9	 1676.2	 0.091357	 0.031669	 0.0353	 0.0387	 0.1859	 0.2729	 0.5437	 0.3708	PixelFly	L1.5-	160x 60	1.0216	0.1400	0.0600	20	0	 5	150	 200	200	    50
19/09/18 01:40:36	OT	ALPHERATZ      	 0.4331	 1.0024	 1815.1	 1715.6	 0.080975	 0.030226	 0.0325	 0.0342	 0.1999	 0.2807	 0.5057	 0.3605	PixelFly	L1.5-	160x 60	1.0216	0.1400	0.0600	20	0	 5	150	 200	200	    50
19/09/18 01:41:06	OT	ALPHERATZ      	 0.4187	 1.0026	 1831.2	 1686.0	 0.074619	 0.029602	 0.0380	 0.0437	 0.2099	 0.2842	 0.4815	 0.3560	PixelFly	L1.5-	160x 60	1.0216	0.1400	0.0600	20	0	 5	150	 200	200	    50
19/09/18 01:41:36	OT	ALPHERATZ      	 0.3955	 1.0027	 1861.7	 1681.0	 0.059458	 0.031686	 0.0394	 0.0378	 0.2406	 0.2729	 0.4201	 0.3708	PixelFly	L1.5-	160x 60	1.0216	0.1400	0.0600	20	0	 5	150	 200	200	     0
19/09/18 01:42:06	OT	ALPHERATZ      	 0.3674	 1.0028	 1853.6	 1698.8	 0.056627	 0.025670	 0.0259	 0.0350	 0.2478	 0.3096	 0.4080	 0.3268	PixelFly	L1.5-	160x 60	1.0216	0.1400	0.0600	20	0	 5	150	 200	200	    50
19/09/18 01:42:36	OT	ALPHERATZ      	 0.4515	 1.0030	 1817.9	 1656.5	 0.078565	 0.036942	 0.0316	 0.0272	 0.2036	 0.2489	 0.4965	 0.4065	PixelFly	L1.5-	160x 60	1.0216	0.1400	0.0600	20	0	 5	150	 200	200	    50
19/09/18 01:43:06	OT	ALPHERATZ      	 0.4754	 1.0031	 1867.2	 1630.2	 0.090151	 0.037739	 0.0469	 0.0435	 0.1875	 0.2458	 0.5391	 0.4117	PixelFly	L1.5-	160x 60	1.0216	0.1400	0.0600	20	0	 5	150	 200	200	    50
19/09/18 01:43:36	OT	ALPHERATZ      	 0.4303	 1.0033	 1817.7	 1646.7	 0.062294	 0.040393	 0.0349	 0.0341	 0.2341	 0.2360	 0.4319	 0.4288	PixelFly	L1.5-	160x 60	1.0216	0.1400	0.0600	20	0	 5	150	 200	200	     0
19/09/18 01:44:06	OT	ALPHERATZ      	 0.3818	 1.0034	 1809.4	 1645.1	 0.055611	 0.030217	 0.0330	 0.0330	 0.2506	 0.2809	 0.4034	 0.3602	PixelFly	L1.5-	160x 60	1.0216	0.1400	0.0600	20	0	 5	150	 200	200	     0
19/09/18 01:44:36	OT	ALPHERATZ      	 0.3846	 1.0036	 1855.7	 1665.1	 0.061082	 0.027785	 0.0290	 0.0302	 0.2369	 0.2954	 0.4267	 0.3425	PixelFly	L1.5-	160x 60	1.0216	0.1400	0.0600	20	0	 5	150	 200	200	    50
19/09/18 01:45:06	OT	ALPHERATZ      	 0.3685	 1.0038	 1872.6	 1657.1	 0.057911	 0.025295	 0.0421	 0.0411	 0.2446	 0.3126	 0.4133	 0.3237	PixelFly	L1.5-	160x 60	1.0216	0.1400	0.0600	20	0	 5	150	 200	200	    50
19/09/18 01:45:36	OT	ALPHERATZ      	 0.4085	 1.0039	 1838.6	 1673.7	 0.064401	 0.032550	 0.0368	 0.0366	 0.2295	 0.2687	 0.4404	 0.3765	PixelFly	L1.5-	160x 60	1.0216	0.1400	0.0600	20	0	 5	150	 200	200	     0
19/09/18 01:46:06	OT	ALPHERATZ      	 0.4041	 1.0041	 1803.1	 1670.0	 0.068430	 0.029023	 0.0257	 0.0280	 0.2213	 0.2879	 0.4567	 0.3515	PixelFly	L1.5-	160x 60	1.0216	0.1400	0.0600	20	0	 5	150	 200	200	    50
19/09/18 01:46:36	OT	ALPHERATZ      	 0.4364	 1.0043	 1802.9	 1679.6	 0.070336	 0.037290	 0.0313	 0.0316	 0.2178	 0.2477	 0.4642	 0.4085	PixelFly	L1.5-	160x 60	1.0216	0.1400	0.0600	20	0	 5	150	 200	200	     0
19/09/18 01:47:06	OT	ALPHERATZ      	 0.4391	 1.0045	 1820.8	 1631.6	 0.067189	 0.040102	 0.0309	 0.0175	 0.2238	 0.2372	 0.4516	 0.4266	PixelFly	L1.5-	160x 60	1.0216	0.1400	0.0600	20	0	 5	150	 200	200	     0
19/09/18 01:47:36	OT	ALPHERATZ      	 0.4580	 1.0046	 1878.6	 1703.4	 0.080595	 0.037900	 0.0323	 0.0314	 0.2007	 0.2454	 0.5036	 0.4124	PixelFly	L1.5-	160x 60	1.0216	0.1400	0.0600	20	0	 5	150	 200	200	    50
19/09/18 01:48:06	OT	ALPHERATZ      	 0.5104	 1.0048	 1821.3	 1667.2	 0.093677	 0.047067	 0.0272	 0.0283	 0.1834	 0.2155	 0.5511	 0.4696	PixelFly	L1.5-	160x 60	1.0216	0.1400	0.0600	20	0	 5	150	 200	200	     0
19/09/18 01:48:36	OT	ALPHERATZ      	 0.4171	 1.0050	 1842.0	 1699.7	 0.066999	 0.033594	 0.0336	 0.0268	 0.2243	 0.2638	 0.4507	 0.3835	PixelFly	L1.5-	160x 60	1.0216	0.1400	0.0600	20	0	 5	150	 200	200	     0
19/09/18 01:49:06	OT	ALPHERATZ      	 0.4119	 1.0052	 1800.5	 1723.9	 0.067089	 0.032049	 0.0334	 0.0267	 0.2241	 0.2714	 0.4510	 0.3728	PixelFly	L1.5-	160x 60	1.0216	0.1400	0.0600	20	0	 5	150	 200	200	    50
19/09/18 01:49:36	OT	ALPHERATZ      	 0.3950	 1.0054	 1847.4	 1661.8	 0.063420	 0.029406	 0.0325	 0.0309	 0.2319	 0.2858	 0.4360	 0.3540	PixelFly	L1.5-	160x 60	1.0216	0.1400	0.0600	20	0	 5	150	 200	200	    50
19/09/18 01:50:06	OT	ALPHERATZ      	 0.3926	 1.0056	 1807.9	 1684.8	 0.061649	 0.029768	 0.0257	 0.0274	 0.2359	 0.2838	 0.4286	 0.3565	PixelFly	L1.5-	160x 60	1.0216	0.1400	0.0600	20	0	 5	150	 200	200	    50
19/09/18 01:50:36	OT	ALPHERATZ      	 0.4645	 1.0058	 1832.0	 1676.7	 0.080950	 0.039816	 0.0584	 0.0568	 0.2003	 0.2384	 0.5046	 0.4245	PixelFly	L1.5-	160x 60	1.0216	0.1400	0.0600	20	0	 5	150	 200	200	     0
19/09/18 01:51:06	OT	ALPHERATZ      	 0.4968	 1.0060	 1867.2	 1643.7	 0.099479	 0.039547	 0.0579	 0.0531	 0.1770	 0.2394	 0.5710	 0.4227	PixelFly	L1.5-	160x 60	1.0216	0.1400	0.0600	20	0	 5	150	 200	200	    50
19/09/18 01:51:36	OT	ALPHERATZ      	 0.4975	 1.0062	 1842.9	 1646.1	 0.091154	 0.044426	 0.0570	 0.0555	 0.1866	 0.2233	 0.5417	 0.4532	PixelFly	L1.5-	160x 60	1.0216	0.1400	0.0600	20	0	 5	150	 200	200	     0
19/09/18 01:52:06	OT	ALPHERATZ      	 0.4635	 1.0065	 1864.3	 1628.0	 0.079468	 0.040432	 0.0517	 0.0600	 0.2026	 0.2363	 0.4989	 0.4282	PixelFly	L1.5-	160x 60	1.0216	0.1400	0.0600	20	0	 5	150	 200	200	     0
19/09/18 01:52:36	OT	ALPHERATZ      	 0.5017	 1.0067	 1889.6	 1644.5	 0.090213	 0.046436	 0.0524	 0.0497	 0.1878	 0.2175	 0.5382	 0.4653	PixelFly	L1.5-	160x 60	1.0216	0.1400	0.0600	20	0	 5	150	 200	200	     0
19/09/18 01:53:06	OT	ALPHERATZ      	 0.4717	 1.0069	 1923.6	 1655.7	 0.082332	 0.041358	 0.0457	 0.0602	 0.1984	 0.2332	 0.5094	 0.4340	PixelFly	L1.5-	160x 60	1.0216	0.1400	0.0600	20	0	 5	150	 200	200	     0
19/09/18 01:53:36	OT	ALPHERATZ      	 0.4850	 1.0071	 1828.9	 1701.2	 0.082744	 0.045442	 0.0392	 0.0424	 0.1979	 0.2204	 0.5109	 0.4591	PixelFly	L1.5-	160x 60	1.0216	0.1400	0.0600	20	0	 5	150	 200	200	     0
19/09/18 01:54:06	OT	ALPHERATZ      	 0.4016	 1.0074	 1866.2	 1690.0	 0.059807	 0.033570	 0.0453	 0.0342	 0.2404	 0.2643	 0.4204	 0.3828	PixelFly	L1.5-	160x 60	1.0216	0.1400	0.0600	20	0	 5	150	 200	200	     0
19/09/18 01:54:36	OT	ALPHERATZ      	 0.4558	 1.0076	 1871.6	 1692.3	 0.075691	 0.040349	 0.0425	 0.0389	 0.2088	 0.2367	 0.4842	 0.4274	PixelFly	L1.5-	160x 60	1.0216	0.1400	0.0600	20	0	 5	150	 200	200	     0
19/09/18 01:55:06	OT	ALPHERATZ      	 0.4541	 1.0078	 1862.9	 1611.1	 0.087521	 0.033190	 0.0421	 0.0381	 0.1914	 0.2662	 0.5282	 0.3801	PixelFly	L1.5-	160x 60	1.0216	0.1400	0.0600	20	0	 5	150	 200	200	    50
19/09/18 01:55:36	OT	ALPHERATZ      	 0.5574	 1.0081	 1845.8	 1651.3	 0.098368	 0.061153	 0.0388	 0.0538	 0.1785	 0.1845	 0.5664	 0.5484	PixelFly	L1.5-	160x 60	1.0216	0.1400	0.0600	20	0	 5	150	 200	200	     0
19/09/18 01:56:06	OT	ALPHERATZ      	 0.5083	 1.0083	 1854.6	 1683.1	 0.091020	 0.048324	 0.0359	 0.0370	 0.1870	 0.2125	 0.5406	 0.4761	PixelFly	L1.5-	160x 60	1.0216	0.1400	0.0600	20	0	 5	150	 200	200	     0
19/09/18 01:56:36	OT	ALPHERATZ      	 0.5406	 1.0086	 1838.4	 1673.1	 0.094064	 0.057807	 0.0398	 0.0376	 0.1834	 0.1909	 0.5513	 0.5300	PixelFly	L1.5-	160x 60	1.0216	0.1400	0.0600	20	0	 5	150	 200	200	     0
19/09/18 01:57:06	OT	ALPHERATZ      	 0.6480	 1.0088	 1805.1	 1664.7	 0.127015	 0.078354	 0.0376	 0.0408	 0.1532	 0.1591	 0.6600	 0.6360	PixelFly	L1.5-	160x 60	1.0216	0.1400	0.0600	20	0	 5	150	 200	200	     0
19/09/18 01:57:36	OT	ALPHERATZ      	 0.5935	 1.0091	 1862.9	 1689.0	 0.101571	 0.073077	 0.0399	 0.0411	 0.1752	 0.1659	 0.5771	 0.6099	PixelFly	L1.5-	160x 60	1.0216	0.1400	0.0600	20	0	 5	150	 200	200	     0
19/09/18 01:58:06	OT	ALPHERATZ      	 0.7013	 1.0093	 1830.1	 1660.2	 0.141800	 0.091473	 0.0435	 0.0375	 0.1434	 0.1450	 0.7049	 0.6977	PixelFly	L1.5-	160x 60	1.0216	0.1400	0.0600	20	0	 5	150	 200	200	     0
19/09/18 01:58:36	OT	ALPHERATZ      	 0.7061	 1.0096	 1814.7	 1667.8	 0.137268	 0.096636	 0.0408	 0.0404	 0.1463	 0.1403	 0.6912	 0.7210	PixelFly	L1.5-	160x 60	1.0216	0.1400	0.0600	20	0	 5	150	 200	200	     0
19/09/18 01:59:06	OT	ALPHERATZ      	 0.5580	 1.0099	 1767.0	 1667.3	 0.108140	 0.055543	 0.0563	 0.0429	 0.1688	 0.1957	 0.5989	 0.5171	PixelFly	L1.5-	160x 60	1.0216	0.1400	0.0600	20	0	 5	150	 200	200	     0
19/09/18 01:59:36	OT	ALPHERATZ      	 0.5849	 1.0102	 1794.4	 1661.5	 0.112971	 0.062536	 0.0565	 0.0691	 0.1644	 0.1823	 0.6147	 0.5551	PixelFly	L1.5-	160x 60	1.0216	0.1400	0.0600	20	0	 5	150	 200	200	     0
19/09/18 02:00:06	OT	ALPHERATZ      	 0.5244	 1.0104	 1827.0	 1678.1	 0.091446	 0.053843	 0.0639	 0.0466	 0.1867	 0.1994	 0.5414	 0.5073	PixelFly	L1.5-	160x 60	1.0216	0.1400	0.0600	20	0	 5	150	 200	200	     0
19/09/18 02:00:36	OT	ALPHERATZ      	 0.7320	 1.0107	 1886.7	 1702.3	 0.151243	 0.099208	 0.0690	 0.0635	 0.1381	 0.1382	 0.7321	 0.7319	PixelFly	L1.5-	160x 60	1.0216	0.1400	0.0600	20	0	 5	150	 200	200	     0
19/09/18 02:01:06	OT	ALPHERATZ      	 0.6844	 1.0110	 1809.9	 1660.3	 0.163227	 0.071760	 0.0541	 0.0576	 0.1319	 0.1679	 0.7662	 0.6026	PixelFly	L1.5-	160x 60	1.0216	0.1400	0.0600	20	0	 5	150	 200	200	    50
19/09/18 02:01:36	OT	ALPHERATZ      	 0.6669	 1.0113	 1822.2	 1634.6	 0.133101	 0.082686	 0.0404	 0.0397	 0.1491	 0.1543	 0.6778	 0.6559	PixelFly	L1.5-	160x 60	1.0216	0.1400	0.0600	20	0	 5	150	 200	200	     0
19/09/18 02:02:06	OT	ALPHERATZ      	 0.5844	 1.0116	 1828.3	 1646.8	 0.100280	 0.070676	 0.0290	 0.0285	 0.1768	 0.1695	 0.5718	 0.5969	PixelFly	L1.5-	160x 60	1.0216	0.1400	0.0600	20	0	 5	150	 200	200	     0
19/09/18 02:02:36	OT	ALPHERATZ      	 0.6514	 1.0119	 1843.3	 1679.3	 0.141909	 0.071055	 0.0359	 0.0309	 0.1436	 0.1690	 0.7042	 0.5987	PixelFly	L1.5-	160x 60	1.0216	0.1400	0.0600	20	0	 5	150	 200	200	     0
19/09/18 02:03:06	OT	ALPHERATZ      	 0.8016	 1.0122	 1795.8	 1668.9	 0.199236	 0.101249	 0.0386	 0.0368	 0.1171	 0.1367	 0.8630	 0.7403	PixelFly	L1.5-	160x 60	1.0216	0.1400	0.0600	20	0	 5	150	 200	200	     0
19/09/18 02:03:36	OT	ALPHERATZ      	 0.7188	 1.0125	 1798.2	 1634.6	 0.154959	 0.091292	 0.0302	 0.0314	 0.1362	 0.1455	 0.7421	 0.6956	PixelFly	L1.5-	160x 60	1.0216	0.1400	0.0600	20	0	 5	150	 200	200	     0
19/09/18 02:04:06	OT	ALPHERATZ      	 0.8205	 1.0128	 1846.1	 1659.4	 0.199388	 0.110052	 0.0378	 0.0383	 0.1171	 0.1301	 0.8631	 0.7780	PixelFly	L1.5-	160x 60	1.0216	0.1400	0.0600	20	0	 5	150	 200	200	     0
19/09/18 02:04:36	OT	ALPHERATZ      	 0.7118	 1.0131	 1832.7	 1676.9	 0.150187	 0.091356	 0.0419	 0.0401	 0.1389	 0.1455	 0.7280	 0.6956	PixelFly	L1.5-	160x 60	1.0216	0.1400	0.0600	20	0	 5	150	 200	199	     0
19/09/18 02:05:06	OT	ALPHERATZ      	 0.7990	 1.0134	 1835.3	 1679.7	 0.184885	 0.109048	 0.0325	 0.0319	 0.1226	 0.1308	 0.8245	 0.7734	PixelFly	L1.5-	160x 60	1.0216	0.1400	0.0600	20	0	 5	150	 200	200	     0
19/09/18 02:05:36	OT	ALPHERATZ      	 0.9547	 1.0137	 1816.2	 1651.9	 0.241645	 0.151378	 0.0332	 0.0321	 0.1044	 0.1075	 0.9680	 0.9415	PixelFly	L1.5-	160x 60	1.0216	0.1400	0.0600	20	0	 5	150	 200	199	     0
19/09/18 02:06:06	OT	ALPHERATZ      	 0.9531	 1.0141	 1844.0	 1664.6	 0.201721	 0.178111	 0.0373	 0.0277	 0.1164	 0.0975	 0.8685	 1.0378	PixelFly	L1.5-	160x 60	1.0216	0.1400	0.0600	20	0	 5	150	 200	200	     0
19/09/18 02:06:36	OT	ALPHERATZ      	 1.2037	 1.0144	 1800.7	 1682.4	 0.332187	 0.238505	 0.0410	 0.0358	 0.0863	 0.0818	 1.1712	 1.2362	PixelFly	L1.5-	160x 60	1.0216	0.1400	0.0600	20	0	 5	150	 200	198	     0
19/09/18 02:07:06	OT	ALPHERATZ      	 0.7297	 1.0147	 1821.2	 1685.6	 0.168912	 0.087882	 0.0340	 0.0250	 0.1295	 0.1490	 0.7804	 0.6790	PixelFly	L1.5-	160x 60	1.0216	0.1400	0.0600	20	0	 5	150	 200	200	     0
19/09/18 02:07:36	OT	ALPHERATZ      	 0.6728	 1.0151	 1840.1	 1659.9	 0.135812	 0.084084	 0.0336	 0.0392	 0.1477	 0.1531	 0.6846	 0.6611	PixelFly	L1.5-	160x 60	1.0216	0.1400	0.0600	20	0	 5	150	 200	200	     0
19/09/18 02:08:06	OT	ALPHERATZ      	 0.6192	 1.0154	 1844.2	 1678.1	 0.117230	 0.073938	 0.0331	 0.0326	 0.1613	 0.1654	 0.6266	 0.6119	PixelFly	L1.5-	160x 60	1.0216	0.1400	0.0600	20	0	 5	150	 200	200	     0
19/09/18 02:08:36	OT	ALPHERATZ      	 0.6271	 1.0157	 1825.9	 1727.1	 0.123660	 0.073043	 0.0242	 0.0283	 0.1563	 0.1666	 0.6469	 0.6073	PixelFly	L1.5-	160x 60	1.0216	0.1400	0.0600	20	0	 5	150	 200	200	     0
19/09/18 02:09:06	OT	ALPHERATZ      	 0.5659	 1.0161	 1844.6	 1693.9	 0.099638	 0.064548	 0.0373	 0.0299	 0.1779	 0.1795	 0.5681	 0.5638	PixelFly	L1.5-	160x 60	1.0216	0.1400	0.0600	20	0	 5	150	 200	200	     0
19/09/18 02:09:36	OT	ALPHERATZ      	 0.5796	 1.0164	 1839.2	 1683.7	 0.110634	 0.062775	 0.0247	 0.0250	 0.1671	 0.1825	 0.6048	 0.5543	PixelFly	L1.5-	160x 60	1.0216	0.1400	0.0600	20	0	 5	150	 200	200	     0
19/09/18 02:10:06	OT	ALPHERATZ      	 0.6175	 1.0168	 1839.8	 1691.2	 0.139099	 0.060358	 0.0286	 0.0324	 0.1457	 0.1869	 0.6937	 0.5413	PixelFly	L1.5-	160x 60	1.0216	0.1400	0.0600	20	0	 5	150	 200	200	    50
19/09/18 02:10:36	OT	ALPHERATZ      	 0.6187	 1.0172	 1847.7	 1634.1	 0.114022	 0.076095	 0.0340	 0.0304	 0.1642	 0.1627	 0.6156	 0.6219	PixelFly	L1.5-	160x 60	1.0216	0.1400	0.0600	20	0	 5	150	 200	200	     0
19/09/18 02:11:06	OT	ALPHERATZ      	 0.6392	 1.0175	 1845.2	 1640.9	 0.123004	 0.078675	 0.0280	 0.0356	 0.1569	 0.1595	 0.6441	 0.6343	PixelFly	L1.5-	160x 60	1.0216	0.1400	0.0600	20	0	 5	150	 200	200	     0
19/09/18 02:11:36	OT	ALPHERATZ      	 0.7719	 1.0179	 1833.8	 1676.4	 0.188510	 0.095380	 0.0498	 0.0525	 0.1215	 0.1421	 0.8320	 0.7118	PixelFly	L1.5-	160x 60	1.0216	0.1400	0.0600	20	0	 5	150	 200	199	     0
19/09/18 02:12:06	OT	ALPHERATZ      	 0.7419	 1.0183	 1813.6	 1651.8	 0.172875	 0.091491	 0.0457	 0.0514	 0.1280	 0.1458	 0.7897	 0.6941	PixelFly	L1.5-	160x 60	1.0216	0.1400	0.0600	20	0	 5	150	 200	200	     0
19/09/18 02:12:36	OT	ALPHERATZ      	 0.7833	 1.0186	 1832.7	 1663.1	 0.174823	 0.109236	 0.0307	 0.0318	 0.1272	 0.1311	 0.7949	 0.7718	PixelFly	L1.5-	160x 60	1.0216	0.1400	0.0600	20	0	 5	150	 200	200	     0
19/09/18 02:13:06	OT	ALPHERATZ      	 0.7769	 1.0190	 1833.1	 1638.9	 0.176940	 0.104937	 0.0297	 0.0349	 0.1263	 0.1343	 0.8004	 0.7533	PixelFly	L1.5-	160x 60	1.0216	0.1400	0.0600	20	0	 5	150	 200	200	     0
19/09/18 02:13:36	OT	ALPHERATZ      	 0.8000	 1.0194	 1796.0	 1716.9	 0.185134	 0.110702	 0.0355	 0.0323	 0.1229	 0.1301	 0.8223	 0.7777	PixelFly	L1.5-	160x 60	1.0216	0.1400	0.0600	20	0	 5	150	 200	200	     0
19/09/18 02:14:06	OT	ALPHERATZ      	 0.8377	 1.0198	 1828.1	 1643.5	 0.209753	 0.113546	 0.0367	 0.0316	 0.1141	 0.1282	 0.8861	 0.7894	PixelFly	L1.5-	160x 60	1.0216	0.1400	0.0600	20	0	 5	150	 200	199	     0
19/09/18 02:14:36	OT	ALPHERATZ      	 0.7060	 1.0202	 1852.2	 1652.5	 0.142513	 0.095072	 0.0319	 0.0371	 0.1439	 0.1426	 0.7025	 0.7095	PixelFly	L1.5-	160x 60	1.0216	0.1400	0.0600	20	0	 5	150	 200	200	     0
19/09/18 02:15:06	OT	ALPHERATZ      	 0.8070	 1.0206	 1799.2	 1636.1	 0.184547	 0.114671	 0.0342	 0.0361	 0.1233	 0.1275	 0.8202	 0.7938	PixelFly	L1.5-	160x 60	1.0216	0.1400	0.0600	20	0	 5	150	 200	199	     0
19/09/18 02:15:36	OT	ALPHERATZ      	 0.6901	 1.0210	 1832.7	 1636.3	 0.138474	 0.090844	 0.0401	 0.0335	 0.1465	 0.1466	 0.6902	 0.6901	PixelFly	L1.5-	160x 60	1.0216	0.1400	0.0600	20	0	 5	150	 200	200	     0
19/09/18 02:16:06	OT	ALPHERATZ      	 0.8443	 1.0214	 1834.3	 1665.8	 0.189866	 0.129833	 0.0356	 0.0421	 0.1212	 0.1184	 0.8339	 0.8547	PixelFly	L1.5-	160x 60	1.0216	0.1400	0.0600	20	0	 5	150	 200	198	     0
19/09/18 02:16:36	OT	ALPHERATZ      	 0.6551	 1.0218	 1791.9	 1683.9	 0.128501	 0.082437	 0.0405	 0.0372	 0.1533	 0.1555	 0.6596	 0.6507	PixelFly	L1.5-	160x 60	1.0216	0.1400	0.0600	20	0	 5	150	 200	200	     0
19/09/18 02:17:06	OT	ALPHERATZ      	 0.6745	 1.0222	 1834.7	 1668.9	 0.139299	 0.083763	 0.0473	 0.0387	 0.1461	 0.1541	 0.6921	 0.6568	PixelFly	L1.5-	160x 60	1.0216	0.1400	0.0600	20	0	 5	150	 200	200	     0
19/09/18 02:17:36	OT	ALPHERATZ      	 0.7183	 1.0226	 1851.8	 1679.4	 0.152798	 0.094308	 0.0288	 0.0326	 0.1382	 0.1435	 0.7315	 0.7051	PixelFly	L1.5-	160x 60	1.0216	0.1400	0.0600	20	0	 5	150	 200	200	     0
19/09/18 02:18:06	OT	ALPHERATZ      	 0.7645	 1.0230	 1831.3	 1630.1	 0.159205	 0.111537	 0.0298	 0.0343	 0.1349	 0.1298	 0.7495	 0.7795	PixelFly	L1.5-	160x 60	1.0216	0.1400	0.0600	20	0	 5	150	 200	200	     0
19/09/18 02:18:36	OT	ALPHERATZ      	 0.6782	 1.0235	 1818.2	 1654.7	 0.150332	 0.078723	 0.0336	 0.0366	 0.1396	 0.1600	 0.7240	 0.6323	PixelFly	L1.5-	160x 60	1.0216	0.1400	0.0600	20	0	 5	150	 200	200	     0
19/09/18 02:19:06	OT	ALPHERATZ      	 0.5413	 1.0239	 1852.0	 1618.5	 0.100669	 0.055682	 0.0296	 0.0301	 0.1776	 0.1970	 0.5690	 0.5136	PixelFly	L1.5-	160x 60	1.0216	0.1400	0.0600	20	0	 5	150	 200	200	     0
19/09/18 02:19:36	OT	ALPHERATZ      	 0.7551	 1.0243	 1837.7	 1722.2	 0.176804	 0.096178	 0.0285	 0.0322	 0.1267	 0.1420	 0.7976	 0.7127	PixelFly	L1.5-	160x 60	1.0216	0.1400	0.0600	20	0	 5	150	 200	200	     0
19/09/18 02:20:06	OT	ALPHERATZ      	 0.5885	 1.0247	 1804.1	 1676.3	 0.115172	 0.064454	 0.0329	 0.0315	 0.1640	 0.1806	 0.6166	 0.5604	PixelFly	L1.5-	160x 60	1.0216	0.1400	0.0600	20	0	 5	150	 200	200	     0
19/09/18 02:20:36	OT	ALPHERATZ      	 0.5646	 1.0252	 1792.0	 1665.3	 0.103919	 0.062456	 0.0310	 0.0276	 0.1744	 0.1840	 0.5795	 0.5498	PixelFly	L1.5-	160x 60	1.0216	0.1400	0.0600	20	0	 5	150	 200	200	     0
19/09/18 02:21:06	OT	ALPHERATZ      	 0.5307	 1.0256	 1821.5	 1663.5	 0.092496	 0.057159	 0.0236	 0.0384	 0.1871	 0.1941	 0.5403	 0.5212	PixelFly	L1.5-	160x 60	1.0216	0.1400	0.0600	20	0	 5	150	 200	200	     0
19/09/18 02:21:36	OT	ALPHERATZ      	 0.5415	 1.0261	 1818.6	 1664.5	 0.080603	 0.069464	 0.0327	 0.0293	 0.2033	 0.1728	 0.4973	 0.5857	PixelFly	L1.5-	160x 60	1.0216	0.1400	0.0600	20	0	 5	150	 200	200	     0
19/09/18 02:22:06	OT	ALPHERATZ      	 0.6257	 1.0265	 1824.2	 1647.5	 0.137551	 0.065703	 0.0361	 0.0323	 0.1475	 0.1787	 0.6852	 0.5663	PixelFly	L1.5-	160x 60	1.0216	0.1400	0.0600	20	0	 5	150	 200	200	    50
19/09/18 02:22:36	OT	ALPHERATZ      	 0.6217	 1.0270	 1796.2	 1624.5	 0.132461	 0.067172	 0.0405	 0.0405	 0.1510	 0.1764	 0.6697	 0.5737	PixelFly	L1.5-	160x 60	1.0216	0.1400	0.0600	20	0	 5	150	 200	200	     0
19/09/18 02:23:06	OT	ALPHERATZ      	 0.6609	 1.0275	 1806.4	 1664.6	 0.138403	 0.079492	 0.0422	 0.0370	 0.1471	 0.1595	 0.6873	 0.6345	PixelFly	L1.5-	160x 60	1.0216	0.1400	0.0600	20	0	 5	150	 200	200	     0
19/09/18 02:23:36	OT	ALPHERATZ      	 0.7258	 1.0279	 1826.1	 1653.0	 0.140559	 0.106965	 0.0309	 0.0336	 0.1458	 0.1335	 0.6936	 0.7580	PixelFly	L1.5-	160x 60	1.0216	0.1400	0.0600	20	0	 5	150	 200	200	     0
19/09/18 02:24:06	OT	ALPHERATZ      	 0.6538	 1.0284	 1833.5	 1721.6	 0.120134	 0.088544	 0.0353	 0.0374	 0.1602	 0.1495	 0.6310	 0.6766	PixelFly	L1.5-	160x 60	1.0216	0.1400	0.0600	20	0	 5	150	 200	200	     0
19/09/18 02:24:36	OT	ALPHERATZ      	 0.5476	 1.0289	 1785.9	 1686.5	 0.103939	 0.056544	 0.0365	 0.0366	 0.1748	 0.1958	 0.5784	 0.5168	PixelFly	L1.5-	160x 60	1.0216	0.1400	0.0600	20	0	 5	150	 200	200	     0
19/09/18 02:25:06	OT	ALPHERATZ      	 0.5332	 1.0293	 1811.6	 1671.3	 0.106854	 0.049775	 0.0295	 0.0379	 0.1720	 0.2114	 0.5879	 0.4786	PixelFly	L1.5-	160x 60	1.0216	0.1400	0.0600	20	0	 5	150	 200	200	    50
19/09/18 02:25:36	OT	ALPHERATZ      	 0.5901	 1.0298	 1801.4	 1692.9	 0.127831	 0.058251	 0.0367	 0.0297	 0.1545	 0.1924	 0.6544	 0.5258	PixelFly	L1.5-	160x 60	1.0216	0.1400	0.0600	20	0	 5	150	 200	200	    50
19/09/18 02:26:06	OT	ALPHERATZ      	 0.5359	 1.0303	 1836.9	 1669.7	 0.098025	 0.056082	 0.0326	 0.0305	 0.1812	 0.1969	 0.5579	 0.5138	PixelFly	L1.5-	160x 60	1.0216	0.1400	0.0600	20	0	 5	150	 200	200	     0
19/09/18 02:26:36	OT	ALPHERATZ      	 0.5552	 1.0308	 1831.8	 1672.0	 0.105323	 0.058728	 0.0366	 0.0397	 0.1736	 0.1916	 0.5823	 0.5281	PixelFly	L1.5-	160x 60	1.0216	0.1400	0.0600	20	0	 5	150	 200	200	     0
19/09/18 02:27:06	OT	ALPHERATZ      	 0.4966	 1.0313	 1772.9	 1651.4	 0.094525	 0.044613	 0.0294	 0.0330	 0.1853	 0.2260	 0.5456	 0.4477	PixelFly	L1.5-	160x 60	1.0216	0.1400	0.0600	20	0	 5	150	 200	200	    50
19/09/18 02:27:36	OT	ALPHERATZ      	 0.5018	 1.0318	 1817.8	 1660.6	 0.088103	 0.050250	 0.0276	 0.0253	 0.1933	 0.2105	 0.5229	 0.4807	PixelFly	L1.5-	160x 60	1.0216	0.1400	0.0600	20	0	 5	150	 200	200	     0
19/09/18 02:28:06	OT	ALPHERATZ      	 0.4549	 1.0323	 1814.8	 1667.3	 0.072392	 0.044255	 0.0265	 0.0230	 0.2176	 0.2272	 0.4646	 0.4453	PixelFly	L1.5-	160x 60	1.0216	0.1400	0.0600	20	0	 5	150	 200	200	     0
19/09/18 02:28:36	OT	ALPHERATZ      	 0.4580	 1.0328	 1840.1	 1653.4	 0.078919	 0.041273	 0.0243	 0.0266	 0.2067	 0.2370	 0.4891	 0.4269	PixelFly	L1.5-	160x 60	1.0216	0.1400	0.0600	20	0	 5	150	 200	200	     0
19/09/18 02:29:06	OT	ALPHERATZ      	 0.4085	 1.0333	 1834.7	 1684.6	 0.064716	 0.034453	 0.0212	 0.0221	 0.2329	 0.2642	 0.4341	 0.3829	PixelFly	L1.5-	160x 60	1.0216	0.1400	0.0600	20	0	 5	150	 200	200	     0
19/09/18 02:29:36	OT	ALPHERATZ      	 0.4813	 1.0338	 1830.0	 1666.8	 0.081179	 0.047716	 0.0260	 0.0212	 0.2033	 0.2174	 0.4972	 0.4654	PixelFly	L1.5-	160x 60	1.0216	0.1400	0.0600	20	0	 5	150	 200	200	     0
19/09/18 02:30:06	OT	ALPHERATZ      	 0.4579	 1.0344	 1829.8	 1637.2	 0.073145	 0.044936	 0.0241	 0.0211	 0.2165	 0.2254	 0.4669	 0.4488	PixelFly	L1.5-	160x 60	1.0216	0.1400	0.0600	20	0	 5	150	 200	200	     0
19/09/18 02:30:36	OT	ALPHERATZ      	 0.4982	 1.0349	 1805.0	 1678.5	 0.090111	 0.048102	 0.0182	 0.0209	 0.1911	 0.2165	 0.5290	 0.4674	PixelFly	L1.5-	160x 60	1.0216	0.1400	0.0600	20	0	 5	150	 200	200	     0
19/09/18 02:31:06	OT	ALPHERATZ      	 0.5483	 1.0354	 1890.4	 1684.4	 0.097385	 0.061681	 0.0222	 0.0222	 0.1824	 0.1865	 0.5541	 0.5424	PixelFly	L1.5-	160x 60	1.0216	0.1400	0.0600	20	0	 5	150	 200	200	     0
19/09/18 02:31:36	OT	ALPHERATZ      	 0.5441	 1.0359	 1815.0	 1679.2	 0.087405	 0.066840	 0.0247	 0.0220	 0.1947	 0.1778	 0.5191	 0.5690	PixelFly	L1.5-	160x 60	1.0216	0.1400	0.0600	20	0	 5	150	 200	200	     0
19/09/18 02:32:06	OT	ALPHERATZ      	 0.4935	 1.0365	 1803.7	 1652.0	 0.081950	 0.051733	 0.0266	 0.0318	 0.2025	 0.2074	 0.4993	 0.4878	PixelFly	L1.5-	160x 60	1.0216	0.1400	0.0600	20	0	 5	150	 200	200	     0
19/09/18 02:32:36	OT	ALPHERATZ      	 0.6331	 1.0370	 1775.5	 1671.6	 0.137376	 0.070218	 0.0310	 0.0283	 0.1486	 0.1727	 0.6805	 0.5858	PixelFly	L1.5-	160x 60	1.0216	0.1400	0.0600	20	0	 5	150	 200	200	     0
19/09/18 02:33:06	OT	ALPHERATZ      	 0.6177	 1.0376	 1823.5	 1650.9	 0.129825	 0.068671	 0.0288	 0.0258	 0.1537	 0.1751	 0.6576	 0.5778	PixelFly	L1.5-	160x 60	1.0216	0.1400	0.0600	20	0	 5	150	 200	200	     0
19/09/18 02:33:36	OT	ALPHERATZ      	 0.5345	 1.0381	 1803.3	 1661.8	 0.096909	 0.057173	 0.0312	 0.0293	 0.1833	 0.1955	 0.5516	 0.5175	PixelFly	L1.5-	160x 60	1.0216	0.1400	0.0600	20	0	 5	150	 200	200	     0
19/09/18 02:34:06	OT	ALPHERATZ      	 0.4841	 1.0387	 1819.4	 1647.4	 0.090847	 0.043301	 0.0311	 0.0257	 0.1906	 0.2311	 0.5304	 0.4379	PixelFly	L1.5-	160x 60	1.0216	0.1400	0.0600	20	0	 5	150	 200	200	    50
19/09/18 02:34:36	OT	ALPHERATZ      	 0.5864	 1.0392	 1863.6	 1666.5	 0.125306	 0.059501	 0.0271	 0.0311	 0.1572	 0.1910	 0.6431	 0.5297	PixelFly	L1.5-	160x 60	1.0216	0.1400	0.0600	20	0	 5	150	 200	200	    50
19/09/18 02:35:06	OT	ALPHERATZ      	 0.4994	 1.0398	 1817.1	 1676.0	 0.096260	 0.045382	 0.0252	 0.0243	 0.1842	 0.2248	 0.5488	 0.4501	PixelFly	L1.5-	160x 60	1.0216	0.1400	0.0600	20	0	 5	150	 200	200	    50
19/09/18 02:35:36	OT	ALPHERATZ      	 0.5290	 1.0404	 1799.8	 1669.2	 0.093666	 0.057442	 0.0216	 0.0267	 0.1873	 0.1952	 0.5397	 0.5183	PixelFly	L1.5-	160x 60	1.0216	0.1400	0.0600	20	0	 5	150	 200	199	     0
19/09/18 02:36:06	OT	ALPHERATZ      	 0.5545	 1.0409	 1803.6	 1669.3	 0.107848	 0.058119	 0.0240	 0.0254	 0.1722	 0.1939	 0.5872	 0.5217	PixelFly	L1.5-	160x 60	1.0216	0.1400	0.0600	20	0	 5	150	 200	200	     0
19/09/18 02:36:36	OT	ALPHERATZ      	 0.5494	 1.0415	 1828.2	 1668.4	 0.099881	 0.061229	 0.0291	 0.0274	 0.1803	 0.1880	 0.5606	 0.5381	PixelFly	L1.5-	160x 60	1.0216	0.1400	0.0600	20	0	 5	150	 200	200	     0
19/09/18 02:37:06	OT	ALPHERATZ      	 0.6150	 1.0421	 1814.6	 1691.9	 0.103480	 0.085585	 0.0290	 0.0316	 0.1766	 0.1538	 0.5724	 0.6577	PixelFly	L1.5-	160x 60	1.0216	0.1400	0.0600	20	0	 5	150	 200	200	     0
19/09/18 02:37:36	OT	ALPHERATZ      	 0.6405	 1.0427	 1811.7	 1653.1	 0.128555	 0.079565	 0.0289	 0.0248	 0.1551	 0.1608	 0.6518	 0.6293	PixelFly	L1.5-	160x 60	1.0216	0.1400	0.0600	20	0	 5	150	 200	199	     0
19/09/18 02:38:06	OT	ALPHERATZ      	 0.6636	 1.0433	 1807.2	 1657.6	 0.132258	 0.087147	 0.0233	 0.0273	 0.1525	 0.1523	 0.6628	 0.6644	PixelFly	L1.5-	160x 60	1.0216	0.1400	0.0600	20	0	 5	150	 200	199	     0
19/09/18 02:38:36	OT	ALPHERATZ      	 0.6571	 1.0439	 1802.5	 1629.7	 0.125627	 0.088817	 0.0321	 0.0250	 0.1574	 0.1506	 0.6424	 0.6718	PixelFly	L1.5-	160x 60	1.0216	0.1400	0.0600	20	0	 5	150	 200	198	     0
19/09/18 02:39:06	OT	ALPHERATZ      	 0.5595	 1.0445	 1809.1	 1663.4	 0.108072	 0.060302	 0.0317	 0.0286	 0.1723	 0.1901	 0.5867	 0.5323	PixelFly	L1.5-	160x 60	1.0216	0.1400	0.0600	20	0	 5	150	 200	200	     0
19/09/18 02:39:36	OT	ALPHERATZ      	 0.5748	 1.0451	 1861.2	 1699.7	 0.105428	 0.067981	 0.0278	 0.0339	 0.1749	 0.1769	 0.5779	 0.5718	PixelFly	L1.5-	160x 60	1.0216	0.1400	0.0600	20	0	 5	150	 200	199	     0
19/09/18 02:40:06	OT	ALPHERATZ      	 0.7155	 1.0457	 1795.7	 1663.5	 0.158516	 0.093759	 0.0286	 0.0324	 0.1370	 0.1460	 0.7378	 0.6932	PixelFly	L1.5-	160x 60	1.0216	0.1400	0.0600	20	0	 5	150	 200	199	     0
19/09/18 02:40:36	OT	ALPHERATZ      	 0.6263	 1.0463	 1776.2	 1698.9	 0.142523	 0.065840	 0.0378	 0.0444	 0.1461	 0.1805	 0.6920	 0.5606	PixelFly	L1.5-	160x 60	1.0216	0.1400	0.0600	20	0	 5	150	 200	200	    50
19/09/18 02:41:06	OT	ALPHERATZ      	 0.6520	 1.0469	 1845.2	 1664.5	 0.126142	 0.086728	 0.0325	 0.0351	 0.1572	 0.1530	 0.6429	 0.6611	PixelFly	L1.5-	160x 60	1.0216	0.1400	0.0600	20	0	 5	150	 200	199	     0
19/09/18 02:41:36	OT	ALPHERATZ      	 0.7102	 1.0475	 1798.8	 1683.1	 0.154062	 0.094531	 0.0351	 0.0334	 0.1395	 0.1454	 0.7245	 0.6959	PixelFly	L1.5-	160x 60	1.0216	0.1400	0.0600	20	0	 5	150	 200	199	     0
19/09/18 02:42:06	OT	ALPHERATZ      	 0.7106	 1.0482	 1806.9	 1692.3	 0.161794	 0.089991	 0.0398	 0.0387	 0.1355	 0.1498	 0.7459	 0.6754	PixelFly	L1.5-	160x 60	1.0216	0.1400	0.0600	20	0	 5	150	 200	200	     0
19/09/18 02:42:36	OT	ALPHERATZ      	 0.7236	 1.0488	 1833.2	 1659.8	 0.156872	 0.099081	 0.0409	 0.0502	 0.1381	 0.1414	 0.7319	 0.7153	PixelFly	L1.5-	160x 60	1.0216	0.1400	0.0600	20	0	 5	150	 200	200	     0
19/09/18 02:43:06	OT	ALPHERATZ      	 0.7445	 1.0494	 1867.2	 1685.5	 0.171706	 0.099458	 0.0530	 0.0401	 0.1309	 0.1412	 0.7724	 0.7167	PixelFly	L1.5-	160x 60	1.0216	0.1400	0.0600	20	0	 5	150	 200	199	     0
19/09/18 02:43:36	OT	ALPHERATZ      	 0.7428	 1.0501	 1816.7	 1621.4	 0.167064	 0.101713	 0.0433	 0.0417	 0.1331	 0.1393	 0.7595	 0.7261	PixelFly	L1.5-	160x 60	1.0216	0.1400	0.0600	20	0	 5	150	 200	199	     0
19/09/18 02:44:06	OT	ALPHERATZ      	 0.6529	 1.0507	 1810.1	 1680.2	 0.126494	 0.087509	 0.0370	 0.0397	 0.1573	 0.1526	 0.6425	 0.6632	PixelFly	L1.5-	160x 60	1.0216	0.1400	0.0600	20	0	 5	150	 200	200	     0
19/09/18 02:44:36	OT	ALPHERATZ      	 0.7619	 1.0514	 1839.2	 1643.7	 0.183031	 0.100887	 0.0489	 0.0430	 0.1261	 0.1401	 0.8017	 0.7221	PixelFly	L1.5-	160x 60	1.0216	0.1400	0.0600	20	0	 5	150	 200	200	     0
19/09/18 02:45:06	OT	ALPHERATZ      	 0.6615	 1.0520	 1756.0	 1613.7	 0.149044	 0.077172	 0.0376	 0.0438	 0.1427	 0.1646	 0.7085	 0.6146	PixelFly	L1.5-	160x 60	1.0216	0.1400	0.0600	20	0	 5	150	 200	200	     0
19/09/18 02:45:36	OT	ALPHERATZ      	 0.6846	 1.0527	 1833.3	 1677.9	 0.167973	 0.075930	 0.0449	 0.0400	 0.1329	 0.1663	 0.7609	 0.6084	PixelFly	L1.5-	160x 60	1.0216	0.1400	0.0600	20	0	 5	150	 200	200	    50
19/09/18 02:46:06	OT	ALPHERATZ      	 0.6844	 1.0533	 1830.3	 1656.8	 0.159888	 0.080616	 0.0407	 0.0382	 0.1369	 0.1605	 0.7384	 0.6304	PixelFly	L1.5-	160x 60	1.0216	0.1400	0.0600	20	0	 5	150	 200	200	     0
19/09/18 02:46:36	OT	ALPHERATZ      	 0.7261	 1.0540	 1761.8	 1646.4	 0.175322	 0.089762	 0.0361	 0.0343	 0.1296	 0.1505	 0.7801	 0.6722	PixelFly	L1.5-	160x 60	1.0216	0.1400	0.0600	20	0	 5	150	 200	200	     0
19/09/18 02:47:06	OT	ALPHERATZ      	 0.6849	 1.0547	 1813.5	 1711.9	 0.149688	 0.087257	 0.0409	 0.0441	 0.1425	 0.1532	 0.7092	 0.6606	PixelFly	L1.5-	160x 60	1.0216	0.1400	0.0600	20	0	 5	150	 200	200	     0
19/09/18 02:47:36	OT	ALPHERATZ      	 0.6781	 1.0554	 1803.2	 1672.1	 0.148744	 0.084988	 0.0469	 0.0457	 0.1431	 0.1557	 0.7063	 0.6500	PixelFly	L1.5-	160x 60	1.0216	0.1400	0.0600	20	0	 5	150	 200	200	     0
19/09/18 02:48:06	OT	ALPHERATZ      	 0.7071	 1.0560	 1824.6	 1610.6	 0.175972	 0.081445	 0.0445	 0.0510	 0.1294	 0.1598	 0.7809	 0.6333	PixelFly	L1.5-	160x 60	1.0216	0.1400	0.0600	20	0	 5	150	 200	200	    50
19/09/18 02:48:36	OT	ALPHERATZ      	 0.7917	 1.0567	 1842.0	 1626.5	 0.181025	 0.117671	 0.0552	 0.0562	 0.1273	 0.1282	 0.7940	 0.7895	PixelFly	L1.5-	160x 60	1.0216	0.1400	0.0600	20	0	 5	150	 200	200	     0
19/09/18 02:49:06	OT	ALPHERATZ      	 0.7775	 1.0574	 1805.4	 1629.4	 0.193643	 0.103002	 0.0393	 0.0387	 0.1223	 0.1389	 0.8264	 0.7286	PixelFly	L1.5-	160x 60	1.0216	0.1400	0.0600	20	0	 5	150	 200	199	     0
19/09/18 02:49:36	OT	ALPHERATZ      	 0.7286	 1.0581	 1830.1	 1633.3	 0.158523	 0.102133	 0.0416	 0.0448	 0.1380	 0.1396	 0.7326	 0.7246	PixelFly	L1.5-	160x 60	1.0216	0.1400	0.0600	20	0	 5	150	 200	199	     0
19/09/18 02:50:06	OT	ALPHERATZ      	 0.7870	 1.0588	 1775.1	 1652.6	 0.189736	 0.110243	 0.0388	 0.0401	 0.1239	 0.1334	 0.8157	 0.7583	PixelFly	L1.5-	160x 60	1.0216	0.1400	0.0600	20	0	 5	150	 200	200	     0
19/09/18 02:50:36	OT	ALPHERATZ      	 0.6876	 1.0595	 1806.2	 1634.6	 0.164289	 0.080425	 0.0450	 0.0413	 0.1352	 0.1613	 0.7479	 0.6273	PixelFly	L1.5-	160x 60	1.0216	0.1400	0.0600	20	0	 5	150	 200	200	     0
19/09/18 02:51:06	OT	ALPHERATZ      	 0.7101	 1.0602	 1828.7	 1658.7	 0.152257	 0.097965	 0.0353	 0.0345	 0.1415	 0.1433	 0.7142	 0.7059	PixelFly	L1.5-	160x 60	1.0216	0.1400	0.0600	20	0	 5	150	 200	200	     0
19/09/18 02:51:36	OT	ALPHERATZ      	 0.7666	 1.0609	 1791.7	 1628.8	 0.161827	 0.118944	 0.0432	 0.0368	 0.1365	 0.1276	 0.7406	 0.7927	PixelFly	L1.5-	160x 60	1.0216	0.1400	0.0600	20	0	 5	150	 200	200	     0
19/09/18 02:52:06	OT	ALPHERATZ      	 0.7933	 1.0617	 1821.3	 1688.5	 0.218515	 0.096782	 0.0466	 0.0581	 0.1140	 0.1445	 0.8864	 0.7002	PixelFly	L1.5-	160x 60	1.0216	0.1400	0.0600	20	0	 5	150	 200	200	    50
19/09/18 02:52:36	OT	ALPHERATZ      	 0.9542	 1.0624	 1760.6	 1629.0	 0.280402	 0.141609	 0.0461	 0.0509	 0.0982	 0.1151	 1.0291	 0.8794	PixelFly	L1.5-	160x 60	1.0216	0.1400	0.0600	20	0	 5	150	 200	200	     0
19/09/18 02:53:06	OT	ALPHERATZ      	 0.7733	 1.0631	 1809.6	 1660.9	 0.217276	 0.088697	 0.0463	 0.0481	 0.1145	 0.1524	 0.8827	 0.6639	PixelFly	L1.5-	160x 60	1.0216	0.1400	0.0600	20	0	 5	150	 200	200	    50
19/09/18 02:53:36	OT	ALPHERATZ      	 0.7348	 1.0639	 1845.1	 1661.3	 0.151752	 0.110757	 0.0460	 0.0597	 0.1421	 0.1334	 0.7114	 0.7582	PixelFly	L1.5-	160x 60	1.0216	0.1400	0.0600	20	0	 5	150	 200	200	     0
19/09/18 02:54:06	OT	ALPHERATZ      	 0.9022	 1.0646	 1813.2	 1622.0	 0.234300	 0.142504	 0.0469	 0.0439	 0.1095	 0.1148	 0.9228	 0.8817	PixelFly	L1.5-	160x 60	1.0216	0.1400	0.0600	20	0	 5	150	 200	199	     0
19/09/18 02:54:36	OT	ALPHERATZ      	 0.8982	 1.0653	 1862.7	 1637.7	 0.219945	 0.149847	 0.0566	 0.0623	 0.1138	 0.1114	 0.8880	 0.9083	PixelFly	L1.5-	160x 60	1.0216	0.1400	0.0600	20	0	 5	150	 200	200	     0
19/09/18 02:55:06	OT	ALPHERATZ      	 0.7951	 1.0661	 1783.2	 1641.0	 0.192371	 0.114151	 0.0497	 0.0536	 0.1234	 0.1312	 0.8191	 0.7711	PixelFly	L1.5-	160x 60	1.0216	0.1400	0.0600	20	0	 5	150	 200	200	     0
19/09/18 02:55:36	OT	ALPHERATZ      	 0.7830	 1.0668	 1800.9	 1666.4	 0.193352	 0.107787	 0.0378	 0.0560	 0.1231	 0.1359	 0.8213	 0.7447	PixelFly	L1.5-	160x 60	1.0216	0.1400	0.0600	20	0	 5	150	 200	200	     0
19/09/18 02:56:06	OT	ALPHERATZ      	 0.7872	 1.0676	 1786.6	 1657.9	 0.206623	 0.101979	 0.0516	 0.0505	 0.1183	 0.1405	 0.8543	 0.7201	PixelFly	L1.5-	160x 60	1.0216	0.1400	0.0600	20	0	 5	150	 200	199	     0
19/09/18 02:56:36	OT	ALPHERATZ      	 0.6392	 1.0684	 1855.2	 1674.8	 0.128202	 0.083241	 0.0623	 0.0573	 0.1576	 0.1588	 0.6413	 0.6372	PixelFly	L1.5-	160x 60	1.0216	0.1400	0.0600	20	0	 5	150	 200	200	     0
19/09/18 02:57:06	OT	ALPHERATZ      	 0.6697	 1.0691	 1818.3	 1638.0	 0.142709	 0.087384	 0.0565	 0.0628	 0.1479	 0.1543	 0.6836	 0.6558	PixelFly	L1.5-	160x 60	1.0216	0.1400	0.0600	20	0	 5	150	 200	200	     0
19/09/18 02:57:36	OT	ALPHERATZ      	 0.7296	 1.0699	 1834.9	 1619.2	 0.164979	 0.100739	 0.0465	 0.0592	 0.1356	 0.1417	 0.7454	 0.7139	PixelFly	L1.5-	160x 60	1.0216	0.1400	0.0600	20	0	 5	150	 200	200	     0
19/09/18 02:58:06	OT	ALPHERATZ      	 0.7159	 1.0707	 1854.4	 1696.5	 0.156107	 0.100129	 0.0568	 0.0579	 0.1402	 0.1423	 0.7208	 0.7110	PixelFly	L1.5-	160x 60	1.0216	0.1400	0.0600	20	0	 5	150	 200	200	     0
19/09/18 02:58:36	OT	ALPHERATZ      	 0.7228	 1.0715	 1836.8	 1633.8	 0.167900	 0.095997	 0.0683	 0.0675	 0.1343	 0.1460	 0.7526	 0.6929	PixelFly	L1.5-	160x 60	1.0216	0.1400	0.0600	20	0	 5	150	 200	200	     0
19/09/18 02:59:06	OT	ALPHERATZ      	 0.6792	 1.0723	 1803.9	 1646.4	 0.163989	 0.079094	 0.0480	 0.0479	 0.1363	 0.1641	 0.7417	 0.6166	PixelFly	L1.5-	160x 60	1.0216	0.1400	0.0600	20	0	 5	150	 200	200	    50
19/09/18 02:59:36	OT	ALPHERATZ      	 0.6461	 1.0731	 1832.8	 1609.1	 0.144048	 0.076969	 0.0439	 0.0557	 0.1474	 0.1669	 0.6859	 0.6064	PixelFly	L1.5-	160x 60	1.0216	0.1400	0.0600	20	0	 5	150	 200	200	     0
19/09/18 03:00:06	OT	ALPHERATZ      	 0.6182	 1.0739	 1786.7	 1648.1	 0.120725	 0.079867	 0.0647	 0.0639	 0.1639	 0.1633	 0.6167	 0.6197	PixelFly	L1.5-	160x 60	1.0216	0.1400	0.0600	20	0	 5	150	 200	200	     0
19/09/18 03:00:36	OT	ALPHERATZ      	 0.6606	 1.0747	 1780.7	 1666.5	 0.131702	 0.091426	 0.0514	 0.0520	 0.1557	 0.1506	 0.6494	 0.6717	PixelFly	L1.5-	160x 60	1.0216	0.1400	0.0600	20	0	 5	150	 200	200	     0
19/09/18 03:01:06	OT	ALPHERATZ      	 0.6628	 1.0755	 1791.8	 1640.4	 0.164901	 0.072195	 0.0586	 0.0742	 0.1361	 0.1736	 0.7429	 0.5827	PixelFly	L1.5-	160x 60	1.0216	0.1400	0.0600	20	0	 5	150	 200	200	    50
19/09/18 03:01:36	OT	ALPHERATZ      	 0.7222	 1.0763	 1769.7	 1694.5	 0.159604	 0.101903	 0.0665	 0.0717	 0.1388	 0.1413	 0.7281	 0.7163	PixelFly	L1.5-	160x 60	1.0216	0.1400	0.0600	20	0	 5	150	 200	200	     0
19/09/18 03:02:06	OT	ALPHERATZ      	 0.6658	 1.0771	 1780.3	 1629.5	 0.148853	 0.083119	 0.0559	 0.0740	 0.1448	 0.1597	 0.6980	 0.6336	PixelFly	L1.5-	160x 60	1.0216	0.1400	0.0600	20	0	 5	150	 200	200	     0
19/09/18 03:02:36	OT	ALPHERATZ      	 0.7428	 1.0779	 1809.4	 1665.4	 0.166727	 0.107476	 0.0569	 0.0649	 0.1354	 0.1369	 0.7468	 0.7388	PixelFly	L1.5-	160x 60	1.0216	0.1400	0.0600	20	0	 5	150	 200	200	     0
19/09/18 03:03:06	OT	ALPHERATZ      	 0.9155	 1.0788	 1862.6	 1627.1	 0.266035	 0.133984	 0.0650	 0.0678	 0.1023	 0.1200	 0.9880	 0.8429	PixelFly	L1.5-	160x 60	1.0216	0.1400	0.0600	20	0	 5	150	 200	200	     0
19/09/18 03:03:36	OT	ALPHERATZ      	 0.7227	 1.0796	 1783.3	 1675.0	 0.166167	 0.098563	 0.0583	 0.0651	 0.1358	 0.1444	 0.7446	 0.7008	PixelFly	L1.5-	160x 60	1.0216	0.1400	0.0600	20	0	 5	150	 200	200	     0
19/09/18 03:04:06	OT	ALPHERATZ      	 0.8929	 1.0804	 1853.1	 1645.2	 0.231476	 0.143596	 0.0776	 0.0701	 0.1113	 0.1153	 0.9080	 0.8779	PixelFly	L1.5-	160x 60	1.0216	0.1400	0.0600	20	0	 5	150	 200	200	     0
19/09/18 03:04:36	OT	ALPHERATZ      	 0.7932	 1.0813	 1797.6	 1637.7	 0.195612	 0.114498	 0.0674	 0.0675	 0.1232	 0.1321	 0.8204	 0.7660	PixelFly	L1.5-	160x 60	1.0216	0.1400	0.0600	20	0	 5	150	 200	200	     0
19/09/18 03:05:06	OT	ALPHERATZ      	 0.9203	 1.0821	 1811.4	 1696.3	 0.232344	 0.158723	 0.0686	 0.0826	 0.1112	 0.1086	 0.9092	 0.9314	PixelFly	L1.5-	160x 60	1.0216	0.1400	0.0600	20	0	 5	150	 200	198	     0
19/09/18 03:05:36	OT	ALPHERATZ      	 0.8936	 1.0830	 1787.7	 1640.3	 0.224795	 0.148997	 0.0765	 0.0700	 0.1135	 0.1129	 0.8909	 0.8963	PixelFly	L1.5-	160x 60	1.0216	0.1400	0.0600	20	0	 5	150	 200	200	     0
19/09/18 03:06:06	OT	ALPHERATZ      	 0.9962	 1.0838	 1807.5	 1655.3	 0.295446	 0.162344	 0.0548	 0.0727	 0.0963	 0.1073	 1.0492	 0.9432	PixelFly	L1.5-	160x 60	1.0216	0.1400	0.0600	20	0	 5	150	 200	199	     0
19/09/18 03:06:36	OT	ALPHERATZ      	 0.8757	 1.0847	 1756.4	 1676.6	 0.198825	 0.157180	 0.0646	 0.0611	 0.1223	 0.1094	 0.8269	 0.9246	PixelFly	L1.5-	160x 60	1.0216	0.1400	0.0600	20	0	 5	150	 200	199	     0
19/09/18 03:07:06	OT	ALPHERATZ      	 0.8639	 1.0856	 1776.6	 1610.0	 0.234775	 0.127403	 0.0573	 0.0516	 0.1107	 0.1242	 0.9131	 0.8148	PixelFly	L1.5-	160x 60	1.0216	0.1400	0.0600	20	0	 5	150	 200	200	     0
19/09/18 03:07:36	OT	ALPHERATZ      	 0.7256	 1.0865	 1843.3	 1658.3	 0.173337	 0.096769	 0.0485	 0.0517	 0.1329	 0.1465	 0.7608	 0.6905	PixelFly	L1.5-	160x 60	1.0216	0.1400	0.0600	20	0	 5	150	 200	200	     0
19/09/18 03:08:06	OT	ALPHERATZ      	 0.7949	 1.0873	 1759.4	 1695.8	 0.195004	 0.117054	 0.0480	 0.0560	 0.1239	 0.1308	 0.8161	 0.7736	PixelFly	L1.5-	160x 60	1.0216	0.1400	0.0600	20	0	 5	150	 200	200	     0
19/09/18 03:08:36	OT	ALPHERATZ      	 0.7994	 1.0882	 1844.5	 1678.9	 0.206840	 0.112170	 0.0667	 0.0509	 0.1196	 0.1342	 0.8451	 0.7537	PixelFly	L1.5-	160x 60	1.0216	0.1400	0.0600	20	0	 5	150	 200	200	     0
19/09/18 03:09:06	OT	ALPHERATZ      	 0.8481	 1.0891	 1865.6	 1640.4	 0.227965	 0.124172	 0.0584	 0.0488	 0.1129	 0.1264	 0.8954	 0.8007	PixelFly	L1.5-	160x 60	1.0216	0.1400	0.0600	20	0	 5	150	 200	199	     0
19/09/18 03:09:36	OT	ALPHERATZ      	 1.0069	 1.0900	 1800.1	 1640.5	 0.277293	 0.182175	 0.0455	 0.0599	 0.1004	 0.1004	 1.0066	 1.0073	PixelFly	L1.5-	160x 60	1.0216	0.1400	0.0600	20	0	 5	150	 200	199	     0
19/09/18 03:10:06	OT	ALPHERATZ      	 0.6565	 1.0909	 1822.5	 1674.5	 0.144752	 0.083794	 0.0643	 0.0638	 0.1484	 0.1602	 0.6811	 0.6318	PixelFly	L1.5-	160x 60	1.0216	0.1400	0.0600	20	0	 5	150	 200	199	     0
19/09/18 03:10:36	OT	ALPHERATZ      	 0.7429	 1.0918	 1820.6	 1684.3	 0.183788	 0.099520	 0.0663	 0.0758	 0.1287	 0.1445	 0.7857	 0.7001	PixelFly	L1.5-	160x 60	1.0216	0.1400	0.0600	20	0	 5	150	 200	200	     0
19/09/18 03:11:06	OT	ALPHERATZ      	 0.8074	 1.0927	 1840.4	 1655.8	 0.208179	 0.116336	 0.0775	 0.0704	 0.1195	 0.1317	 0.8462	 0.7685	PixelFly	L1.5-	160x 60	1.0216	0.1400	0.0600	20	0	 5	150	 200	199	     0
19/09/18 03:11:36	OT	ALPHERATZ      	 0.8128	 1.0937	 1855.3	 1645.8	 0.193000	 0.129048	 0.0585	 0.0601	 0.1251	 0.1238	 0.8082	 0.8174	PixelFly	L1.5-	160x 60	1.0216	0.1400	0.0600	20	0	 5	150	 200	200	     0
19/09/18 03:12:06	OT	ALPHERATZ      	 1.1546	 1.0946	 1792.0	 1625.8	 0.349532	 0.230011	 0.0643	 0.0660	 0.0876	 0.0876	 1.1537	 1.1556	PixelFly	L1.5-	160x 60	1.0216	0.1400	0.0600	20	0	 5	150	 200	199	     0
19/09/18 03:12:36	OT	ALPHERATZ      	 0.9848	 1.0955	 1776.0	 1614.7	 0.274412	 0.172653	 0.0651	 0.0557	 0.1014	 0.1041	 0.9973	 0.9724	PixelFly	L1.5-	160x 60	1.0216	0.1400	0.0600	20	0	 5	150	 200	200	     0
19/09/18 03:13:06	OT	ALPHERATZ      	 1.2243	 1.0965	 1779.1	 1632.3	 0.412376	 0.237154	 0.0436	 0.0659	 0.0794	 0.0861	 1.2727	 1.1758	PixelFly	L1.5-	160x 60	1.0216	0.1400	0.0600	20	0	 5	150	 200	200	     0
19/09/18 03:13:36	OT	ALPHERATZ      	 0.8509	 1.0974	 1806.2	 1659.9	 0.248874	 0.115277	 0.0553	 0.0463	 0.1076	 0.1327	 0.9395	 0.7623	PixelFly	L1.5-	160x 60	1.0216	0.1400	0.0600	20	0	 5	150	 200	200	    50
19/09/18 03:14:06	OT	ALPHERATZ      	 0.7098	 1.0983	 1833.5	 1652.6	 0.185472	 0.084491	 0.0445	 0.0471	 0.1284	 0.1600	 0.7872	 0.6324	PixelFly	L1.5-	160x 60	1.0216	0.1400	0.0600	20	0	 5	150	 200	200	    50
19/09/18 03:14:36	OT	ALPHERATZ      	 0.9101	 1.0993	 1786.4	 1653.9	 0.268053	 0.135431	 0.0568	 0.0472	 0.1030	 0.1206	 0.9813	 0.8388	PixelFly	L1.5-	160x 60	1.0216	0.1400	0.0600	20	0	 5	150	 200	199	     0
19/09/18 03:15:06	OT	ALPHERATZ      	 0.7715	 1.1003	 1775.6	 1673.6	 0.191530	 0.110339	 0.0489	 0.0422	 0.1261	 0.1365	 0.8017	 0.7414	PixelFly	L1.5-	160x 60	1.0216	0.1400	0.0600	20	0	 5	150	 200	199	     0
19/09/18 03:15:36	OT	ALPHERATZ      	 0.6874	 1.1012	 1820.8	 1656.4	 0.157693	 0.091378	 0.0525	 0.0477	 0.1418	 0.1529	 0.7130	 0.6618	PixelFly	L1.5-	160x 60	1.0216	0.1400	0.0600	20	0	 5	150	 200	200	     0
19/09/18 03:16:06	OT	ALPHERATZ      	 0.8683	 1.1022	 1727.6	 1625.2	 0.207743	 0.151487	 0.0423	 0.0571	 0.1202	 0.1130	 0.8408	 0.8958	PixelFly	L1.5-	160x 60	1.0216	0.1400	0.0600	20	0	 5	150	 200	200	     0
19/09/18 03:16:36	OT	ALPHERATZ      	 0.8801	 1.1032	 1800.6	 1638.5	 0.229399	 0.143947	 0.0528	 0.0519	 0.1133	 0.1165	 0.8919	 0.8683	PixelFly	L1.5-	160x 60	1.0216	0.1400	0.0600	20	0	 5	150	 200	199	     0
19/09/18 03:17:06	OT	ALPHERATZ      	 0.7230	 1.1041	 1812.9	 1686.0	 0.182008	 0.093581	 0.0672	 0.0484	 0.1303	 0.1510	 0.7759	 0.6702	PixelFly	L1.5-	160x 60	1.0216	0.1400	0.0600	20	0	 5	150	 200	200	     0
19/09/18 03:17:36	OT	ALPHERATZ      	 0.8915	 1.1051	 1754.4	 1616.3	 0.216913	 0.159261	 0.0421	 0.0541	 0.1173	 0.1098	 0.8615	 0.9216	PixelFly	L1.5-	160x 60	1.0216	0.1400	0.0600	20	0	 5	150	 200	199	     0
19/09/18 03:18:06	OT	ALPHERATZ      	 0.7353	 1.1061	 1800.7	 1648.1	 0.204158	 0.086869	 0.0590	 0.0502	 0.1217	 0.1580	 0.8303	 0.6403	PixelFly	L1.5-	160x 60	1.0216	0.1400	0.0600	20	0	 5	150	 200	200	    50
19/09/18 03:18:36	OT	ALPHERATZ      	 0.7526	 1.1071	 1843.4	 1666.3	 0.204997	 0.094554	 0.0504	 0.0398	 0.1215	 0.1503	 0.8319	 0.6733	PixelFly	L1.5-	160x 60	1.0216	0.1400	0.0600	20	0	 5	150	 200	200	    50
19/09/18 03:19:06	OT	ALPHERATZ      	 0.6913	 1.1081	 1832.5	 1651.8	 0.153445	 0.097095	 0.0435	 0.0497	 0.1447	 0.1480	 0.6988	 0.6837	PixelFly	L1.5-	160x 60	1.0216	0.1400	0.0600	20	0	 5	150	 200	199	     0
19/09/18 03:19:36	OT	ALPHERATZ      	 0.8557	 1.1091	 1844.5	 1650.4	 0.246955	 0.121597	 0.0555	 0.0406	 0.1088	 0.1294	 0.9292	 0.7821	PixelFly	L1.5-	160x 60	1.0216	0.1400	0.0600	20	0	 5	150	 200	200	     0
19/09/18 03:20:06	OT	ALPHERATZ      	 0.7425	 1.1102	 1775.3	 1656.5	 0.170525	 0.111292	 0.0415	 0.0428	 0.1359	 0.1365	 0.7437	 0.7413	PixelFly	L1.5-	160x 60	1.0216	0.1400	0.0600	20	0	 5	150	 200	200	     0
19/09/18 03:20:36	OT	ALPHERATZ      	 0.7593	 1.1112	 1820.5	 1637.5	 0.192340	 0.106039	 0.0467	 0.0474	 0.1265	 0.1406	 0.7989	 0.7197	PixelFly	L1.5-	160x 60	1.0216	0.1400	0.0600	20	0	 5	150	 200	199	     0
19/09/18 03:21:06	OT	ALPHERATZ      	 0.8805	 1.1122	 1838.2	 1670.5	 0.229435	 0.146557	 0.0704	 0.0408	 0.1139	 0.1158	 0.8876	 0.8734	PixelFly	L1.5-	160x 60	1.0216	0.1400	0.0600	20	0	 5	150	 200	200	     0
19/09/18 03:21:36	OT	ALPHERATZ      	 0.8208	 1.1132	 1791.1	 1661.7	 0.180595	 0.146604	 0.0506	 0.0623	 0.1315	 0.1159	 0.7684	 0.8731	PixelFly	L1.5-	160x 60	1.0216	0.1400	0.0600	20	0	 5	150	 200	199	     0
19/09/18 03:22:06	OT	ALPHERATZ      	 1.0665	 1.1143	 1726.1	 1635.3	 0.324535	 0.196861	 0.0557	 0.0659	 0.0926	 0.0972	 1.0917	 1.0414	PixelFly	L1.5-	160x 60	1.0216	0.1400	0.0600	20	0	 5	150	 200	199	     0
19/09/18 03:22:36	OT	ALPHERATZ      	 1.0980	 1.1153	 1803.6	 1647.8	 0.364862	 0.192034	 0.0674	 0.0770	 0.0864	 0.0987	 1.1705	 1.0254	PixelFly	L1.5-	160x 60	1.0216	0.1400	0.0600	20	0	 5	150	 200	198	     0
19/09/18 03:23:06	OT	ALPHERATZ      	 1.0007	 1.1164	 1822.8	 1622.1	 0.295484	 0.175401	 0.0760	 0.0592	 0.0981	 0.1042	 1.0308	 0.9706	PixelFly	L1.5-	160x 60	1.0216	0.1400	0.0600	20	0	 5	150	 200	198	     0
19/09/18 03:23:36	OT	ALPHERATZ      	 1.2245	 1.1174	 1781.9	 1663.0	 0.337158	 0.298215	 0.0865	 0.0708	 0.0907	 0.0759	 1.1151	 1.3338	PixelFly	L1.5-	160x 60	1.0216	0.1400	0.0600	20	0	 5	150	 200	197	     0
19/09/18 03:24:06	OT	ALPHERATZ      	 0.9438	 1.1185	 1752.7	 1626.2	 0.224198	 0.189368	 0.0743	 0.0895	 0.1159	 0.0997	 0.8724	 1.0151	PixelFly	L1.5-	160x 60	1.0216	0.1400	0.0600	20	0	 5	150	 200	200	     0
19/09/18 03:24:36	OT	ALPHERATZ      	 1.1410	 1.1196	 1775.5	 1617.3	 0.329548	 0.244762	 0.0603	 0.0639	 0.0920	 0.0855	 1.0987	 1.1834	PixelFly	L1.5-	160x 60	1.0216	0.1400	0.0600	20	0	 5	150	 200	194	     0
19/09/18 03:25:06	OT	ALPHERATZ      	 1.1619	 1.1206	 1808.5	 1668.7	 0.308287	 0.275192	 0.0502	 0.0657	 0.0958	 0.0797	 1.0550	 1.2689	PixelFly	L1.5-	160x 60	1.0216	0.1400	0.0600	20	0	 5	150	 200	198	     0
19/09/18 03:25:36	OT	ALPHERATZ      	 1.3634	 1.1217	 1803.0	 1596.9	 0.438807	 0.333713	 0.0550	 0.0472	 0.0776	 0.0711	 1.3031	 1.4237	PixelFly	L1.5-	160x 60	1.0216	0.1400	0.0600	20	0	 5	150	 200	194	     0
19/09/18 03:26:06	OT	ALPHERATZ      	 1.2232	 1.1228	 1757.0	 1628.8	 0.370658	 0.275912	 0.0624	 0.0508	 0.0859	 0.0797	 1.1769	 1.2694	PixelFly	L1.5-	160x 60	1.0216	0.1400	0.0600	20	0	 5	150	 200	191	     0
19/09/18 03:26:36	OT	ALPHERATZ      	 1.4408	 1.1239	 1751.8	 1614.4	 0.532676	 0.332728	 0.0575	 0.0549	 0.0691	 0.0713	 1.4621	 1.4195	PixelFly	L1.5-	160x 60	1.0216	0.1400	0.0600	20	0	 5	150	 200	194	     0
19/09/18 03:27:06	OT	ALPHERATZ      	 1.3218	 1.1250	 1709.3	 1637.0	 0.444539	 0.299776	 0.0535	 0.0604	 0.0771	 0.0759	 1.3110	 1.3326	PixelFly	L1.5-	160x 60	1.0216	0.1400	0.0600	20	0	 5	150	 200	195	     0
19/09/18 03:27:36	OT	ALPHERATZ      	 1.3950	 1.1261	 1731.7	 1610.9	 0.554913	 0.285459	 0.0498	 0.0541	 0.0675	 0.0782	 1.4967	 1.2933	PixelFly	L1.5-	160x 60	1.0216	0.1400	0.0600	20	0	 5	150	 200	195	     0
19/09/18 03:28:03	OT	ALPHERATZ      	 1.7118	 1.1271	 1687.3	 1616.3	 0.641724	 0.491797	 0.0525	 0.0548	 0.0619	 0.0565	 1.6322	 1.7915	PixelFly	L1.5-	160x 60	1.0216	0.1400	0.0600	20	0	 5	150	 200	167	    12
19/09/18 03:28:20	OT	ALPHERATZ      	 1.8605	 1.1277	 1708.7	 1598.0	 0.657876	 0.623497	 0.0500	 0.0677	 0.0610	 0.0490	 1.6562	 2.0649	PixelFly	L1.5-	160x 60	1.0216	0.1400	0.0600	20	0	 5	150	 200	102	    12
19/09/18 03:28:50	OT	ALPHERATZ      	 1.5972	 1.1289	 1754.8	 1618.9	 0.616992	 0.408685	 0.0650	 0.0538	 0.0635	 0.0632	 1.5927	 1.6016	PixelFly	L1.5-	160x 60	1.0216	0.1400	0.0600	20	0	 5	150	 200	191	     0
19/09/18 03:29:20	OT	ALPHERATZ      	 1.3950	 1.1300	 1790.0	 1613.0	 0.454747	 0.352426	 0.0610	 0.0531	 0.0763	 0.0691	 1.3254	 1.4646	PixelFly	L1.5-	160x 60	1.0216	0.1400	0.0600	20	0	 5	150	 200	191	     0
19/09/18 03:29:50	OT	ALPHERATZ      	 1.5605	 1.1311	 1774.4	 1615.3	 0.602492	 0.388848	 0.0379	 0.0466	 0.0645	 0.0652	 1.5682	 1.5527	PixelFly	L1.5-	160x 60	1.0216	0.1400	0.0600	20	0	 5	150	 200	193	     0
19/09/18 03:30:19	OT	ALPHERATZ      	 1.8039	 1.1322	 1742.7	 1593.2	 0.714384	 0.531551	 0.0578	 0.0472	 0.0582	 0.0541	 1.7360	 1.8719	PixelFly	L1.5-	160x 60	1.0216	0.1400	0.0600	20	0	 5	150	 200	186	    12
19/09/18 03:30:39	OT	ALPHERATZ      	 2.2383	 1.1330	 1752.4	 1603.7	 0.984020	 0.790236	 0.0546	 0.0702	 0.0481	 0.0426	 2.1029	 2.3738	PixelFly	L1.5-	160x 60	1.0216	0.1400	0.0600	20	0	 5	150	 200	120	    12
19/09/18 03:31:08	OT	ALPHERATZ      	 1.6641	 1.1341	 1784.5	 1620.7	 0.559643	 0.512782	 0.0577	 0.0645	 0.0675	 0.0553	 1.4980	 1.8302	PixelFly	L1.5-	160x 60	1.0216	0.1400	0.0600	20	0	 5	150	 200	181	    12
19/09/18 03:31:38	OT	ALPHERATZ      	 1.3260	 1.1352	 1773.5	 1665.0	 0.400078	 0.339440	 0.0649	 0.0587	 0.0826	 0.0709	 1.2240	 1.4280	PixelFly	L1.5-	160x 60	1.0216	0.1400	0.0600	20	0	 5	150	 200	195	     0
19/09/18 03:32:08	OT	ALPHERATZ      	 0.8607	 1.1364	 1814.0	 1634.8	 0.226426	 0.143684	 0.0617	 0.0657	 0.1163	 0.1188	 0.8693	 0.8520	PixelFly	L1.5-	160x 60	1.0216	0.1400	0.0600	20	0	 5	150	 200	199	     0
19/09/18 03:32:38	OT	ALPHERATZ      	 1.1263	 1.1376	 1827.6	 1654.3	 0.348907	 0.229068	 0.0608	 0.0753	 0.0898	 0.0898	 1.1261	 1.1264	PixelFly	L1.5-	160x 60	1.0216	0.1400	0.0600	20	0	 5	150	 200	198	     0
19/09/18 03:33:08	OT	ALPHERATZ      	 0.8961	 1.1388	 1836.0	 1621.2	 0.264063	 0.140648	 0.0788	 0.0600	 0.1062	 0.1204	 0.9522	 0.8401	PixelFly	L1.5-	160x 60	1.0216	0.1400	0.0600	20	0	 5	150	 200	200	     0
19/09/18 03:33:38	OT	ALPHERATZ      	 0.9399	 1.1399	 1791.5	 1655.6	 0.272953	 0.160574	 0.0765	 0.0635	 0.1041	 0.1113	 0.9707	 0.9091	PixelFly	L1.5-	160x 60	1.0216	0.1400	0.0600	20	0	 5	150	 200	198	     0
19/09/18 03:34:08	OT	ALPHERATZ      	 1.0297	 1.1411	 1802.1	 1656.5	 0.289532	 0.205835	 0.0640	 0.0710	 0.1006	 0.0960	 1.0050	 1.0545	PixelFly	L1.5-	160x 60	1.0216	0.1400	0.0600	20	0	 5	150	 200	200	     0
19/09/18 03:34:38	OT	ALPHERATZ      	 0.9026	 1.1423	 1763.6	 1670.6	 0.245856	 0.156714	 0.0668	 0.0604	 0.1110	 0.1131	 0.9105	 0.8948	PixelFly	L1.5-	160x 60	1.0216	0.1400	0.0600	20	0	 5	150	 200	200	     0
19/09/18 03:35:08	OT	ALPHERATZ      	 1.0148	 1.1435	 1799.8	 1643.9	 0.279541	 0.203773	 0.0576	 0.0651	 0.1029	 0.0967	 0.9828	 1.0468	PixelFly	L1.5-	160x 60	1.0216	0.1400	0.0600	20	0	 5	150	 200	198	     0
19/09/18 03:35:38	OT	ALPHERATZ      	 0.7784	 1.1447	 1825.5	 1588.0	 0.186355	 0.126741	 0.0503	 0.0489	 0.1313	 0.1286	 0.7701	 0.7868	PixelFly	L1.5-	160x 60	1.0216	0.1400	0.0600	20	0	 5	150	 200	198	     0
19/09/18 03:36:08	OT	ALPHERATZ      	 0.9101	 1.1459	 1801.4	 1638.3	 0.232689	 0.170941	 0.0574	 0.0652	 0.1150	 0.1075	 0.8792	 0.9409	PixelFly	L1.5-	160x 60	1.0216	0.1400	0.0600	20	0	 5	150	 200	197	     0
19/09/18 03:36:38	OT	ALPHERATZ      	 1.0281	 1.1472	 1822.2	 1677.3	 0.296292	 0.202348	 0.0724	 0.0612	 0.0995	 0.0973	 1.0158	 1.0404	PixelFly	L1.5-	160x 60	1.0216	0.1400	0.0600	20	0	 5	150	 200	195	     0
19/09/18 03:37:08	OT	ALPHERATZ      	 1.1081	 1.1484	 1857.9	 1631.2	 0.352758	 0.218590	 0.0752	 0.0512	 0.0897	 0.0929	 1.1271	 1.0890	PixelFly	L1.5-	160x 60	1.0216	0.1400	0.0600	20	0	 5	150	 200	199	     0
19/09/18 03:37:38	OT	ALPHERATZ      	 0.9789	 1.1496	 1781.6	 1660.0	 0.302316	 0.168500	 0.0553	 0.0629	 0.0984	 0.1087	 1.0268	 0.9310	PixelFly	L1.5-	160x 60	1.0216	0.1400	0.0600	20	0	 5	150	 200	200	     0
19/09/18 03:38:08	OT	ALPHERATZ      	 1.0218	 1.1509	 1802.4	 1631.6	 0.334816	 0.175257	 0.0557	 0.0633	 0.0927	 0.1062	 1.0910	 0.9526	PixelFly	L1.5-	160x 60	1.0216	0.1400	0.0600	20	0	 5	150	 200	197	     0
19/09/18 03:38:38	OT	ALPHERATZ      	 1.0091	 1.1521	 1767.8	 1646.4	 0.295899	 0.192112	 0.0534	 0.0623	 0.0999	 0.1006	 1.0124	 1.0059	PixelFly	L1.5-	160x 60	1.0216	0.1400	0.0600	20	0	 5	150	 200	197	     0
19/09/18 03:39:08	OT	ALPHERATZ      	 1.1108	 1.1534	 1725.7	 1631.9	 0.340867	 0.230110	 0.0574	 0.0733	 0.0918	 0.0903	 1.1013	 1.1202	PixelFly	L1.5-	160x 60	1.0216	0.1400	0.0600	20	0	 5	150	 200	200	     0
19/09/18 03:39:38	OT	ALPHERATZ      	 1.0795	 1.1546	 1809.4	 1619.2	 0.284815	 0.247969	 0.0484	 0.0644	 0.1023	 0.0864	 0.9881	 1.1708	PixelFly	L1.5-	160x 60	1.0216	0.1400	0.0600	20	0	 5	150	 200	197	     0
19/09/18 03:40:08	OT	ALPHERATZ      	 1.0256	 1.1559	 1718.0	 1698.7	 0.299117	 0.201872	 0.0630	 0.0651	 0.0994	 0.0978	 1.0169	 1.0342	PixelFly	L1.5-	160x 60	1.0216	0.1400	0.0600	20	0	 5	150	 200	199	     0
19/09/18 03:40:09	OT	ALPHERATZ      	 0.0000	 1.1559	    0.0	    0.0	-0.000000	-0.000000	    0.0	    0.0	    0.0	    0.0	 0.0000	 0.0000	PixelFly	L1.5-	160x 60	1.0216	0.1400	0.0600	20	0	 5	150	 200	  0	    31
19/09/18 04:29:05	OT	HAMAL          	 0.6476	 1.0404	 1742.3	 1680.7	 0.101288	 0.101557	 0.0644	 0.0879	 0.1787	 0.1387	 0.5656	 0.7295	PixelFly	L1.5-	160x 60	1.0216	0.1400	0.0600	20	0	 5	150	 200	 46	    12
19/09/18 04:29:11	OT	HAMAL          	 0.6427	 1.0406	 1869.5	 1506.4	 0.119942	 0.085814	 0.0549	 0.0513	 0.1615	 0.1535	 0.6260	 0.6593	PixelFly	L1.5-	160x 60	1.0216	0.1400	0.0600	20	0	 5	150	 200	 34	    12
19/09/18 04:29:15	OT	HAMAL          	 0.4775	 1.0406	 1753.5	 1643.2	 0.077304	 0.049512	 0.1183	 0.0439	 0.2102	 0.2135	 0.4809	 0.4740	PixelFly	L1.5-	160x 60	1.0216	0.1400	0.0600	20	0	 5	150	 200	 17	    12
19/09/18 04:29:22	OT	HAMAL          	 0.5395	 1.0408	 1985.0	 1664.1	 0.061768	 0.085698	 0.0879	 0.0405	 0.2405	 0.1536	 0.4203	 0.6587	PixelFly	L1.5-	160x 60	1.0216	0.1400	0.0600	20	0	 5	150	 200	 35	    12
19/09/18 04:29:30	OT	HAMAL          	 0.5920	 1.0409	 1758.1	 1607.6	 0.072493	 0.099700	 0.0735	 0.0860	 0.2185	 0.1403	 0.4627	 0.7213	PixelFly	L1.5-	160x 60	1.0216	0.1400	0.0600	20	0	 5	150	 200	 38	    12
19/09/18 05:07:57	OT	MIRFAK         	 0.7037	 1.0808	 2109.3	 1969.5	 0.121276	 0.120832	 0.0639	 0.0793	 0.1641	 0.1279	 0.6160	 0.7914	PixelFly	L1.5-	160x 60	1.0216	0.1400	0.0600	20	0	 5	150	 200	 44	    12
19/09/18 05:08:12	OT	MIRFAK         	 1.1267	 1.0809	 2209.9	 1953.5	 0.226921	 0.296619	 0.0795	 0.0597	 0.1127	 0.0746	 0.8970	 1.3563	PixelFly	L1.5-	160x 60	1.0216	0.1400	0.0600	20	0	 5	150	 200	 93	    12
19/09/18 05:08:17	OT	MIRFAK         	 2.4917	 1.0809	 2020.6	 1828.8	 0.855052	 1.110852	 0.0573	 0.0421	 0.0508	 0.0338	 1.9882	 2.9952	PixelFly	L1.5-	160x 60	1.0216	0.1400	0.0600	20	0	 5	150	 200	 26	    12
19/09/18 05:08:24	OT	MIRFAK         	 1.7253	 1.0810	 2193.8	 1788.6	 0.372327	 0.686230	 0.0789	 0.0396	 0.0837	 0.0451	 1.2073	 2.2434	PixelFly	L1.5-	160x 60	1.0216	0.1400	0.0600	20	0	 5	150	 200	 35	    12
19/09/18 05:08:34	OT	MIRFAK         	 1.8078	 1.0810	 2037.4	 1843.0	 0.567824	 0.595535	 0.0439	 0.0601	 0.0650	 0.0491	 1.5551	 2.0604	PixelFly	L1.5-	160x 60	1.0216	0.1400	0.0600	20	0	 5	150	 200	 59	    12
19/09/18 05:34:19	OT	ALDEBARAN      	    0.0	 1.0235	    3.0	    4.0	      0.0	      0.0	    0.0	    0.0	    0.0	    0.0	    0.0	    0.0	PixelFly	L1.5-	160x 60	1.0216	0.1400	0.0600	20	0	 5	150	 200	  1	    12
19/09/18 05:34:21	OT	ALDEBARAN      	 0.0000	 1.0235	    0.0	    0.0	-0.000000	-0.000000	    0.0	    0.0	    0.0	    0.0	 0.0000	 0.0000	PixelFly	L1.5-	160x 60	1.0216	0.1400	0.0600	20	0	 5	150	 200	  0	    12
19/09/18 05:34:22	OT	ALDEBARAN      	 0.0000	 1.0235	    0.0	    0.0	-0.000000	-0.000000	    0.0	    0.0	    0.0	    0.0	 0.0000	 0.0000	PixelFly	L1.5-	160x 60	1.0216	0.1400	0.0600	20	0	 5	150	 200	  0	    99
19/09/18 05:35:46	OT	MIRFAK         	    0.0	 1.0963	 2098.0	 1931.0	      0.0	      0.0	    0.0	    0.0	    0.0	    0.0	    0.0	    0.0	PixelFly	L1.5-	160x 60	1.0216	0.1400	0.0600	20	0	 5	150	 200	  1	    12
19/09/18 05:35:48	OT	MIRFAK         	 0.0000	 1.0964	    0.0	    0.0	-0.000000	-0.000000	    0.0	    0.0	    0.0	    0.0	 0.0000	 0.0000	PixelFly	L1.5-	160x 60	1.0216	0.1400	0.0600	20	0	 5	150	 200	  0	    12
19/09/18 05:35:50	OT	MIRFAK         	 0.0000	 1.0964	    0.0	    0.0	-0.000000	-0.000000	    0.0	    0.0	    0.0	    0.0	 0.0000	 0.0000	PixelFly	L1.5-	160x 60	1.0216	0.1400	0.0600	20	0	 5	150	 200	  0	    12
19/09/18 05:35:51	OT	MIRFAK         	 0.0000	 1.0964	    0.0	    0.0	-0.000000	-0.000000	    0.0	    0.0	    0.0	    0.0	 0.0000	 0.0000	PixelFly	L1.5-	160x 60	1.0216	0.1400	0.0600	20	0	 5	150	 200	  0	    12
19/09/18 05:35:53	OT	MIRFAK         	 0.0000	 1.0964	    0.0	    0.0	-0.000000	-0.000000	    0.0	    0.0	    0.0	    0.0	 0.0000	 0.0000	PixelFly	L1.5-	160x 60	1.0216	0.1400	0.0600	20	0	 5	150	 200	  0	    12
19/09/18 05:39:30	OT	MIRFAK         	    0.0	 1.0992	 1950.0	 1604.0	      0.0	      0.0	    0.0	    0.0	    0.0	    0.0	    0.0	    0.0	PixelFly	L1.5-	160x 60	1.0216	0.1400	0.0600	20	0	 5	150	 200	  1	    12
19/09/18 05:39:32	OT	MIRFAK         	 0.0000	 1.0992	    0.0	    0.0	-0.000000	-0.000000	    0.0	    0.0	    0.0	    0.0	 0.0000	 0.0000	PixelFly	L1.5-	160x 60	1.0216	0.1400	0.0600	20	0	 5	150	 200	  0	    12
19/09/18 05:39:32	OT	MIRFAK         	    0.0	 1.0992	 2326.0	 2158.0	      0.0	      0.0	    0.0	    0.0	    0.0	    0.0	    0.0	    0.0	PixelFly	L1.5-	160x 60	1.0216	0.1400	0.0600	20	0	 5	150	 200	  1	    12
19/09/18 05:39:36	OT	MIRFAK         	 0.0000	 1.0993	    0.0	    0.0	-0.000000	-0.000000	    0.0	    0.0	    0.0	    0.0	 0.0000	 0.0000	PixelFly	L1.5-	160x 60	1.0216	0.1400	0.0600	20	0	 5	150	 200	  0	    12
19/09/18 05:39:37	OT	MIRFAK         	 0.0000	 1.0993	    0.0	    0.0	-0.000000	-0.000000	    0.0	    0.0	    0.0	    0.0	 0.0000	 0.0000	PixelFly	L1.5-	160x 60	1.0216	0.1400	0.0600	20	0	 5	150	 200	  0	    12
19/09/18 05:39:46	OT	MIRFAK         	 0.0000	 1.0994	    0.0	    0.0	-0.000000	-0.000000	    0.0	    0.0	    0.0	    0.0	 0.0000	 0.0000	PixelFly	L1.5-	160x 60	1.0216	0.1400	0.0600	20	0	 5	150	 200	  0	    12
19/09/18 05:39:47	OT	MIRFAK         	 0.0000	 1.0994	    0.0	    0.0	-0.000000	-0.000000	    0.0	    0.0	    0.0	    0.0	 0.0000	 0.0000	PixelFly	L1.5-	160x 60	1.0216	0.1400	0.0600	20	0	 5	150	 200	  0	    12
19/09/18 05:39:49	OT	MIRFAK         	 0.0000	 1.0995	    0.0	    0.0	-0.000000	-0.000000	    0.0	    0.0	    0.0	    0.0	 0.0000	 0.0000	PixelFly	L1.5-	160x 60	1.0216	0.1400	0.0600	20	0	 5	150	 200	  0	    12
19/09/18 05:39:50	OT	MIRFAK         	 0.0000	 1.0995	    0.0	    0.0	-0.000000	-0.000000	    0.0	    0.0	    0.0	    0.0	 0.0000	 0.0000	PixelFly	L1.5-	160x 60	1.0216	0.1400	0.0600	20	0	 5	150	 200	  0	    12
19/09/18 05:39:52	OT	MIRFAK         	 0.0000	 1.0995	    0.0	    0.0	-0.000000	-0.000000	    0.0	    0.0	    0.0	    0.0	 0.0000	 0.0000	PixelFly	L1.5-	160x 60	1.0216	0.1400	0.0600	20	0	 5	150	 200	  0	    12
19/09/18 05:47:08	OT	MIRFAK         	 0.0000	 1.1057	    0.0	    0.0	-0.000000	-0.000000	    0.0	    0.0	    0.0	    0.0	 0.0000	 0.0000	PixelFly	L1.5-	160x 60	1.0216	0.1400	0.0600	20	0	 5	150	 200	  0	    12
19/09/18 05:47:09	OT	MIRFAK         	 0.0000	 1.1057	    0.0	    0.0	-0.000000	-0.000000	    0.0	    0.0	    0.0	    0.0	 0.0000	 0.0000	PixelFly	L1.5-	160x 60	1.0216	0.1400	0.0600	20	0	 5	150	 200	  0	    12
19/09/18 05:47:10	OT	MIRFAK         	    0.0	 1.1057	 1699.0	 3910.0	      0.0	      0.0	    0.0	    0.0	    0.0	    0.0	    0.0	    0.0	PixelFly	L1.5-	160x 60	1.0216	0.1400	0.0600	20	0	 5	150	 200	  1	    12
19/09/18 05:47:12	OT	MIRFAK         	 0.0000	 1.1058	    0.0	    0.0	-0.000000	-0.000000	    0.0	    0.0	    0.0	    0.0	 0.0000	 0.0000	PixelFly	L1.5-	160x 60	1.0216	0.1400	0.0600	20	0	 5	150	 200	  0	    12
19/09/18 05:47:14	OT	MIRFAK         	 0.0000	 1.1058	    0.0	    0.0	-0.000000	-0.000000	    0.0	    0.0	    0.0	    0.0	 0.0000	 0.0000	PixelFly	L1.5-	160x 60	1.0216	0.1400	0.0600	20	0	 5	150	 200	  0	    12
