Fecha Hora	Ubicacion	Objeto	Seeing	Maire	Flujo 1	Flujo 2	Var l	Var t	Centelleo 1	Centelleo 2	r0l	r0t	fwhml	fwmlt	CCD	Software	Ventana	EscalaPlaca	Distancia	Diametro	WinSpot	Gain	Texp	Sampling	N	Muestras	Return	Pack
16/10/18 18:58:56	OT	Rasalhague	0.5911	1.1666	1559.9	1426.7	0.071989	0.114286	0.0000	0.0000	0.2104	0.1239	5.5531	9.4351	PixelFly	L1.5-	160x60	1.0369	0	0	20	0	5	150	200	200	0	OT_V4ZFYX_181016195823
16/10/18 18:59:57	OT	Rasalhague	0.4848	1.1666	1606.6	1398.7	0.093245	0.050900	0.0000	0.0000	0.1801	0.2014	6.4856	5.8074	PixelFly	L1.5-	160x60	1.0369	0	0	20	0	5	150	200	200	0	OT_BPAEPK_181016195925
16/10/18 19:00:54	OT	Rasalhague	0.6526	1.1666	1584.4	1474.0	0.121146	0.104830	0.0000	0.0000	0.1540	0.1305	7.5886	8.9586	PixelFly	L1.5-	160x60	1.0369	0	0	20	0	5	150	200	200	0	OT_JY6BDK_181016200021
16/10/18 19:06:04	OT	Vega	0.5795	1.0401	12651.1	10999.6	0.101952	0.067415	0.0000	0.0000	0.1708	0.1701	6.8424	6.8739	PixelFly	L1.5-	160x60	1.0369	0	0	20	0	5	150	200	200	0	OT_FZTHI6_181016200532
16/10/18 19:07:02	OT	Vega	0.4950	1.0401	12635.6	11069.1	0.083261	0.048714	0.0000	0.0000	0.1928	0.2067	6.0595	5.6564	PixelFly	L1.5-	160x60	1.0369	0	0	20	0	5	150	200	200	0	OT_7ZLJCN_181016200629
16/10/18 19:07:59	OT	Vega	0.5417	1.0401	12435.7	11149.9	0.086006	0.063668	0.0000	0.0000	0.1891	0.1761	6.1786	6.6421	PixelFly	L1.5-	160x60	1.0369	0	0	20	0	5	150	200	200	0	OT_5IAS6Z_181016200727
16/10/18 19:08:56	OT	Vega	0.5263	1.0401	12527.6	10945.6	0.095648	0.051824	0.0000	0.0000	0.1774	0.1992	6.5853	5.8704	PixelFly	L1.5-	160x60	1.0369	0	0	20	0	5	150	200	200	0	OT_WYZ918_181016200823
16/10/18 19:10:08	OT	Vega	0.6016	1.0401	12763.2	10999.7	0.113316	0.068646	0.0000	0.0000	0.1603	0.1683	7.2903	6.9489	PixelFly	L1.5-	160x60	1.0369	0	0	20	0	5	150	200	200	0	OT_5Q286O_181016200935
16/10/18 19:20:51	OT	Vega	0.4675	1.0534	12464.1	11050.9	0.065749	0.052107	0.0000	0.0000	0.2222	0.1986	5.2590	5.8896	PixelFly	L1.5-	160x60	1.0369	0	0	20	0	5	150	200	200	0	OT_3B05DH_181016202018
16/10/18 19:21:48	OT	Vega	0.5220	1.0534	12609.5	10878.1	0.086509	0.057523	0.0000	0.0000	0.1884	0.1871	6.2003	6.2496	PixelFly	L1.5-	160x60	1.0369	0	0	20	0	5	150	200	200	0	OT_PCYDOY_181016202115
16/10/18 19:22:45	OT	Vega	0.5075	1.0534	12461.8	10924.1	0.081743	0.055414	0.0000	0.0000	0.1950	0.1914	5.9930	6.1111	PixelFly	L1.5-	160x60	1.0369	0	0	20	0	5	150	200	200	0	OT_ZB14B4_181016202212
16/10/18 19:23:42	OT	Vega	0.5336	1.0534	12722.9	11168.5	0.077969	0.067834	0.0000	0.0000	0.2006	0.1695	5.8254	6.8995	PixelFly	L1.5-	160x60	1.0369	0	0	20	0	5	150	200	200	0	OT_ZHBE3X_181016202309
16/10/18 19:24:39	OT	Vega	0.5670	1.0534	12526.8	10998.4	0.102136	0.064162	0.0000	0.0000	0.1706	0.1753	6.8499	6.6729	PixelFly	L1.5-	160x60	1.0369	0	0	20	0	5	150	200	200	0	OT_BRCPQF_181016202406
16/10/18 19:25:37	OT	Vega	0.5334	1.0534	12788.6	11052.0	0.080105	0.066234	0.0000	0.0000	0.1973	0.1719	5.9207	6.8014	PixelFly	L1.5-	160x60	1.0369	0	0	20	0	5	150	200	200	0	OT_HNRIO4_181016202505
16/10/18 19:26:36	OT	Vega	0.4446	1.0534	12406.4	11131.4	0.063173	0.046054	0.0000	0.0000	0.2276	0.2138	5.1344	5.4691	PixelFly	L1.5-	160x60	1.0369	0	0	20	0	5	150	200	200	0	OT_XM9XSC_181016202603
16/10/18 19:27:35	OT	Vega	0.5259	1.0534	12556.5	11193.8	0.085913	0.059330	0.0000	0.0000	0.1892	0.1837	6.1746	6.3667	PixelFly	L1.5-	160x60	1.0369	0	0	20	0	5	150	200	200	0	OT_VN7RHA_181016202702
16/10/18 19:28:33	OT	Vega	0.5593	1.0534	12780.3	11114.2	0.094451	0.066271	0.0000	0.0000	0.1788	0.1719	6.5358	6.8037	PixelFly	L1.5-	160x60	1.0369	0	0	20	0	5	150	200	200	0	OT_XP9YYD_181016202800
16/10/18 19:29:33	OT	Vega	0.5945	1.0534	12864.9	10978.7	0.119750	0.063669	0.0000	0.0000	0.1550	0.1761	7.5360	6.6421	PixelFly	L1.5-	160x60	1.0369	0	0	20	0	5	150	200	200	0	OT_0I73HH_181016202900
16/10/18 19:30:31	OT	Vega	0.6163	1.0534	12550.6	10987.7	0.098015	0.087076	0.0000	0.0000	0.1748	0.1459	6.6826	8.0147	PixelFly	L1.5-	160x60	1.0369	0	0	20	0	5	150	200	200	0	OT_R1RKW4_181016202958
16/10/18 19:31:42	OT	Vega	0.6412	1.0534	12603.7	11027.7	0.105968	0.092086	0.0000	0.0000	0.1668	0.1411	7.0029	8.2883	PixelFly	L1.5-	160x60	1.0369	0	0	20	0	5	150	200	200	0	OT_QSUQYE_181016203109
16/10/18 19:32:43	OT	Vega	0.5333	1.0534	12638.0	10696.5	0.086488	0.061719	0.0000	0.0000	0.1885	0.1794	6.1994	6.5193	PixelFly	L1.5-	160x60	1.0369	0	0	20	0	5	150	200	200	0	OT_9YXDAS_181016203210
16/10/18 19:33:54	OT	Vega	0.5946	1.0534	12484.9	10773.9	0.120819	0.063073	0.0000	0.0000	0.1542	0.1771	7.5762	6.6047	PixelFly	L1.5-	160x60	1.0369	0	0	20	0	5	150	200	200	0	OT_8S08WF_181016203321
16/10/18 19:34:55	OT	Vega	0.5619	1.0534	12634.6	11092.2	0.097574	0.065170	0.0000	0.0000	0.1753	0.1736	6.6646	6.7356	PixelFly	L1.5-	160x60	1.0369	0	0	20	0	5	150	200	200	0	OT_JCWXAH_181016203422
16/10/18 19:35:53	OT	Vega	0.6584	1.0534	12434.8	11171.4	0.140882	0.076135	0.0000	0.0000	0.1406	0.1582	8.3078	7.3943	PixelFly	L1.5-	160x60	1.0369	0	0	20	0	5	150	200	200	0	OT_VM0NGM_181016203521
16/10/18 19:36:52	OT	Vega	0.7026	1.0534	12581.4	10919.2	0.167216	0.078824	0.0000	0.0000	0.1269	0.1549	9.2075	7.5499	PixelFly	L1.5-	160x60	1.0369	0	0	20	0	5	150	200	200	0	OT_QJMUQK_181016203619
16/10/18 19:38:03	OT	Vega	0.5317	1.0534	12583.9	10820.8	0.082001	0.064198	0.0000	0.0000	0.1946	0.1752	6.0043	6.6752	PixelFly	L1.5-	160x60	1.0369	0	0	20	0	5	150	200	200	0	OT_B3MNAE_181016203730
16/10/18 19:39:01	OT	Vega	0.6655	1.0534	12591.2	11055.6	0.143055	0.077737	0.0000	0.0000	0.1393	0.1562	8.3845	7.4873	PixelFly	L1.5-	160x60	1.0369	0	0	20	0	5	150	200	200	0	OT_YFE2FA_181016203828
16/10/18 19:40:01	OT	Vega	0.6224	1.0534	12240.9	11241.8	0.121656	0.073430	0.0000	0.0000	0.1536	0.1616	7.6077	7.2356	PixelFly	L1.5-	160x60	1.0369	0	0	20	0	5	150	200	200	0	OT_19JT4W_181016203928
16/10/18 19:40:59	OT	Vega	0.6081	1.0534	12758.8	11132.8	0.127607	0.064178	0.0000	0.0000	0.1492	0.1752	7.8289	6.6739	PixelFly	L1.5-	160x60	1.0369	0	0	20	0	5	150	200	200	0	OT_SRI8MP_181016204027
16/10/18 19:41:57	OT	Vega	0.5609	1.0534	12245.7	11031.1	0.113562	0.054904	0.0000	0.0000	0.1601	0.1924	7.2999	6.0773	PixelFly	L1.5-	160x60	1.0369	0	0	20	0	5	150	200	200	0	OT_U4DYA8_181016204124
16/10/18 19:43:42	OT	Vega	0.5773	1.0534	12659.0	10779.9	0.104760	0.066412	0.0000	0.0000	0.1680	0.1717	6.9549	6.8124	PixelFly	L1.5-	160x60	1.0369	0	0	20	0	5	150	200	200	0	OT_BOT9HJ_181016204310
16/10/18 19:44:40	OT	Vega	0.6729	1.0534	12436.2	11351.6	0.158135	0.071900	0.0000	0.0000	0.1312	0.1637	8.9041	7.1447	PixelFly	L1.5-	160x60	1.0369	0	0	20	0	5	150	200	200	0	OT_8T4Q8Z_181016204407
16/10/18 19:45:55	OT	Vega	0.5283	1.0534	12693.7	11271.8	0.098058	0.052495	0.0000	0.0000	0.1748	0.1977	6.6844	5.9159	PixelFly	L1.5-	160x60	1.0369	0	0	20	0	5	150	200	200	0	OT_SN6BEC_181016204522
16/10/18 19:46:53	OT	Vega	0.6414	1.0534	12571.9	11042.1	0.142087	0.068588	0.0000	0.0000	0.1399	0.1684	8.3504	6.9454	PixelFly	L1.5-	160x60	1.0369	0	0	20	0	5	150	200	200	0	OT_BTXSZG_181016204620
16/10/18 19:47:51	OT	Vega	0.7294	1.0534	12724.0	10882.5	0.139571	0.108270	0.0000	0.0000	0.1414	0.1280	8.2613	9.1338	PixelFly	L1.5-	160x60	1.0369	0	0	20	0	5	150	200	200	0	OT_WAHK32_181016204718
16/10/18 19:48:49	OT	Vega	0.7087	1.0534	12661.0	10881.9	0.175392	0.076683	0.0000	0.0000	0.1233	0.1575	9.4750	7.4263	PixelFly	L1.5-	160x60	1.0369	0	0	20	0	5	150	200	200	0	OT_TK7D59_181016204816
16/10/18 19:49:47	OT	Vega	0.6969	1.0534	12663.9	10876.2	0.144288	0.090316	0.0000	0.0000	0.1386	0.1427	8.4278	8.1923	PixelFly	L1.5-	160x60	1.0369	0	0	20	0	5	150	200	200	0	OT_L1PAP0_181016204914
16/10/18 19:50:52	OT	Vega	0.7125	1.0534	12631.4	11058.7	0.166974	0.083118	0.0000	0.0000	0.1270	0.1500	9.1995	7.7941	PixelFly	L1.5-	160x60	1.0369	0	0	20	0	5	150	200	200	0	OT_NXGFYR_181016205020
16/10/18 19:51:51	OT	Vega	0.6494	1.0534	12623.4	11127.7	0.133986	0.076677	0.0000	0.0000	0.1449	0.1575	8.0614	7.4259	PixelFly	L1.5-	160x60	1.0369	0	0	20	0	5	150	200	200	0	OT_0VFZUP_181016205118
16/10/18 19:52:57	OT	Vega	0.6401	1.0534	12353.0	10793.6	0.129948	0.075390	0.0000	0.0000	0.1476	0.1591	7.9147	7.3509	PixelFly	L1.5-	160x60	1.0369	0	0	20	0	5	150	200	200	0	OT_LFQ1ME_181016205224
16/10/18 19:53:55	OT	Vega	0.7767	1.0534	11887.4	10712.1	0.190671	0.097185	0.0000	0.0000	0.1173	0.1366	9.9620	8.5607	PixelFly	L1.5-	160x60	1.0369	0	0	20	0	5	150	200	200	0	OT_208J8L_181016205323
16/10/18 19:54:53	OT	Vega	0.7145	1.0534	12471.7	10652.4	0.146417	0.096738	0.0000	0.0000	0.1374	0.1370	8.5021	8.5371	PixelFly	L1.5-	160x60	1.0369	0	0	20	0	5	150	200	200	0	OT_Y4OXXN_181016205421
16/10/18 19:59:09	OT	Enif	0.6069	1.1072	1274.9	1137.3	0.134464	0.066789	0.0000	0.0000	0.1446	0.1711	8.0786	6.8355	PixelFly	L1.5-	160x60	1.0369	0	0	20	0	5	150	200	200	0	OT_K6ALJF_181016205836
16/10/18 20:00:07	OT	Enif	0.6178	1.1072	1278.5	1136.5	0.129075	0.074487	0.0000	0.0000	0.1482	0.1602	7.8828	7.2979	PixelFly	L1.5-	160x60	1.0369	0	0	20	0	5	150	200	200	0	OT_NGRCD4_181016205934
16/10/18 20:01:04	OT	Enif	0.5556	1.1072	1233.6	1131.9	0.099190	0.068220	0.0000	0.0000	0.1736	0.1689	6.7306	6.9230	PixelFly	L1.5-	160x60	1.0369	0	0	20	0	5	150	200	200	0	OT_DAMSKH_181016210031
16/10/18 20:02:02	OT	Enif	0.5577	1.1072	1278.7	1164.6	0.090611	0.075008	0.0000	0.0000	0.1833	0.1596	6.3750	7.3285	PixelFly	L1.5-	160x60	1.0369	0	0	20	0	5	150	200	200	0	OT_OBG0A4_181016210129
16/10/18 20:03:00	OT	Enif	0.6165	1.1072	1274.1	1132.8	0.120847	0.079203	0.0000	0.0000	0.1542	0.1545	7.5773	7.5717	PixelFly	L1.5-	160x60	1.0369	0	0	20	0	5	150	200	200	0	OT_OZGVL6_181016210227
16/10/18 20:03:58	OT	Enif	0.6636	1.1072	1295.1	1103.4	0.148105	0.082264	0.0000	0.0000	0.1365	0.1510	8.5608	7.7460	PixelFly	L1.5-	160x60	1.0369	0	0	20	0	5	150	200	200	0	OT_GD7UQ1_181016210325
16/10/18 20:10:07	OT	Vega	0.5240	1.1268	12923.9	10879.0	0.095968	0.060078	0.0000	0.0000	0.1771	0.1823	6.5986	6.4147	PixelFly	L1.5-	160x60	1.0369	0	0	20	0	5	150	200	200	0	OT_MO2823_181016210934
16/10/18 20:11:13	OT	Vega	0.4981	1.1268	12491.7	10797.9	0.093988	0.051563	0.0000	0.0000	0.1793	0.1998	6.5165	5.8526	PixelFly	L1.5-	160x60	1.0369	0	0	20	0	5	150	200	200	0	OT_XU6C8X_181016211040
16/10/18 20:12:10	OT	Vega	0.5401	1.1268	12433.9	10993.7	0.107721	0.058931	0.0000	0.0000	0.1652	0.1844	7.0722	6.3409	PixelFly	L1.5-	160x60	1.0369	0	0	20	0	5	150	200	200	0	OT_LL6E2S_181016211137
16/10/18 20:13:07	OT	Vega	0.4946	1.1268	12405.4	11097.5	0.094569	0.049931	0.0000	0.0000	0.1786	0.2037	6.5407	5.7408	PixelFly	L1.5-	160x60	1.0369	0	0	20	0	5	150	200	200	0	OT_FB9P3S_181016211234
16/10/18 20:14:06	OT	Vega	0.4220	1.1268	12285.4	10879.9	0.062346	0.044867	0.0000	0.0000	0.2294	0.2172	5.0940	5.3840	PixelFly	L1.5-	160x60	1.0369	0	0	20	0	5	150	200	200	0	OT_WLOH74_181016211334
16/10/18 20:15:07	OT	Vega	0.4719	1.1268	12520.5	11034.9	0.097177	0.040604	0.0000	0.0000	0.1757	0.2306	6.6483	5.0710	PixelFly	L1.5-	160x60	1.0369	0	0	20	0	5	150	200	200	0	OT_VUK730_181016211434
16/10/18 20:16:18	OT	Vega	0.4428	1.1268	12633.5	10954.7	0.087887	0.036235	0.0000	0.0000	0.1867	0.2469	6.2594	4.7362	PixelFly	L1.5-	160x60	1.0369	0	0	20	0	5	150	200	200	0	OT_MGVYM1_181016211545
16/10/18 20:17:44	OT	Vega	0.3560	1.1268	12523.4	10755.1	0.052705	0.030074	0.0000	0.0000	0.2537	0.2761	4.6056	4.2351	PixelFly	L1.5-	160x60	1.0369	0	0	20	0	5	150	200	200	0	OT_BQXST4_181016211711
16/10/18 20:18:41	OT	Vega	0.3983	1.1268	12453.1	10762.9	0.065529	0.035041	0.0000	0.0000	0.2226	0.2519	5.2485	4.6419	PixelFly	L1.5-	160x60	1.0369	0	0	20	0	5	150	200	200	0	OT_D61029_181016211808
16/10/18 20:19:39	OT	Vega	0.4896	1.1268	12164.7	11042.0	0.081435	0.056440	0.0000	0.0000	0.1954	0.1893	5.9794	6.1788	PixelFly	L1.5-	160x60	1.0369	0	0	20	0	5	150	200	200	0	OT_5MHZ2C_181016211906
16/10/18 20:20:50	OT	Vega	0.4455	1.1268	12562.5	10673.5	0.085623	0.038370	0.0000	0.0000	0.1896	0.2386	6.1621	4.9017	PixelFly	L1.5-	160x60	1.0369	0	0	20	0	5	150	200	200	0	OT_09DT8S_181016212018
16/10/18 20:21:49	OT	Vega	0.5026	1.1268	12457.5	10615.5	0.096468	0.051697	0.0000	0.0000	0.1765	0.1995	6.6192	5.8618	PixelFly	L1.5-	160x60	1.0369	0	0	20	0	5	150	200	200	0	OT_7C47RO_181016212116
16/10/18 20:22:51	OT	Vega	0.5394	1.1268	12321.2	10960.5	0.106556	0.059360	0.0000	0.0000	0.1663	0.1836	7.0262	6.3686	PixelFly	L1.5-	160x60	1.0369	0	0	20	0	5	150	200	200	0	OT_DHB14N_181016212218
16/10/18 20:23:49	OT	Vega	0.5296	1.1268	12569.9	11333.4	0.103370	0.057557	0.0000	0.0000	0.1693	0.1871	6.8994	6.2519	PixelFly	L1.5-	160x60	1.0369	0	0	20	0	5	150	200	200	0	OT_M3KHKJ_181016212317
16/10/18 20:24:47	OT	Vega	0.4350	1.1268	12736.7	10954.0	0.074333	0.041533	0.0000	0.0000	0.2064	0.2275	5.6608	5.1403	PixelFly	L1.5-	160x60	1.0369	0	0	20	0	5	150	200	200	0	OT_HZUDNP_181016212414
16/10/18 20:25:45	OT	Vega	0.4491	1.1268	12144.0	10959.5	0.075171	0.045844	0.0000	0.0000	0.2050	0.2144	5.6991	5.4541	PixelFly	L1.5-	160x60	1.0369	0	0	20	0	5	150	200	200	0	OT_CMV946_181016212512
16/10/18 20:26:45	OT	Vega	0.5337	1.1268	12325.6	10553.4	0.096098	0.063792	0.0000	0.0000	0.1769	0.1759	6.6039	6.6498	PixelFly	L1.5-	160x60	1.0369	0	0	20	0	5	150	200	200	0	OT_YSID67_181016212612
16/10/18 20:27:43	OT	Vega	0.6925	1.1268	12261.7	10846.2	0.153453	0.095108	0.0000	0.0000	0.1336	0.1384	8.7450	8.4505	PixelFly	L1.5-	160x60	1.0369	0	0	20	0	5	150	200	200	0	OT_GDZIA1_181016212710
16/10/18 20:28:41	OT	Vega	0.5188	1.1268	12383.6	10899.8	0.102795	0.053830	0.0000	0.0000	0.1699	0.1947	6.8763	6.0057	PixelFly	L1.5-	160x60	1.0369	0	0	20	0	5	150	200	200	0	OT_2LE0SA_181016212808
16/10/18 20:29:40	OT	Vega	0.4994	1.1268	12509.6	10855.4	0.098531	0.049290	0.0000	0.0000	0.1743	0.2053	6.7037	5.6965	PixelFly	L1.5-	160x60	1.0369	0	0	20	0	5	150	200	200	0	OT_SNDSI5_181016212907
16/10/18 20:32:19	OT	Markab	1.2203	1.1633	1015.6	949.8	0.434182	0.235703	0.0000	0.0000	0.0716	0.0803	16.3221	14.5670	PixelFly	L1.5-	160x60	1.0369	0	0	20	0	5	150	200	200	0	OT_VP7T3W_181016213146
16/10/18 20:33:23	OT	Markab	0.9139	1.1633	1031.0	978.2	0.283318	0.136554	0.0000	0.0000	0.0925	0.1114	12.6339	10.4986	PixelFly	L1.5-	160x60	1.0369	0	0	20	0	5	150	200	200	0	OT_TBZNTY_181016213250
16/10/18 20:34:21	OT	Markab	0.8067	1.1633	1037.9	1033.0	0.226872	0.112842	0.0000	0.0000	0.1057	0.1249	11.0571	9.3633	PixelFly	L1.5-	160x60	1.0369	0	0	20	0	5	150	200	200	0	OT_SIHXL6_181016213348
16/10/18 20:40:28	OT	Markab	0.5818	1.1511	901.5	856.5	0.120843	0.070410	0.0000	0.0000	0.1542	0.1657	7.5772	7.0556	PixelFly	L1.5-	160x60	1.0369	0	0	20	0	5	150	200	200	0	OT_9P7IPW_181016213955
16/10/18 20:54:07	OT	Markab	0.7646	1.1185	1000.9	952.6	0.203407	0.096905	0.0000	0.0000	0.1128	0.1368	10.3560	8.5459	PixelFly	L1.5-	160x60	1.0369	0	0	20	0	5	150	200	200	0	OT_FNQDPN_181016215334
16/10/18 21:05:31	OT	Markab	0.7452	1.1000	1058.6	984.5	0.176529	0.100373	0.0000	0.0000	0.1228	0.1340	9.5118	8.7281	PixelFly	L1.5-	160x60	1.0369	0	0	20	0	5	150	200	200	0	OT_GO4LR9_181016220458
16/10/18 21:17:01	OT	Deneb	0.8783	1.0766	3847.2	3460.6	0.203970	0.144262	0.0000	0.0000	0.1126	0.1078	10.3732	10.8503	PixelFly	L1.5-	160x60	1.0369	0	0	20	0	5	150	200	200	0	OT_1NXN1B_181016221628
16/10/18 21:18:00	OT	Deneb	0.8922	1.0766	3849.5	3381.0	0.212758	0.145809	0.0000	0.0000	0.1098	0.1071	10.6391	10.9199	PixelFly	L1.5-	160x60	1.0369	0	0	20	0	5	150	200	200	0	OT_I2B4AH_181016221728
16/10/18 21:19:08	OT	Deneb	0.8809	1.0766	3821.1	3445.6	0.199356	0.148773	0.0000	0.0000	0.1142	0.1058	10.2318	11.0526	PixelFly	L1.5-	160x60	1.0369	0	0	20	0	5	150	200	200	0	OT_MU4DIS_181016221835
16/10/18 21:20:08	OT	Deneb	0.7801	1.0766	3854.4	3390.1	0.175582	0.112963	0.0000	0.0000	0.1232	0.1248	9.4812	9.3694	PixelFly	L1.5-	160x60	1.0369	0	0	20	0	5	150	200	200	0	OT_APYFEJ_181016221935
16/10/18 21:21:07	OT	Deneb	0.9886	1.0814	3801.2	3299.2	0.291694	0.149719	0.0000	0.0000	0.0909	0.1054	12.8567	11.0947	PixelFly	L1.5-	160x60	1.0369	0	0	20	0	5	150	200	200	0	OT_4HPWNH_181016222034
16/10/18 21:22:05	OT	Deneb	0.6039	1.0814	3834.0	3441.9	0.120603	0.070523	0.0000	0.0000	0.1544	0.1656	7.5681	7.0623	PixelFly	L1.5-	160x60	1.0369	0	0	20	0	5	150	200	200	0	OT_6R6A2R_181016222132
16/10/18 21:23:17	OT	Deneb	0.6571	1.0814	3799.6	3448.0	0.159926	0.068766	0.0000	0.0000	0.1303	0.1681	8.9645	6.9562	PixelFly	L1.5-	160x60	1.0369	0	0	20	0	5	150	200	200	0	OT_ONBG7E_181016222237
16/10/18 21:24:17	OT	Deneb	0.6513	1.0814	3869.4	3454.4	0.132339	0.082825	0.0000	0.0000	0.1460	0.1504	8.0018	7.7776	PixelFly	L1.5-	160x60	1.0369	0	0	20	0	5	150	200	200	0	OT_SRZXBN_181016222344
16/10/18 21:25:18	OT	Deneb	0.7131	1.0814	3809.4	3367.9	0.174449	0.083790	0.0000	0.0000	0.1237	0.1493	9.4444	7.8319	PixelFly	L1.5-	160x60	1.0369	0	0	20	0	5	150	200	200	0	OT_RATAGX_181016222445
16/10/18 21:26:19	OT	Deneb	0.5069	1.0866	3810.8	3367.6	0.094392	0.050534	0.0000	0.0000	0.1788	0.2022	6.5333	5.7823	PixelFly	L1.5-	160x60	1.0369	0	0	20	0	5	150	200	200	0	OT_ZSUAT6_181016222546
16/10/18 21:27:20	OT	Deneb	0.6704	1.0866	3885.3	3419.9	0.118514	0.101749	0.0000	0.0000	0.1560	0.1329	7.4892	8.7997	PixelFly	L1.5-	160x60	1.0369	0	0	20	0	5	150	200	200	0	OT_PSJW6Q_181016222647
16/10/18 21:28:33	OT	Deneb	0.5972	1.0866	3886.3	3333.7	0.110756	0.074865	0.0000	0.0000	0.1625	0.1598	7.1911	7.3201	PixelFly	L1.5-	160x60	1.0369	0	0	20	0	5	150	200	200	0	OT_SMIERZ_181016222800
16/10/18 21:29:36	OT	Deneb	0.7375	1.0866	3893.1	3395.7	0.171871	0.097159	0.0000	0.0000	0.1248	0.1366	9.3604	8.5593	PixelFly	L1.5-	160x60	1.0369	0	0	20	0	5	150	200	200	0	OT_PHT3FN_181016222903
16/10/18 21:30:38	OT	Deneb	0.5666	1.0866	3783.5	3401.8	0.095946	0.072319	0.0000	0.0000	0.1771	0.1631	6.5976	7.1697	PixelFly	L1.5-	160x60	1.0369	0	0	20	0	5	150	200	200	0	OT_N1V0RL_181016223006
16/10/18 21:31:39	OT	Deneb	0.5765	1.0921	3864.8	3394.9	0.114722	0.064666	0.0000	0.0000	0.1591	0.1744	7.3445	6.7043	PixelFly	L1.5-	160x60	1.0369	0	0	20	0	5	150	200	200	0	OT_RIUJWI_181016223106
16/10/18 21:32:41	OT	Deneb	0.7069	1.0921	3792.8	3336.7	0.127009	0.113987	0.0000	0.0000	0.1497	0.1241	7.8068	9.4203	PixelFly	L1.5-	160x60	1.0369	0	0	20	0	5	150	200	200	0	OT_YTBBDZ_181016223208
16/10/18 21:33:40	OT	Deneb	0.6254	1.0921	3737.0	3382.9	0.137328	0.070485	0.0000	0.0000	0.1428	0.1656	8.1814	7.0600	PixelFly	L1.5-	160x60	1.0369	0	0	20	0	5	150	200	200	0	OT_2UYJOZ_181016223307
16/10/18 21:34:39	OT	Deneb	0.6062	1.0921	3838.9	3369.7	0.125403	0.069927	0.0000	0.0000	0.1508	0.1664	7.7474	7.0265	PixelFly	L1.5-	160x60	1.0369	0	0	20	0	5	150	200	200	0	OT_ZXUC7G_181016223407
16/10/18 21:35:40	OT	Deneb	0.7890	1.0981	3835.1	3424.7	0.208265	0.101526	0.0000	0.0000	0.1112	0.1331	10.5037	8.7881	PixelFly	L1.5-	160x60	1.0369	0	0	20	0	5	150	200	200	0	OT_4H7Z73_181016223507
16/10/18 21:36:40	OT	Deneb	0.7353	1.0981	3767.8	3385.8	0.187236	0.089053	0.0000	0.0000	0.1186	0.1440	9.8539	8.1234	PixelFly	L1.5-	160x60	1.0369	0	0	20	0	5	150	200	200	0	OT_8U1HNR_181016223607
16/10/18 21:37:43	OT	Deneb	0.8648	1.0981	3771.3	3408.4	0.195301	0.148470	0.0000	0.0000	0.1156	0.1059	10.1064	11.0391	PixelFly	L1.5-	160x60	1.0369	0	0	20	0	5	150	200	200	0	OT_B5GSN0_181016223710
16/10/18 21:38:46	OT	Deneb	0.9220	1.0981	3823.8	3385.8	0.283296	0.124055	0.0000	0.0000	0.0925	0.1180	12.6333	9.9110	PixelFly	L1.5-	160x60	1.0369	0	0	20	0	5	150	200	200	0	OT_7GKUG4_181016223813
16/10/18 21:39:45	OT	Deneb	0.7876	1.0981	3869.1	3379.4	0.188791	0.112652	0.0000	0.0000	0.1180	0.1250	9.9029	9.3539	PixelFly	L1.5-	160x60	1.0369	0	0	20	0	5	150	200	200	0	OT_IJAV80_181016223912
16/10/18 21:40:47	OT	Deneb	0.8081	1.1044	3793.3	3398.0	0.195899	0.119724	0.0000	0.0000	0.1154	0.1205	10.1249	9.7019	PixelFly	L1.5-	160x60	1.0369	0	0	20	0	5	150	200	200	0	OT_WZ71YK_181016224014
16/10/18 21:41:52	OT	Deneb	0.8399	1.1044	3862.5	3343.9	0.191253	0.139335	0.0000	0.0000	0.1171	0.1101	9.9802	10.6264	PixelFly	L1.5-	160x60	1.0369	0	0	20	0	5	150	200	200	0	OT_BELPVN_181016224119
16/10/18 21:42:52	OT	Deneb	0.9038	1.1044	3834.2	3428.0	0.244523	0.138948	0.0000	0.0000	0.1010	0.1102	11.5655	10.6087	PixelFly	L1.5-	160x60	1.0369	0	0	20	0	5	150	200	200	0	OT_26AFBR_181016224220
16/10/18 21:43:56	OT	Deneb	0.8260	1.1044	3937.1	3486.0	0.188972	0.133521	0.0000	0.0000	0.1179	0.1129	9.9086	10.3581	PixelFly	L1.5-	160x60	1.0369	0	0	20	0	5	150	200	200	0	OT_WSJLAL_181016224323
16/10/18 21:44:57	OT	Deneb	0.8573	1.1044	3704.3	3461.9	0.232362	0.122094	0.0000	0.0000	0.1042	0.1191	11.2169	9.8167	PixelFly	L1.5-	160x60	1.0369	0	0	20	0	5	150	200	200	0	OT_HQ2OUJ_181016224424
16/10/18 21:46:12	OT	Deneb	0.8912	1.1111	3740.9	3335.6	0.258616	0.125577	0.0000	0.0000	0.0977	0.1171	11.9610	9.9838	PixelFly	L1.5-	160x60	1.0369	0	0	20	0	5	150	200	200	0	OT_3LLE13_181016224528
16/10/18 21:47:24	OT	Deneb	0.7497	1.1111	3887.3	3349.7	0.165543	0.111778	0.0000	0.0000	0.1277	0.1256	9.1521	9.3103	PixelFly	L1.5-	160x60	1.0369	0	0	20	0	5	150	200	200	0	OT_EA6RGS_181016224640
16/10/18 21:48:25	OT	Deneb	0.7584	1.1111	3704.0	3417.4	0.160430	0.119578	0.0000	0.0000	0.1301	0.1206	8.9814	9.6949	PixelFly	L1.5-	160x60	1.0369	0	0	20	0	5	150	200	200	0	OT_PSGHGW_181016224752
16/10/18 21:49:25	OT	Deneb	0.6831	1.1111	3788.2	3444.4	0.167523	0.079756	0.0000	0.0000	0.1268	0.1538	9.2176	7.6034	PixelFly	L1.5-	160x60	1.0369	0	0	20	0	5	150	200	200	0	OT_WK5SAF_181016224853
16/10/18 21:50:25	OT	Deneb	0.8008	1.1111	3848.1	3407.2	0.179762	0.128116	0.0000	0.0000	0.1215	0.1157	9.6159	10.1044	PixelFly	L1.5-	160x60	1.0369	0	0	20	0	5	150	200	200	0	OT_RS6HCQ_181016224953
16/10/18 21:51:38	OT	Deneb	0.7547	1.1183	3744.0	3358.6	0.168907	0.113417	0.0000	0.0000	0.1261	0.1245	9.2632	9.3920	PixelFly	L1.5-	160x60	1.0369	0	0	20	0	5	150	200	200	0	OT_YHSH9K_181016225105
16/10/18 21:52:37	OT	Deneb	0.6397	1.1183	3878.9	3361.6	0.156278	0.069043	0.0000	0.0000	0.1321	0.1677	8.8412	6.9730	PixelFly	L1.5-	160x60	1.0369	0	0	20	0	5	150	200	200	0	OT_LHHT5D_181016225204
16/10/18 21:54:44	OT	Deneb	0.7460	1.1183	3681.1	3330.1	0.184321	0.099429	0.0000	0.0000	0.1197	0.1347	9.7615	8.6788	PixelFly	L1.5-	160x60	1.0369	0	0	20	0	5	150	200	196	17	OT_0C5H4W_181016225411
16/10/18 22:07:35	OT	Deneb	1.0169	1.1425	3881.5	3431.4	0.274876	0.196361	0.0000	0.0000	0.0942	0.0896	12.4067	13.0552	PixelFly	L1.5-	160x60	1.0369	0	0	20	0	5	150	200	200	0	OT_YI8P3G_181016230703
16/10/18 22:08:42	OT	Deneb	0.9495	1.1425	3914.7	3368.0	0.268874	0.159661	0.0000	0.0000	0.0954	0.1014	12.2434	11.5310	PixelFly	L1.5-	160x60	1.0369	0	0	20	0	5	150	200	200	0	OT_7UYCCJ_181016230809
16/10/18 22:09:46	OT	Deneb	0.9247	1.1425	3856.7	3412.7	0.227709	0.172348	0.0000	0.0000	0.1054	0.0969	11.0816	12.0724	PixelFly	L1.5-	160x60	1.0369	0	0	20	0	5	150	200	200	0	OT_D3LULF_181016230913
16/10/18 22:10:47	OT	Deneb	0.9295	1.1514	3714.3	3339.7	0.294486	0.135592	0.0000	0.0000	0.0904	0.1119	12.9304	10.4542	PixelFly	L1.5-	160x60	1.0369	0	0	20	0	5	150	200	200	0	OT_ZRRMRS_181016231014
16/10/18 22:11:48	OT	Deneb	1.1105	1.1514	3867.5	3400.6	0.332046	0.221714	0.0000	0.0000	0.0841	0.0833	13.8961	14.0419	PixelFly	L1.5-	160x60	1.0369	0	0	20	0	5	150	200	200	0	OT_805G2D_181016231115
16/10/18 22:14:01	OT	Deneb	1.2250	1.1514	3829.0	3397.7	0.401458	0.254267	0.0000	0.0000	0.0750	0.0767	15.5725	15.2449	PixelFly	L1.5-	160x60	1.0369	0	0	20	0	5	150	200	200	0	OT_ZSATZH_181016231328
16/10/18 22:15:05	OT	Deneb	1.0576	1.1514	3749.5	3279.8	0.341733	0.181854	0.0000	0.0000	0.0826	0.0938	14.1379	12.4676	PixelFly	L1.5-	160x60	1.0369	0	0	20	0	5	150	200	200	0	OT_6ZVAHB_181016231432
16/10/18 22:16:18	OT	Deneb	1.0169	1.1609	3812.5	3278.3	0.350717	0.155439	0.0000	0.0000	0.0814	0.1031	14.3598	11.3471	PixelFly	L1.5-	160x60	1.0369	0	0	20	0	5	150	200	200	0	OT_6OCY7E_181016231546
16/10/18 22:17:22	OT	Deneb	1.0449	1.1609	3837.7	3330.7	0.271091	0.223530	0.0000	0.0000	0.0950	0.0829	12.3039	14.1108	PixelFly	L1.5-	160x60	1.0369	0	0	20	0	5	150	200	200	0	OT_PDV25I_181016231649
16/10/18 22:18:23	OT	Deneb	0.7618	1.1609	3929.9	3375.7	0.163553	0.129552	0.0000	0.0000	0.1286	0.1150	9.0859	10.1722	PixelFly	L1.5-	160x60	1.0369	0	0	20	0	5	150	200	200	0	OT_ETI52F_181016231751
16/10/18 22:19:25	OT	Deneb	0.8350	1.1609	3892.8	3391.9	0.236990	0.120897	0.0000	0.0000	0.1029	0.1198	11.3504	9.7589	PixelFly	L1.5-	160x60	1.0369	0	0	20	0	5	150	200	200	0	OT_Z3L4XP_181016231853
16/10/18 22:20:29	OT	Deneb	0.7840	1.1609	3859.1	3379.5	0.189148	0.123935	0.0000	0.0000	0.1178	0.1181	9.9141	9.9053	PixelFly	L1.5-	160x60	1.0369	0	0	20	0	5	150	200	200	0	OT_91GL3N_181016231956
16/10/18 22:21:30	OT	Deneb	0.7080	1.1708	3749.2	3397.8	0.179928	0.093579	0.0000	0.0000	0.1214	0.1397	9.6213	8.3687	PixelFly	L1.5-	160x60	1.0369	0	0	20	0	5	150	200	200	0	OT_WUW4BH_181016232057
16/10/18 22:22:37	OT	Deneb	0.9018	1.1708	3723.2	3308.8	0.278457	0.134694	0.0000	0.0000	0.0934	0.1123	12.5034	10.4126	PixelFly	L1.5-	160x60	1.0369	0	0	20	0	5	150	200	200	0	OT_OL1SGH_181016232204
16/10/18 22:23:38	OT	Deneb	0.7202	1.1708	3651.4	3390.8	0.173692	0.103329	0.0000	0.0000	0.1240	0.1317	9.4198	8.8814	PixelFly	L1.5-	160x60	1.0369	0	0	20	0	5	150	200	200	0	OT_0G9AWG_181016232305
16/10/18 22:24:52	OT	Deneb	0.7704	1.1708	3789.5	3291.3	0.206058	0.108376	0.0000	0.0000	0.1119	0.1280	10.4368	9.1392	PixelFly	L1.5-	160x60	1.0369	0	0	20	0	5	150	200	200	0	OT_XVPU1P_181016232419
16/10/18 22:29:32	OT	Mirach	1.0567	1.1374	2012.2	1716.0	0.277915	0.218004	0.0000	0.0000	0.0936	0.0841	12.4888	13.9004	PixelFly	L1.5-	160x60	1.0369	0	0	20	0	5	150	200	200	0	OT_PVKK64_181016232900
16/10/18 22:30:32	OT	Mirach	1.0181	1.1374	2009.6	1715.9	0.262684	0.203836	0.0000	0.0000	0.0968	0.0876	12.0735	13.3511	PixelFly	L1.5-	160x60	1.0369	0	0	20	0	5	150	200	200	0	OT_2BMAC9_181016232959
16/10/18 23:25:10	OT	Hamal          	0.9928	1.1507	1760.9	1591.8	0.281573	0.179714	0.0000	0.0000	0.0928	0.0945	12.5872	12.3794	PixelFly	L1.5-	160x60	1.0369	0	0	20	0	5	150	200	200	0	OT_6EST3W_181017002438
16/10/18 23:27:55	OT	Hamal          	0.8047	1.1507	1763.8	1573.6	0.194182	0.129389	0.0000	0.0000	0.1160	0.1151	10.0716	10.1645	PixelFly	L1.5-	160x60	1.0369	0	0	20	0	5	150	200	200	0	OT_ERKQNR_181017002723
16/10/18 23:29:42	OT	Hamal          	0.8205	1.1384	1760.5	1624.2	0.183052	0.142690	0.0000	0.0000	0.1202	0.1085	9.7212	10.7792	PixelFly	L1.5-	160x60	1.0369	0	0	20	0	5	150	200	200	0	OT_3RQ9EJ_181017002909
16/10/18 23:31:28	OT	Hamal          	0.7798	1.1384	1784.5	1568.6	0.200455	0.109921	0.0000	0.0000	0.1138	0.1269	10.2656	9.2172	PixelFly	L1.5-	160x60	1.0369	0	0	20	0	5	150	200	200	0	OT_D2QN0J_181017003055
16/10/18 23:46:56	OT	Markab         	0.6376	1.0720	1093.6	977.8	0.112333	0.088899	0.0000	0.0000	0.1611	0.1441	7.2523	8.1150	PixelFly	L1.5-	160x60	1.0369	0	0	20	0	5	150	200	200	0	OT_SOMBF8_181017004623
16/10/18 23:47:59	OT	Markab         	0.7704	1.0789	1092.2	974.2	0.179413	0.106309	0.0000	0.0000	0.1216	0.1294	9.6047	9.0342	PixelFly	L1.5-	160x60	1.0369	0	0	20	0	5	150	200	200	0	OT_U101OB_181017004726
16/10/18 23:48:58	OT	Markab         	0.8107	1.0789	1132.0	982.7	0.194707	0.116142	0.0000	0.0000	0.1158	0.1228	10.0879	9.5267	PixelFly	L1.5-	160x60	1.0369	0	0	20	0	5	150	200	200	0	OT_C1Q1O3_181017004825
16/10/18 23:49:58	OT	Markab         	0.9151	1.0789	1099.6	976.3	0.250023	0.134814	0.0000	0.0000	0.0997	0.1123	11.7209	10.4182	PixelFly	L1.5-	160x60	1.0369	0	0	20	0	5	150	200	200	0	OT_FC7JBC_181017004925
16/10/18 23:50:57	OT	Markab         	0.7802	1.0789	1124.2	962.7	0.184257	0.107901	0.0000	0.0000	0.1197	0.1283	9.7595	9.1152	PixelFly	L1.5-	160x60	1.0369	0	0	20	0	5	150	200	200	0	OT_OUIXYE_181017005025
16/10/18 23:51:59	OT	Markab         	0.7504	1.0789	1133.2	945.5	0.164926	0.106079	0.0000	0.0000	0.1279	0.1296	9.1316	9.0225	PixelFly	L1.5-	160x60	1.0369	0	0	20	0	5	150	200	200	0	OT_ZVJEXF_181017005126
16/10/18 23:52:58	OT	Markab         	0.8074	1.0863	1071.0	964.3	0.194139	0.116480	0.0000	0.0000	0.1160	0.1225	10.0703	9.5434	PixelFly	L1.5-	160x60	1.0369	0	0	20	0	5	150	200	200	0	OT_HT67MN_181017005226
16/10/18 23:53:59	OT	Markab         	0.9989	1.0863	1056.7	944.5	0.281974	0.162841	0.0000	0.0000	0.0927	0.1002	12.5979	11.6683	PixelFly	L1.5-	160x60	1.0369	0	0	20	0	5	150	200	200	0	OT_ZZQ417_181017005326
16/10/18 23:54:58	OT	Markab         	0.8250	1.0863	1091.5	954.5	0.216890	0.111175	0.0000	0.0000	0.1086	0.1260	10.7626	9.2801	PixelFly	L1.5-	160x60	1.0369	0	0	20	0	5	150	200	200	0	OT_A09HP7_181017005425
16/10/18 23:55:58	OT	Markab         	0.8188	1.0863	1105.0	980.7	0.215171	0.109159	0.0000	0.0000	0.1091	0.1274	10.7113	9.1788	PixelFly	L1.5-	160x60	1.0369	0	0	20	0	5	150	200	200	0	OT_Z4WNS4_181017005525
16/10/18 23:56:58	OT	Markab         	0.8950	1.0863	1067.5	955.9	0.206040	0.154500	0.0000	0.0000	0.1120	0.1034	10.4363	11.3059	PixelFly	L1.5-	160x60	1.0369	0	0	20	0	5	150	200	200	0	OT_FWBV0S_181017005625
16/10/18 23:57:57	OT	Markab         	0.7768	1.0942	1111.7	945.1	0.181415	0.111246	0.0000	0.0000	0.1208	0.1260	9.6689	9.2837	PixelFly	L1.5-	160x60	1.0369	0	0	20	0	5	150	200	200	0	OT_9PB1K4_181017005724
16/10/18 23:58:58	OT	Markab         	0.6936	1.0942	1111.0	963.9	0.151068	0.091567	0.0000	0.0000	0.1349	0.1416	8.6632	8.2602	PixelFly	L1.5-	160x60	1.0369	0	0	20	0	5	150	200	200	0	OT_DJXBF4_181017005825
17/10/18 00:00:05	OT	Markab         	0.8824	1.0942	1118.9	989.6	0.262621	0.114748	0.0000	0.0000	0.0968	0.1236	12.0718	9.4580	PixelFly	L1.5-	160x60	1.0369	0	0	20	0	5	150	200	200	0	OT_8SJYG1_181017005932
17/10/18 00:01:05	OT	Markab         	0.7856	1.0942	1166.1	1009.8	0.170663	0.122716	0.0000	0.0000	0.1253	0.1188	9.3209	9.8467	PixelFly	L1.5-	160x60	1.0369	0	0	20	0	5	150	200	200	0	OT_F7DMX0_181017010032
17/10/18 00:02:04	OT	Markab         	0.7857	1.0942	1092.8	963.0	0.168986	0.123908	0.0000	0.0000	0.1261	0.1181	9.2658	9.9040	PixelFly	L1.5-	160x60	1.0369	0	0	20	0	5	150	200	200	0	OT_CD896Z_181017010131
17/10/18 00:03:04	OT	Markab         	0.6687	1.1028	1113.6	1022.4	0.145375	0.085489	0.0000	0.0000	0.1380	0.1475	8.4658	7.9268	PixelFly	L1.5-	160x60	1.0369	0	0	20	0	5	150	200	200	0	OT_RR5SPK_181017010231
17/10/18 00:04:03	OT	Markab         	0.8244	1.1028	1089.1	992.9	0.202368	0.123504	0.0000	0.0000	0.1132	0.1183	10.3243	9.8846	PixelFly	L1.5-	160x60	1.0369	0	0	20	0	5	150	200	200	0	OT_DIE0OQ_181017010331
17/10/18 00:06:17	OT	Markab         	0.8227	1.1028	1095.8	1023.8	0.214906	0.114888	0.0000	0.0000	0.1092	0.1236	10.7034	9.4649	PixelFly	L1.5-	160x60	1.0369	0	0	20	0	5	150	200	200	0	OT_9WAQTP_181017010544
17/10/18 00:07:17	OT	Markab         	0.8672	1.1028	1090.9	1003.8	0.220613	0.134115	0.0000	0.0000	0.1075	0.1126	10.8731	10.3857	PixelFly	L1.5-	160x60	1.0369	0	0	20	0	5	150	200	200	0	OT_3MA87G_181017010645
17/10/18 00:08:19	OT	Markab         	0.8227	1.1119	1079.1	1003.4	0.192346	0.131275	0.0000	0.0000	0.1167	0.1141	10.0144	10.2532	PixelFly	L1.5-	160x60	1.0369	0	0	20	0	5	150	200	200	0	OT_A2TXVN_181017010747
17/10/18 00:09:19	OT	Markab         	0.7449	1.1119	1104.5	992.7	0.175078	0.103414	0.0000	0.0000	0.1234	0.1316	9.4648	8.8858	PixelFly	L1.5-	160x60	1.0369	0	0	20	0	5	150	200	200	0	OT_588PWZ_181017010847
17/10/18 00:10:20	OT	Markab         	0.7720	1.1119	1091.6	1003.4	0.173241	0.117896	0.0000	0.0000	0.1242	0.1217	9.4051	9.6128	PixelFly	L1.5-	160x60	1.0369	0	0	20	0	5	150	200	200	0	OT_S4G7UQ_181017010947
17/10/18 00:11:19	OT	Markab         	0.7554	1.1119	1126.9	983.1	0.191272	0.098456	0.0000	0.0000	0.1171	0.1355	9.9808	8.6277	PixelFly	L1.5-	160x60	1.0369	0	0	20	0	5	150	200	200	0	OT_ZC7QVK_181017011046
17/10/18 00:12:20	OT	Markab         	0.5962	1.1119	1113.6	1026.0	0.119412	0.072243	0.0000	0.0000	0.1553	0.1632	7.5232	7.1652	PixelFly	L1.5-	160x60	1.0369	0	0	20	0	5	150	200	200	0	OT_1DLNA3_181017011148
17/10/18 00:13:40	OT	Markab         	0.7588	1.1217	1086.7	998.8	0.162293	0.120664	0.0000	0.0000	0.1292	0.1200	9.0439	9.7476	PixelFly	L1.5-	160x60	1.0369	0	0	20	0	5	150	200	200	0	OT_UDMPL7_181017011307
17/10/18 00:14:40	OT	Markab         	0.6543	1.1217	1082.6	956.2	0.141263	0.084705	0.0000	0.0000	0.1404	0.1484	8.3213	7.8831	PixelFly	L1.5-	160x60	1.0369	0	0	20	0	5	150	200	200	0	OT_7IUPS9_181017011407
17/10/18 00:15:40	OT	Markab         	0.7892	1.1217	1087.4	989.3	0.199863	0.111523	0.0000	0.0000	0.1140	0.1258	10.2474	9.2975	PixelFly	L1.5-	160x60	1.0369	0	0	20	0	5	150	200	200	0	OT_BQKJ03_181017011508
17/10/18 00:16:41	OT	Markab         	0.6122	1.1217	1063.7	976.6	0.121307	0.079106	0.0000	0.0000	0.1538	0.1546	7.5946	7.5662	PixelFly	L1.5-	160x60	1.0369	0	0	20	0	5	150	200	200	0	OT_49SSC4_181017011607
17/10/18 00:17:40	OT	Markab         	0.6708	1.1321	1051.6	973.4	0.136610	0.096966	0.0000	0.0000	0.1433	0.1368	8.1557	8.5491	PixelFly	L1.5-	160x60	1.0369	0	0	20	0	5	150	200	200	0	OT_39JUCD_181017011708
17/10/18 00:18:39	OT	Markab         	0.7375	1.1321	1058.4	979.5	0.196340	0.090931	0.0000	0.0000	0.1152	0.1422	10.1386	8.2258	PixelFly	L1.5-	160x60	1.0369	0	0	20	0	5	150	200	200	0	OT_EIMMYP_181017011807
17/10/18 00:19:38	OT	Markab         	0.7113	1.1321	1064.0	972.0	0.164533	0.097807	0.0000	0.0000	0.1281	0.1361	9.1185	8.5935	PixelFly	L1.5-	160x60	1.0369	0	0	20	0	5	150	200	200	0	OT_FHH2SO_181017011905
17/10/18 00:20:38	OT	Markab         	0.7601	1.1321	1079.6	976.0	0.197231	0.101017	0.0000	0.0000	0.1149	0.1335	10.1662	8.7617	PixelFly	L1.5-	160x60	1.0369	0	0	20	0	5	150	200	200	0	OT_DGZVCB_181017012005
17/10/18 00:21:38	OT	Markab         	0.6668	1.1321	1073.5	961.5	0.155133	0.083282	0.0000	0.0000	0.1327	0.1499	8.8023	7.8033	PixelFly	L1.5-	160x60	1.0369	0	0	20	0	5	150	200	200	0	OT_QAC5TA_181017012106
17/10/18 00:22:38	OT	Markab         	0.8047	1.1321	1051.7	968.8	0.202344	0.119989	0.0000	0.0000	0.1132	0.1204	10.3235	9.7148	PixelFly	L1.5-	160x60	1.0369	0	0	20	0	5	150	200	200	0	OT_KI5WZ7_181017012205
17/10/18 00:23:37	OT	Markab         	0.7668	1.1431	1027.3	1018.7	0.188477	0.111857	0.0000	0.0000	0.1181	0.1256	9.8930	9.3142	PixelFly	L1.5-	160x60	1.0369	0	0	20	0	5	150	200	200	0	OT_V9Z0P9_181017012305
17/10/18 00:24:36	OT	Markab         	0.7451	1.1431	1079.3	936.6	0.170062	0.112836	0.0000	0.0000	0.1256	0.1249	9.3012	9.3631	PixelFly	L1.5-	160x60	1.0369	0	0	20	0	5	150	200	200	0	OT_0WV5U9_181017012403
17/10/18 00:25:36	OT	Markab         	0.8645	1.1431	1057.9	935.3	0.225015	0.139898	0.0000	0.0000	0.1062	0.1098	11.0027	10.6521	PixelFly	L1.5-	160x60	1.0369	0	0	20	0	5	150	200	200	0	OT_Z6S9U6_181017012503
17/10/18 00:26:36	OT	Markab         	0.7834	1.1431	1083.6	948.8	0.218272	0.102138	0.0000	0.0000	0.1081	0.1326	10.8037	8.8199	PixelFly	L1.5-	160x60	1.0369	0	0	20	0	5	150	200	200	0	OT_3QF7KD_181017012603
17/10/18 00:27:38	OT	Markab         	0.8118	1.1431	1050.0	946.3	0.212540	0.119704	0.0000	0.0000	0.1099	0.1206	10.6326	9.7010	PixelFly	L1.5-	160x60	1.0369	0	0	20	0	5	150	200	200	0	OT_K3IX0I_181017012705
17/10/18 00:28:38	OT	Markab         	0.8642	1.1549	1036.0	947.9	0.212994	0.150624	0.0000	0.0000	0.1097	0.1050	10.6462	11.1349	PixelFly	L1.5-	160x60	1.0369	0	0	20	0	5	150	200	200	0	OT_35HM3C_181017012805
17/10/18 00:29:37	OT	Markab         	0.8239	1.1549	1059.6	963.0	0.226949	0.119808	0.0000	0.0000	0.1056	0.1205	11.0594	9.7060	PixelFly	L1.5-	160x60	1.0369	0	0	20	0	5	150	200	200	0	OT_PYRI86_181017012905
17/10/18 00:30:37	OT	Markab         	0.7479	1.1549	1061.8	994.5	0.183652	0.107791	0.0000	0.0000	0.1200	0.1284	9.7403	9.1096	PixelFly	L1.5-	160x60	1.0369	0	0	20	0	5	150	200	200	0	OT_KP58Q0_181017013005
17/10/18 00:31:40	OT	Markab         	0.8392	1.1549	1075.2	971.0	0.230337	0.125740	0.0000	0.0000	0.1047	0.1170	11.1581	9.9916	PixelFly	L1.5-	160x60	1.0369	0	0	20	0	5	150	200	200	0	OT_TYBVBJ_181017013107
17/10/18 00:32:40	OT	Markab         	0.6569	1.1549	1094.4	958.2	0.163543	0.077455	0.0000	0.0000	0.1286	0.1565	9.0856	7.4710	PixelFly	L1.5-	160x60	1.0369	0	0	20	0	5	150	200	200	0	OT_Y3EHVE_181017013207
17/10/18 00:33:38	OT	Markab         	0.6334	1.1674	1062.4	975.7	0.124440	0.093322	0.0000	0.0000	0.1515	0.1400	7.7117	8.3549	PixelFly	L1.5-	160x60	1.0369	0	0	20	0	5	150	200	200	0	OT_DX6IDS_181017013306
17/10/18 00:34:38	OT	Markab         	0.6788	1.1674	1083.6	994.2	0.147333	0.099546	0.0000	0.0000	0.1369	0.1347	8.5340	8.6849	PixelFly	L1.5-	160x60	1.0369	0	0	20	0	5	150	200	200	0	OT_6OQZNY_181017013406
17/10/18 00:35:38	OT	Markab         	0.7662	1.1674	1036.7	985.8	0.219579	0.097803	0.0000	0.0000	0.1078	0.1361	10.8425	8.5933	PixelFly	L1.5-	160x60	1.0369	0	0	20	0	5	150	200	200	0	OT_1T4N57_181017013505
17/10/18 00:36:44	OT	Markab         	0.6351	1.1674	1104.7	988.6	0.157148	0.073477	0.0000	0.0000	0.1317	0.1616	8.8707	7.2384	PixelFly	L1.5-	160x60	1.0369	0	0	20	0	5	150	200	200	0	OT_RA2X1N_181017013611
17/10/18 00:52:28	OT	Mirfak         	0.5822	1.1762	2198.8	1902.4	0.105705	0.083972	0.0000	0.0000	0.1671	0.1491	6.9925	7.8420	PixelFly	L1.5-	160x60	1.0369	0	0	20	0	5	150	200	200	0	OT_ULOKVT_181017015155
17/10/18 00:53:28	OT	Mirfak         	0.6811	1.1677	2133.2	1898.9	0.157936	0.093834	0.0000	0.0000	0.1313	0.1395	8.8974	8.3823	PixelFly	L1.5-	160x60	1.0369	0	0	20	0	5	150	200	200	0	OT_2M5E4N_181017015255
17/10/18 01:09:31	OT	Alpheratz      	0.5131	1.0680	1775.4	1588.8	0.093055	0.051673	0.0000	0.0000	0.1804	0.1996	6.4777	5.8601	PixelFly	L1.5-	160x60	1.0369	0	0	20	0	5	150	200	200	0	OT_WS6JJO_181017020858
17/10/18 01:10:30	OT	Alpheratz      	0.5502	1.0680	1800.4	1633.9	0.111238	0.054050	0.0000	0.0000	0.1621	0.1942	7.2098	6.0204	PixelFly	L1.5-	160x60	1.0369	0	0	20	0	5	150	200	200	0	OT_MPYRTK_181017020957
17/10/18 01:11:28	OT	Alpheratz      	0.5295	1.0680	1748.0	1602.4	0.095078	0.056305	0.0000	0.0000	0.1781	0.1895	6.5618	6.1699	PixelFly	L1.5-	160x60	1.0369	0	0	20	0	5	150	200	200	0	OT_ZHQH17_181017021055
17/10/18 01:12:27	OT	Alpheratz      	0.4549	1.0680	1721.3	1603.4	0.070441	0.045906	0.0000	0.0000	0.2132	0.2142	5.4811	5.4584	PixelFly	L1.5-	160x60	1.0369	0	0	20	0	5	150	200	200	0	OT_4N4E0O_181017021154
17/10/18 01:13:28	OT	Alpheratz      	0.4120	1.0759	1737.9	1628.4	0.064190	0.036646	0.0000	0.0000	0.2254	0.2453	5.1839	4.7683	PixelFly	L1.5-	160x60	1.0369	0	0	20	0	5	150	200	200	0	OT_ELESC8_181017021256
17/10/18 01:22:21	OT	Mirach         	0.5310	1.0210	1996.0	1752.5	0.094354	0.052204	0.0000	0.0000	0.1789	0.1983	6.5317	5.8962	PixelFly	L1.5-	160x60	1.0369	0	0	20	0	5	150	200	200	0	OT_RNJ4GL_181017022148
17/10/18 01:23:21	OT	Mirach         	0.5196	1.0242	1996.7	1737.5	0.084395	0.054893	0.0000	0.0000	0.1913	0.1925	6.1089	6.0766	PixelFly	L1.5-	160x60	1.0369	0	0	20	0	5	150	200	200	0	OT_FAWR81_181017022248
17/10/18 01:24:20	OT	Mirach         	0.5028	1.0242	1960.2	1767.9	0.072998	0.056639	0.0000	0.0000	0.2087	0.1889	5.5996	6.1918	PixelFly	L1.5-	160x60	1.0369	0	0	20	0	5	150	200	200	0	OT_WQMXGA_181017022348
17/10/18 01:25:21	OT	Mirach         	0.5205	1.0242	1995.0	1760.0	0.093944	0.049221	0.0000	0.0000	0.1793	0.2055	6.5147	5.6916	PixelFly	L1.5-	160x60	1.0369	0	0	20	0	5	150	200	200	0	OT_Q2PW5B_181017022448
17/10/18 01:26:23	OT	Mirach         	0.4404	1.0242	2000.4	1772.4	0.066112	0.040336	0.0000	0.0000	0.2214	0.2315	5.2765	5.0509	PixelFly	L1.5-	160x60	1.0369	0	0	20	0	5	150	200	200	0	OT_PC7UJW_181017022550
17/10/18 01:27:22	OT	Mirach         	0.4188	1.0242	1951.6	1753.6	0.056109	0.040176	0.0000	0.0000	0.2443	0.2321	4.7818	5.0388	PixelFly	L1.5-	160x60	1.0369	0	0	20	0	5	150	200	200	0	OT_3P9AHX_181017022649
17/10/18 01:28:20	OT	Mirach         	0.4527	1.0278	2026.9	1729.7	0.063663	0.046216	0.0000	0.0000	0.2265	0.2134	5.1583	5.4806	PixelFly	L1.5-	160x60	1.0369	0	0	20	0	5	150	200	200	0	OT_CTANNG_181017022748
17/10/18 01:29:20	OT	Mirach         	0.4542	1.0278	1991.5	1783.0	0.065588	0.045395	0.0000	0.0000	0.2225	0.2157	5.2513	5.4219	PixelFly	L1.5-	160x60	1.0369	0	0	20	0	5	150	200	200	0	OT_W6M546_181017022847
17/10/18 01:30:20	OT	Mirach         	0.5018	1.0278	2030.9	1786.2	0.082958	0.049987	0.0000	0.0000	0.1932	0.2036	6.0463	5.7447	PixelFly	L1.5-	160x60	1.0369	0	0	20	0	5	150	200	200	0	OT_VNV7K0_181017022947
17/10/18 01:31:22	OT	Mirach         	0.4899	1.0278	2001.4	1775.9	0.072936	0.052475	0.0000	0.0000	0.2088	0.1977	5.5968	5.9145	PixelFly	L1.5-	160x60	1.0369	0	0	20	0	5	150	200	200	0	OT_7T1OHO_181017023049
17/10/18 01:32:22	OT	Mirach         	0.5251	1.0278	1967.5	1750.2	0.074499	0.064135	0.0000	0.0000	0.2061	0.1753	5.6685	6.6713	PixelFly	L1.5-	160x60	1.0369	0	0	20	0	5	150	200	200	0	OT_F922NQ_181017023149
17/10/18 01:33:22	OT	Mirach         	0.4730	1.0317	1982.9	1753.9	0.068765	0.049882	0.0000	0.0000	0.2163	0.2038	5.4025	5.7374	PixelFly	L1.5-	160x60	1.0369	0	0	20	0	5	150	200	200	0	OT_ED6THI_181017023249
17/10/18 01:34:23	OT	Mirach         	0.5082	1.0317	2054.8	1765.7	0.078762	0.055370	0.0000	0.0000	0.1994	0.1915	5.8609	6.1082	PixelFly	L1.5-	160x60	1.0369	0	0	20	0	5	150	200	200	0	OT_GH0W60_181017023351
17/10/18 01:35:23	OT	Mirach         	0.4793	1.0317	1991.4	1718.9	0.079895	0.044767	0.0000	0.0000	0.1976	0.2175	5.9113	5.3768	PixelFly	L1.5-	160x60	1.0369	0	0	20	0	5	150	200	200	0	OT_LIPUZM_181017023450
17/10/18 01:36:25	OT	Mirach         	0.4445	1.0317	2003.6	1781.5	0.068248	0.040871	0.0000	0.0000	0.2172	0.2297	5.3781	5.0909	PixelFly	L1.5-	160x60	1.0369	0	0	20	0	5	150	200	200	0	OT_5AMXW4_181017023552
17/10/18 01:37:24	OT	Mirach         	0.4382	1.0317	2025.9	1729.1	0.057238	0.046232	0.0000	0.0000	0.2414	0.2133	4.8393	5.4817	PixelFly	L1.5-	160x60	1.0369	0	0	20	0	5	150	200	200	0	OT_JT1QL2_181017023651
17/10/18 01:38:22	OT	Mirach         	0.4563	1.0360	1979.7	1759.4	0.074536	0.041057	0.0000	0.0000	0.2061	0.2291	5.6701	5.1048	PixelFly	L1.5-	160x60	1.0369	0	0	20	0	5	150	200	200	0	OT_116UGC_181017023750
17/10/18 01:39:22	OT	Mirach         	0.4731	1.0360	2060.3	1745.1	0.071940	0.048211	0.0000	0.0000	0.2105	0.2080	5.5508	5.6213	PixelFly	L1.5-	160x60	1.0369	0	0	20	0	5	150	200	200	0	OT_51E3C8_181017023850
17/10/18 01:40:22	OT	Mirach         	0.4676	1.0360	2000.4	1756.4	0.076969	0.043183	0.0000	0.0000	0.2021	0.2223	5.7805	5.2618	PixelFly	L1.5-	160x60	1.0369	0	0	20	0	5	150	200	200	0	OT_IQ69Q9_181017023949
17/10/18 01:41:21	OT	Mirach         	0.6090	1.0360	1990.3	1743.5	0.106761	0.075304	0.0000	0.0000	0.1661	0.1592	7.0343	7.3458	PixelFly	L1.5-	160x60	1.0369	0	0	20	0	5	150	200	200	0	OT_EO5JTF_181017024049
17/10/18 01:42:21	OT	Mirach         	0.4919	1.0360	1979.9	1755.7	0.078607	0.050236	0.0000	0.0000	0.1996	0.2030	5.8540	5.7618	PixelFly	L1.5-	160x60	1.0369	0	0	20	0	5	150	200	200	0	OT_9TU2D2_181017024148
17/10/18 01:43:21	OT	Mirach         	0.4684	1.0408	2014.0	1745.2	0.067951	0.049703	0.0000	0.0000	0.2178	0.2043	5.3640	5.7251	PixelFly	L1.5-	160x60	1.0369	0	0	20	0	5	150	200	200	0	OT_MMSODX_181017024248
17/10/18 01:44:23	OT	Mirach         	0.4197	1.0408	2011.5	1723.3	0.063849	0.036679	0.0000	0.0000	0.2261	0.2451	5.1673	4.7709	PixelFly	L1.5-	160x60	1.0369	0	0	20	0	5	150	200	200	0	OT_BHA4AP_181017024351
17/10/18 01:45:24	OT	Mirach         	0.3999	1.0408	2044.3	1765.2	0.060766	0.032697	0.0000	0.0000	0.2329	0.2626	5.0162	4.4530	PixelFly	L1.5-	160x60	1.0369	0	0	20	0	5	150	200	200	0	OT_9Z510F_181017024451
17/10/18 01:46:24	OT	Mirach         	0.3839	1.0408	2011.2	1760.4	0.047283	0.036713	0.0000	0.0000	0.2708	0.2450	4.3151	4.7735	PixelFly	L1.5-	160x60	1.0369	0	0	20	0	5	150	200	200	0	OT_5JFCMK_181017024551
17/10/18 01:47:23	OT	Mirach         	0.3659	1.0408	1995.8	1787.2	0.050747	0.029216	0.0000	0.0000	0.2595	0.2810	4.5021	4.1622	PixelFly	L1.5-	160x60	1.0369	0	0	20	0	5	150	200	200	0	OT_7HXIOH_181017024651
17/10/18 01:48:22	OT	Mirach         	0.3718	1.0459	2036.8	1752.1	0.048008	0.032971	0.0000	0.0000	0.2683	0.2613	4.3548	4.4753	PixelFly	L1.5-	160x60	1.0369	0	0	20	0	5	150	200	200	0	OT_CABAC2_181017024750
17/10/18 01:49:21	OT	Mirach         	0.4847	1.0459	2047.8	1762.9	0.076806	0.049864	0.0000	0.0000	0.2024	0.2039	5.7731	5.7362	PixelFly	L1.5-	160x60	1.0369	0	0	20	0	5	150	200	200	0	OT_BTW2TA_181017024848
17/10/18 01:50:27	OT	Mirach         	0.4655	1.0459	2022.2	1759.6	0.077568	0.042960	0.0000	0.0000	0.2012	0.2229	5.8074	5.2455	PixelFly	L1.5-	160x60	1.0369	0	0	20	0	5	150	200	200	0	OT_3W6DSY_181017024954
17/10/18 01:51:27	OT	Mirach         	0.4445	1.0459	2014.9	1769.8	0.062316	0.045957	0.0000	0.0000	0.2294	0.2141	5.0925	5.4621	PixelFly	L1.5-	160x60	1.0369	0	0	20	0	5	150	200	200	0	OT_QFKM08_181017025055
17/10/18 01:52:27	OT	Mirach         	0.4383	1.0459	2017.0	1783.6	0.061977	0.044143	0.0000	0.0000	0.2302	0.2193	5.0759	5.3317	PixelFly	L1.5-	160x60	1.0369	0	0	20	0	5	150	200	200	0	OT_QIQZET_181017025154
17/10/18 01:53:27	OT	Mirach         	0.4781	1.0514	2036.8	1717.6	0.078885	0.046803	0.0000	0.0000	0.1992	0.2118	5.8664	5.5222	PixelFly	L1.5-	160x60	1.0369	0	0	20	0	5	150	200	200	0	OT_SHJF75_181017025254
17/10/18 01:54:26	OT	Mirach         	0.4900	1.0514	1996.4	1758.2	0.077222	0.051984	0.0000	0.0000	0.2017	0.1988	5.7919	5.8813	PixelFly	L1.5-	160x60	1.0369	0	0	20	0	5	150	200	200	0	OT_OH2KSX_181017025353
17/10/18 01:55:25	OT	Mirach         	0.5350	1.0514	2021.7	1739.0	0.077391	0.068583	0.0000	0.0000	0.2015	0.1684	5.7994	6.9451	PixelFly	L1.5-	160x60	1.0369	0	0	20	0	5	150	200	200	0	OT_OY3481_181017025453
17/10/18 01:56:26	OT	Mirach         	0.5032	1.0514	1970.3	1695.3	0.093431	0.046391	0.0000	0.0000	0.1799	0.2129	6.4933	5.4930	PixelFly	L1.5-	160x60	1.0369	0	0	20	0	5	150	200	200	0	OT_FLGCPO_181017025553
17/10/18 01:57:25	OT	Mirach         	0.5038	1.0514	2055.4	1740.6	0.092097	0.047384	0.0000	0.0000	0.1815	0.2102	6.4376	5.5632	PixelFly	L1.5-	160x60	1.0369	0	0	20	0	5	150	200	200	0	OT_DY07H1_181017025652
17/10/18 01:58:25	OT	Mirach         	0.5120	1.0574	2004.7	1747.4	0.095458	0.048767	0.0000	0.0000	0.1776	0.2066	6.5775	5.6601	PixelFly	L1.5-	160x60	1.0369	0	0	20	0	5	150	200	200	0	OT_0IDPR0_181017025752
17/10/18 01:59:24	OT	Mirach         	0.5619	1.0574	1970.5	1739.9	0.092303	0.069240	0.0000	0.0000	0.1812	0.1674	6.4462	6.9850	PixelFly	L1.5-	160x60	1.0369	0	0	20	0	5	150	200	200	0	OT_QJMXSS_181017025852
17/10/18 02:00:37	OT	Mirach         	0.5070	1.0574	2016.0	1733.6	0.077430	0.058586	0.0000	0.0000	0.2014	0.1851	5.8012	6.3187	PixelFly	L1.5-	160x60	1.0369	0	0	20	0	5	150	200	200	0	OT_E733DL_181017030004
17/10/18 02:01:38	OT	Mirach         	0.4986	1.0574	1996.1	1709.9	0.073445	0.058279	0.0000	0.0000	0.2079	0.1857	5.6202	6.2988	PixelFly	L1.5-	160x60	1.0369	0	0	20	0	5	150	200	200	0	OT_W9AB1I_181017030106
17/10/18 02:02:38	OT	Mirach         	0.4666	1.0574	1998.4	1677.3	0.081159	0.042161	0.0000	0.0000	0.1958	0.2255	5.9673	5.1867	PixelFly	L1.5-	160x60	1.0369	0	0	20	0	5	150	200	200	0	OT_KSC5DE_181017030205
17/10/18 02:03:37	OT	Mirach         	0.4546	1.0637	2004.1	1701.0	0.073384	0.043553	0.0000	0.0000	0.2080	0.2211	5.6174	5.2888	PixelFly	L1.5-	160x60	1.0369	0	0	20	0	5	150	200	200	0	OT_EFL85E_181017030304
17/10/18 02:04:37	OT	Mirach         	0.4069	1.0637	2017.0	1724.8	0.059086	0.037412	0.0000	0.0000	0.2369	0.2422	4.9324	4.8279	PixelFly	L1.5-	160x60	1.0369	0	0	20	0	5	150	200	200	0	OT_9NXXEE_181017030404
17/10/18 02:05:37	OT	Mirach         	0.4776	1.0637	1955.1	1711.4	0.056015	0.064282	0.0000	0.0000	0.2446	0.1751	4.7770	6.6804	PixelFly	L1.5-	160x60	1.0369	0	0	20	0	5	150	200	200	0	OT_I85T82_181017030504
17/10/18 02:06:37	OT	Mirach         	0.5699	1.0637	1975.1	1729.0	0.107566	0.063073	0.0000	0.0000	0.1653	0.1771	7.0661	6.6048	PixelFly	L1.5-	160x60	1.0369	0	0	20	0	5	150	200	200	0	OT_VJWOVH_181017030604
17/10/18 02:07:37	OT	Mirach         	0.4237	1.0637	2000.5	1723.4	0.067357	0.037430	0.0000	0.0000	0.2190	0.2422	5.3358	4.8293	PixelFly	L1.5-	160x60	1.0369	0	0	20	0	5	150	200	200	0	OT_B734G4_181017030704
17/10/18 02:08:37	OT	Mirach         	0.5147	1.0706	1960.0	1749.4	0.074091	0.065314	0.0000	0.0000	0.2068	0.1734	5.6498	6.7446	PixelFly	L1.5-	160x60	1.0369	0	0	20	0	5	150	200	200	0	OT_KHZUWM_181017030805
17/10/18 02:09:38	OT	Mirach         	0.5074	1.0706	1996.4	1716.1	0.094232	0.049230	0.0000	0.0000	0.1790	0.2054	6.5267	5.6923	PixelFly	L1.5-	160x60	1.0369	0	0	20	0	5	150	200	200	0	OT_MKGILR_181017030905
17/10/18 02:10:37	OT	Mirach         	0.4750	1.0706	1996.1	1756.1	0.079518	0.047116	0.0000	0.0000	0.1982	0.2109	5.8946	5.5443	PixelFly	L1.5-	160x60	1.0369	0	0	20	0	5	150	200	200	0	OT_QG3VO9_181017031004
17/10/18 02:11:37	OT	Mirach         	0.4923	1.0706	1988.3	1715.1	0.077658	0.054405	0.0000	0.0000	0.2010	0.1935	5.8115	6.0441	PixelFly	L1.5-	160x60	1.0369	0	0	20	0	5	150	200	200	0	OT_H612H4_181017031104
17/10/18 02:12:37	OT	Mirach         	0.4641	1.0706	1982.7	1714.6	0.069551	0.049874	0.0000	0.0000	0.2148	0.2038	5.4395	5.7369	PixelFly	L1.5-	160x60	1.0369	0	0	20	0	5	150	200	200	0	OT_7PS6FY_181017031204
17/10/18 02:13:36	OT	Mirach         	0.4419	1.0778	1933.0	1721.2	0.058276	0.050677	0.0000	0.0000	0.2388	0.2019	4.8918	5.7921	PixelFly	L1.5-	160x60	1.0369	0	0	20	0	5	150	200	200	0	OT_3SQA5R_181017031303
17/10/18 02:14:35	OT	Mirach         	0.4791	1.0778	1965.3	1714.4	0.072954	0.053549	0.0000	0.0000	0.2087	0.1953	5.5976	5.9869	PixelFly	L1.5-	160x60	1.0369	0	0	20	0	5	150	200	200	0	OT_CJXSCY_181017031403
17/10/18 02:15:37	OT	Mirach         	0.4641	1.0778	1979.1	1753.1	0.079009	0.044389	0.0000	0.0000	0.1990	0.2186	5.8719	5.3495	PixelFly	L1.5-	160x60	1.0369	0	0	20	0	5	150	200	200	0	OT_AUSSE2_181017031505
17/10/18 02:16:40	OT	Mirach         	0.5098	1.0778	1968.1	1701.2	0.086501	0.055658	0.0000	0.0000	0.1884	0.1909	6.1999	6.1273	PixelFly	L1.5-	160x60	1.0369	0	0	20	0	5	150	200	200	0	OT_UC5MMU_181017031607
17/10/18 02:17:39	OT	Mirach         	0.5146	1.0778	1889.1	1667.8	0.076361	0.064428	0.0000	0.0000	0.2031	0.1748	5.7530	6.6895	PixelFly	L1.5-	160x60	1.0369	0	0	20	0	5	150	200	200	0	OT_4PFL1M_181017031706
17/10/18 02:18:38	OT	Mirach         	0.4274	1.0856	1913.4	1671.0	0.063029	0.043053	0.0000	0.0000	0.2279	0.2227	5.1274	5.2523	PixelFly	L1.5-	160x60	1.0369	0	0	20	0	5	150	200	200	0	OT_LBGKF6_181017031806
17/10/18 02:19:39	OT	Mirach         	0.4335	1.0856	1867.0	1593.8	0.072389	0.039083	0.0000	0.0000	0.2097	0.2360	5.5716	4.9561	PixelFly	L1.5-	160x60	1.0369	0	0	20	0	5	150	200	200	0	OT_V9QS82_181017031906
17/10/18 02:20:39	OT	Mirach         	0.4451	1.0856	1852.8	1614.0	0.064833	0.047819	0.0000	0.0000	0.2240	0.2091	5.2150	5.5939	PixelFly	L1.5-	160x60	1.0369	0	0	20	0	5	150	200	200	0	OT_AOMCOE_181017032006
17/10/18 02:21:40	OT	Mirach         	0.4221	1.0856	1911.5	1713.4	0.065516	0.039677	0.0000	0.0000	0.2226	0.2338	5.2478	5.0012	PixelFly	L1.5-	160x60	1.0369	0	0	20	0	5	150	200	200	0	OT_IASDVW_181017032107
17/10/18 02:22:40	OT	Mirach         	0.4079	1.0856	1950.7	1716.0	0.060384	0.038466	0.0000	0.0000	0.2338	0.2382	4.9972	4.9090	PixelFly	L1.5-	160x60	1.0369	0	0	20	0	5	150	200	200	0	OT_PO88E5_181017032208
17/10/18 02:23:40	OT	Mirach         	0.4145	1.0938	2003.1	1753.6	0.057258	0.043315	0.0000	0.0000	0.2414	0.2218	4.8403	5.2715	PixelFly	L1.5-	160x60	1.0369	0	0	20	0	5	150	200	200	0	OT_HXNQCL_181017032307
17/10/18 02:24:40	OT	Mirach         	0.3889	1.0938	2028.4	1726.6	0.054588	0.036847	0.0000	0.0000	0.2484	0.2445	4.7036	4.7840	PixelFly	L1.5-	160x60	1.0369	0	0	20	0	5	150	200	200	0	OT_TNQCBL_181017032407
17/10/18 02:25:39	OT	Mirach         	0.3460	1.0938	1996.6	1734.7	0.042438	0.031999	0.0000	0.0000	0.2889	0.2660	4.0442	4.3957	PixelFly	L1.5-	160x60	1.0369	0	0	20	0	5	150	200	200	0	OT_4OTY7W_181017032506
17/10/18 02:26:39	OT	Mirach         	0.3361	1.0938	1988.3	1715.8	0.045295	0.027269	0.0000	0.0000	0.2778	0.2928	4.2053	3.9935	PixelFly	L1.5-	160x60	1.0369	0	0	20	0	5	150	200	200	0	OT_QWTH2D_181017032606
17/10/18 02:27:38	OT	Mirach         	0.3278	1.0938	1917.4	1731.3	0.042763	0.026579	0.0000	0.0000	0.2876	0.2974	4.0627	3.9326	PixelFly	L1.5-	160x60	1.0369	0	0	20	0	5	150	200	200	0	OT_BUSYME_181017032705
17/10/18 02:28:38	OT	Mirach         	0.3204	1.1025	1905.2	1675.7	0.042047	0.025459	0.0000	0.0000	0.2905	0.3052	4.0217	3.8323	PixelFly	L1.5-	160x60	1.0369	0	0	20	0	5	150	200	200	0	OT_1Z02Y2_181017032806
17/10/18 02:29:38	OT	Mirach         	0.3392	1.1025	1895.5	1649.1	0.042110	0.030698	0.0000	0.0000	0.2902	0.2728	4.0254	4.2876	PixelFly	L1.5-	160x60	1.0369	0	0	20	0	5	150	200	200	0	OT_16EZ3G_181017032906
17/10/18 02:30:39	OT	Mirach         	0.3194	1.1025	1818.5	1604.7	0.038646	0.027395	0.0000	0.0000	0.3056	0.2920	3.8233	4.0045	PixelFly	L1.5-	160x60	1.0369	0	0	20	0	5	150	200	200	0	OT_UBIPBH_181017033006
17/10/18 02:31:40	OT	Mirach         	0.3149	1.1025	1707.2	1542.5	0.039309	0.025706	0.0000	0.0000	0.3025	0.3034	3.8625	3.8545	PixelFly	L1.5-	160x60	1.0369	0	0	20	0	5	150	200	200	0	OT_RZFW6B_181017033107
17/10/18 02:32:39	OT	Mirach         	0.4121	1.1025	1686.3	1472.3	0.062145	0.039887	0.0000	0.0000	0.2298	0.2331	5.0841	5.0171	PixelFly	L1.5-	160x60	1.0369	0	0	20	0	5	150	200	200	0	OT_OM6D88_181017033206
17/10/18 02:33:40	OT	Mirach         	0.4093	1.1117	1684.8	1450.5	0.067890	0.036041	0.0000	0.0000	0.2179	0.2477	5.3611	4.7209	PixelFly	L1.5-	160x60	1.0369	0	0	20	0	5	150	200	200	0	OT_Q10670_181017033308
17/10/18 02:34:43	OT	Mirach         	0.4178	1.1117	1646.0	1434.3	0.067277	0.039113	0.0000	0.0000	0.2191	0.2359	5.3320	4.9584	PixelFly	L1.5-	160x60	1.0369	0	0	20	0	5	150	200	200	0	OT_UJ1LJY_181017033410
17/10/18 02:35:43	OT	Mirach         	0.4641	1.1117	1674.0	1496.7	0.073625	0.050861	0.0000	0.0000	0.2076	0.2015	5.6285	5.8047	PixelFly	L1.5-	160x60	1.0369	0	0	20	0	5	150	200	200	0	OT_F8J43L_181017033510
17/10/18 02:36:43	OT	Mirach         	0.4762	1.1117	1733.0	1523.4	0.067292	0.059807	0.0000	0.0000	0.2191	0.1828	5.3327	6.3974	PixelFly	L1.5-	160x60	1.0369	0	0	20	0	5	150	200	200	0	OT_Y4RBQB_181017033610
17/10/18 02:37:43	OT	Mirach         	0.5411	1.1117	1741.1	1505.0	0.102359	0.060960	0.0000	0.0000	0.1703	0.1807	6.8588	6.4711	PixelFly	L1.5-	160x60	1.0369	0	0	20	0	5	150	200	200	0	OT_7BSAHH_181017033710
17/10/18 02:38:43	OT	Mirach         	0.5418	1.1215	1812.9	1559.3	0.084790	0.074336	0.0000	0.0000	0.1907	0.1604	6.1260	7.2890	PixelFly	L1.5-	160x60	1.0369	0	0	20	0	5	150	200	200	0	OT_VZVF7D_181017033810
17/10/18 02:39:43	OT	Mirach         	0.5212	1.1215	1757.2	1487.2	0.088613	0.063265	0.0000	0.0000	0.1857	0.1767	6.2903	6.6168	PixelFly	L1.5-	160x60	1.0369	0	0	20	0	5	150	200	200	0	OT_DN5XV2_181017033910
17/10/18 02:40:45	OT	Mirach         	0.5011	1.1215	1917.9	1672.2	0.088523	0.055570	0.0000	0.0000	0.1859	0.1910	6.2865	6.1214	PixelFly	L1.5-	160x60	1.0369	0	0	20	0	5	150	200	200	0	OT_4CUIQX_181017034013
17/10/18 02:41:44	OT	Mirach         	0.4560	1.1215	1836.0	1593.0	0.074561	0.048212	0.0000	0.0000	0.2060	0.2080	5.6713	5.6214	PixelFly	L1.5-	160x60	1.0369	0	0	20	0	5	150	200	200	0	OT_T7TAFK_181017034112
17/10/18 02:42:56	OT	Mirach         	0.4840	1.1215	1806.5	1533.8	0.074909	0.058284	0.0000	0.0000	0.2054	0.1857	5.6872	6.2991	PixelFly	L1.5-	160x60	1.0369	0	0	20	0	5	150	200	200	0	OT_YL6W3M_181017034223
17/10/18 02:43:58	OT	Mirach         	0.4368	1.1318	1678.3	1468.7	0.067386	0.047023	0.0000	0.0000	0.2189	0.2112	5.3372	5.5378	PixelFly	L1.5-	160x60	1.0369	0	0	20	0	5	150	200	200	0	OT_ZTR24R_181017034325
17/10/18 02:44:59	OT	Mirach         	0.4989	1.1318	1491.0	1354.1	0.083501	0.059083	0.0000	0.0000	0.1925	0.1841	6.0700	6.3508	PixelFly	L1.5-	160x60	1.0369	0	0	20	0	5	150	200	200	0	OT_HG03YX_181017034427
17/10/18 02:46:00	OT	Mirach         	0.4979	1.1318	1578.3	1370.7	0.083441	0.058771	0.0000	0.0000	0.1926	0.1847	6.0674	6.3306	PixelFly	L1.5-	160x60	1.0369	0	0	20	0	5	150	200	200	0	OT_RI8JRU_181017034527
17/10/18 02:47:00	OT	Mirach         	0.5531	1.1318	1675.0	1448.5	0.094226	0.073608	0.0000	0.0000	0.1790	0.1614	6.5264	7.2461	PixelFly	L1.5-	160x60	1.0369	0	0	20	0	5	150	200	200	0	OT_SIWTFA_181017034627
17/10/18 02:48:00	OT	Mirach         	0.5007	1.1427	1844.9	1663.0	0.095406	0.053192	0.0000	0.0000	0.1777	0.1961	6.5753	5.9629	PixelFly	L1.5-	160x60	1.0369	0	0	20	0	5	150	200	200	0	OT_MO6LKX_181017034727
17/10/18 02:49:02	OT	Mirach         	0.4805	1.1427	1935.6	1658.4	0.077037	0.057525	0.0000	0.0000	0.2020	0.1871	5.7835	6.2498	PixelFly	L1.5-	160x60	1.0369	0	0	20	0	5	150	200	200	0	OT_IPUI5W_181017034829
17/10/18 02:50:02	OT	Mirach         	0.5248	1.1427	1928.7	1706.9	0.093869	0.063487	0.0000	0.0000	0.1794	0.1764	6.5116	6.6307	PixelFly	L1.5-	160x60	1.0369	0	0	20	0	5	150	200	200	0	OT_OF7EHB_181017034929
17/10/18 02:51:02	OT	Mirach         	0.5664	1.1427	2039.3	1716.1	0.106695	0.072010	0.0000	0.0000	0.1662	0.1635	7.0317	7.1513	PixelFly	L1.5-	160x60	1.0369	0	0	20	0	5	150	200	200	0	OT_4FO5K0_181017035029
17/10/18 02:52:02	OT	Mirach         	0.5403	1.1427	1921.8	1725.5	0.103099	0.063666	0.0000	0.0000	0.1696	0.1761	6.8885	6.6419	PixelFly	L1.5-	160x60	1.0369	0	0	20	0	5	150	200	200	0	OT_17JAD1_181017035129
17/10/18 02:53:04	OT	Mirach         	0.6147	1.1542	1871.2	1685.9	0.122540	0.084041	0.0000	0.0000	0.1529	0.1491	7.6408	7.8459	PixelFly	L1.5-	160x60	1.0369	0	0	20	0	5	150	200	200	0	OT_WDQ5NP_181017035231
17/10/18 02:54:06	OT	Mirach         	0.4709	1.1542	1875.3	1679.0	0.096782	0.042762	0.0000	0.0000	0.1762	0.2236	6.6321	5.2310	PixelFly	L1.5-	160x60	1.0369	0	0	20	0	5	150	200	200	0	OT_L34FN4_181017035333
17/10/18 02:55:05	OT	Mirach         	0.4871	1.1542	1946.2	1704.2	0.081162	0.058341	0.0000	0.0000	0.1958	0.1855	5.9674	6.3028	PixelFly	L1.5-	160x60	1.0369	0	0	20	0	5	150	200	200	0	OT_2BKK2L_181017035433
17/10/18 02:56:05	OT	Mirach         	0.4726	1.1542	1963.1	1726.5	0.085972	0.049760	0.0000	0.0000	0.1891	0.2041	6.1772	5.7290	PixelFly	L1.5-	160x60	1.0369	0	0	20	0	5	150	200	200	0	OT_11Q6KR_181017035533
17/10/18 02:57:05	OT	Mirach         	0.6041	1.1542	1910.5	1718.6	0.133114	0.072623	0.0000	0.0000	0.1455	0.1627	8.0299	7.1878	PixelFly	L1.5-	160x60	1.0369	0	0	20	0	5	150	200	200	0	OT_EHNGGC_181017035632
17/10/18 02:58:05	OT	Mirach         	0.7470	1.1663	1947.8	1653.2	0.182367	0.110310	0.0000	0.0000	0.1205	0.1266	9.6993	9.2367	PixelFly	L1.5-	160x60	1.0369	0	0	20	0	5	150	200	200	0	OT_4RX04T_181017035732
17/10/18 02:59:04	OT	Mirach         	0.6590	1.1663	1871.8	1700.9	0.141978	0.093431	0.0000	0.0000	0.1400	0.1399	8.3465	8.3607	PixelFly	L1.5-	160x60	1.0369	0	0	20	0	5	150	200	200	0	OT_O2L4U1_181017035831
17/10/18 03:00:03	OT	Mirach         	0.7147	1.1663	1901.7	1697.5	0.152331	0.113828	0.0000	0.0000	0.1342	0.1242	8.7066	9.4123	PixelFly	L1.5-	160x60	1.0369	0	0	20	0	5	150	200	200	0	OT_P3X5XS_181017035930
17/10/18 03:01:02	OT	Mirach         	0.6996	1.1663	1958.4	1715.0	0.154678	0.104611	0.0000	0.0000	0.1330	0.1307	8.7868	8.9474	PixelFly	L1.5-	160x60	1.0369	0	0	20	0	5	150	200	200	0	OT_SJ5M8L_181017040029
17/10/18 03:02:04	OT	Mirach         	0.7648	1.1663	1991.4	1653.8	0.183971	0.118421	0.0000	0.0000	0.1198	0.1213	9.7504	9.6384	PixelFly	L1.5-	160x60	1.0369	0	0	20	0	5	150	200	200	0	OT_ZRUPQE_181017040131
17/10/18 03:06:26	OT	Aldebaran      	0.6908	1.0507	6414.7	5395.4	0.141133	0.089214	0.0000	0.0000	0.1405	0.1438	8.3167	8.1322	PixelFly	L1.5-	160x60	1.0369	0	0	20	0	5	150	200	200	0	OT_UNA3DV_181017040554
17/10/18 03:48:07	OT	Hamal          	0.5822	1.1632	1603.5	1451.3	0.127540	0.067998	0.0000	0.0000	0.1493	0.1693	7.8264	6.9095	PixelFly	L1.5-	160x60	1.0369	0	0	20	0	5	150	200	200	0	OT_1XLITA_181017044734
17/10/18 03:49:08	OT	Hamal          	0.5205	1.1632	1715.6	1562.1	0.100855	0.059457	0.0000	0.0000	0.1719	0.1834	6.7982	6.3748	PixelFly	L1.5-	160x60	1.0369	0	0	20	0	5	150	200	200	0	OT_1B5T0W_181017044835
17/10/18 03:50:07	OT	Hamal          	0.5401	1.1632	1458.9	1323.4	0.095722	0.070865	0.0000	0.0000	0.1773	0.1651	6.5884	7.0829	PixelFly	L1.5-	160x60	1.0369	0	0	20	0	5	150	200	200	0	OT_8A4M1Q_181017044935
17/10/18 03:51:07	OT	Hamal          	0.5904	1.1632	1523.0	1349.0	0.130720	0.069495	0.0000	0.0000	0.1471	0.1671	7.9429	7.0004	PixelFly	L1.5-	160x60	1.0369	0	0	20	0	5	150	200	200	0	OT_7P8ZUC_181017045034
17/10/18 03:52:05	OT	Hamal          	0.5934	1.1632	1837.8	1574.9	0.133591	0.069034	0.0000	0.0000	0.1452	0.1677	8.0471	6.9725	PixelFly	L1.5-	160x60	1.0369	0	0	20	0	5	150	200	200	0	OT_FQ5RXF_181017045133
17/10/18 03:54:22	OT	Hamal          	0.5737	1.1768	1674.2	1413.6	0.126651	0.066678	0.0000	0.0000	0.1499	0.1713	7.7936	6.8287	PixelFly	L1.5-	160x60	1.0369	0	0	20	0	5	150	200	200	0	OT_QBN2NX_181017045349
17/10/18 03:55:21	OT	Hamal          	0.5020	1.1768	1706.8	1490.5	0.088453	0.061595	0.0000	0.0000	0.1859	0.1796	6.2835	6.5114	PixelFly	L1.5-	160x60	1.0369	0	0	20	0	5	150	200	200	0	OT_KJJXDL_181017045449
17/10/18 03:56:22	OT	Hamal          	0.5510	1.1768	1706.2	1539.2	0.099536	0.074506	0.0000	0.0000	0.1732	0.1602	6.7447	7.2990	PixelFly	L1.5-	160x60	1.0369	0	0	20	0	5	150	200	200	0	OT_XLI724_181017045549
17/10/18 03:57:21	OT	Hamal          	0.4602	1.1768	1756.9	1637.4	0.085846	0.047323	0.0000	0.0000	0.1893	0.2104	6.1717	5.5590	PixelFly	L1.5-	160x60	1.0369	0	0	20	0	5	150	200	200	0	OT_ZUSMFH_181017045648
17/10/18 04:12:27	OT	Mirfak         	0.4252	1.1147	2155.8	1950.0	0.067732	0.041493	0.0000	0.0000	0.2182	0.2276	5.3536	5.1373	PixelFly	L1.5-	160x60	1.0369	0	0	20	0	5	150	200	200	0	OT_XGDV3N_181017051154
17/10/18 04:13:27	OT	Mirfak         	0.4531	1.1201	2154.7	1905.0	0.077919	0.044907	0.0000	0.0000	0.2006	0.2171	5.8232	5.3869	PixelFly	L1.5-	160x60	1.0369	0	0	20	0	5	150	200	200	0	OT_U31CH3_181017051255
17/10/18 04:14:27	OT	Mirfak         	0.4234	1.1201	2161.9	1972.2	0.071994	0.038647	0.0000	0.0000	0.2104	0.2376	5.5533	4.9228	PixelFly	L1.5-	160x60	1.0369	0	0	20	0	5	150	200	200	0	OT_47BRXG_181017051354
17/10/18 04:15:26	OT	Mirfak         	0.3610	1.1201	2143.4	1872.1	0.060718	0.026420	0.0000	0.0000	0.2330	0.2985	5.0137	3.9184	PixelFly	L1.5-	160x60	1.0369	0	0	20	0	5	150	200	200	0	OT_3MOAWI_181017051454
17/10/18 04:16:25	OT	Mirfak         	0.4105	1.1201	2139.8	1906.0	0.072188	0.034449	0.0000	0.0000	0.2101	0.2545	5.5623	4.5947	PixelFly	L1.5-	160x60	1.0369	0	0	20	0	5	150	200	200	0	OT_VZ02E2_181017051552
17/10/18 04:17:31	OT	Mirfak         	0.4869	1.1201	2211.1	1904.0	0.084387	0.052824	0.0000	0.0000	0.1913	0.1969	6.1085	5.9381	PixelFly	L1.5-	160x60	1.0369	0	0	20	0	5	150	200	200	0	OT_ZX2B0J_181017051658
17/10/18 04:18:31	OT	Mirfak         	0.5042	1.1258	2126.8	1942.8	0.102137	0.048821	0.0000	0.0000	0.1706	0.2065	6.8499	5.6639	PixelFly	L1.5-	160x60	1.0369	0	0	20	0	5	150	200	200	0	OT_2H6SVZ_181017051758
17/10/18 04:19:40	OT	Mirfak         	0.4661	1.1258	2160.4	1920.9	0.086840	0.044435	0.0000	0.0000	0.1880	0.2185	6.2145	5.3528	PixelFly	L1.5-	160x60	1.0369	0	0	20	0	5	150	200	200	0	OT_SQE7GT_181017051907
17/10/18 04:20:41	OT	Mirfak         	0.4897	1.1258	2097.3	1847.2	0.076912	0.059470	0.0000	0.0000	0.2022	0.1834	5.7779	6.3757	PixelFly	L1.5-	160x60	1.0369	0	0	20	0	5	150	200	200	0	OT_RG6SV2_181017052008
17/10/18 04:21:50	OT	Mirfak         	0.5065	1.1258	2130.4	1907.4	0.082073	0.062402	0.0000	0.0000	0.1945	0.1782	6.0075	6.5625	PixelFly	L1.5-	160x60	1.0369	0	0	20	0	5	150	200	200	0	OT_7PTL6G_181017052117
17/10/18 04:22:50	OT	Mirfak         	0.5090	1.1258	2160.8	1922.6	0.088908	0.058761	0.0000	0.0000	0.1854	0.1847	6.3029	6.3300	PixelFly	L1.5-	160x60	1.0369	0	0	20	0	5	150	200	200	0	OT_TDXP1E_181017052218
17/10/18 04:24:04	OT	Mirfak         	0.4818	1.1318	2182.6	1873.4	0.085456	0.051414	0.0000	0.0000	0.1898	0.2002	6.1549	5.8425	PixelFly	L1.5-	160x60	1.0369	0	0	20	0	5	150	200	200	0	OT_NE7N2C_181017052331
17/10/18 04:25:16	OT	Mirfak         	0.5095	1.1318	2052.4	1891.6	0.087492	0.060514	0.0000	0.0000	0.1872	0.1815	6.2424	6.4426	PixelFly	L1.5-	160x60	1.0369	0	0	20	0	5	150	200	200	0	OT_5VDKY1_181017052444
17/10/18 04:26:31	OT	Mirfak         	0.5124	1.1318	2115.8	1940.9	0.079997	0.066898	0.0000	0.0000	0.1975	0.1709	5.9159	6.8423	PixelFly	L1.5-	160x60	1.0369	0	0	20	0	5	150	200	200	0	OT_SPUKMC_181017052558
17/10/18 04:27:31	OT	Mirfak         	0.4544	1.1318	2049.7	1927.5	0.072965	0.049557	0.0000	0.0000	0.2087	0.2046	5.5981	5.7149	PixelFly	L1.5-	160x60	1.0369	0	0	20	0	5	150	200	200	0	OT_E1KS4G_181017052658
17/10/18 04:28:31	OT	Mirfak         	0.4970	1.1383	2104.4	1945.1	0.078339	0.062617	0.0000	0.0000	0.2000	0.1778	5.8420	6.5760	PixelFly	L1.5-	160x60	1.0369	0	0	20	0	5	150	200	200	0	OT_FWZDP2_181017052758
17/10/18 04:29:32	OT	Mirfak         	0.4805	1.1383	2064.6	1898.3	0.082620	0.053351	0.0000	0.0000	0.1937	0.1958	6.0315	5.9736	PixelFly	L1.5-	160x60	1.0369	0	0	20	0	5	150	200	200	0	OT_IG495P_181017052859
17/10/18 04:30:45	OT	Mirfak         	0.4714	1.1383	2058.2	1830.0	0.083522	0.049423	0.0000	0.0000	0.1925	0.2050	6.0709	5.7057	PixelFly	L1.5-	160x60	1.0369	0	0	20	0	5	150	200	200	0	OT_Y1T1EY_181017053012
17/10/18 04:31:53	OT	Mirfak         	0.4314	1.1383	2001.3	1892.5	0.064294	0.047773	0.0000	0.0000	0.2252	0.2092	5.1889	5.5906	PixelFly	L1.5-	160x60	1.0369	0	0	20	0	5	150	200	200	0	OT_FDT10K_181017053120
17/10/18 04:33:00	OT	Mirfak         	0.4250	1.1383	2148.5	1941.0	0.064590	0.045314	0.0000	0.0000	0.2245	0.2159	5.2032	5.4162	PixelFly	L1.5-	160x60	1.0369	0	0	20	0	5	150	200	200	0	OT_PM7GGS_181017053227
17/10/18 04:34:01	OT	Mirfak         	0.4950	1.1452	2162.0	1924.8	0.100484	0.048334	0.0000	0.0000	0.1722	0.2077	6.7831	5.6299	PixelFly	L1.5-	160x60	1.0369	0	0	20	0	5	150	200	200	0	OT_33S1K0_181017053329
17/10/18 04:35:01	OT	Mirfak         	0.4399	1.1452	2096.3	1899.3	0.064429	0.051289	0.0000	0.0000	0.2249	0.2005	5.1954	5.8340	PixelFly	L1.5-	160x60	1.0369	0	0	20	0	5	150	200	200	0	OT_KQ1XA8_181017053428
17/10/18 04:36:00	OT	Mirfak         	0.4342	1.1452	2115.8	1880.2	0.076348	0.041473	0.0000	0.0000	0.2031	0.2277	5.7524	5.1358	PixelFly	L1.5-	160x60	1.0369	0	0	20	0	5	150	200	200	0	OT_WPXE16_181017053527
17/10/18 04:37:09	OT	Mirfak         	0.4778	1.1452	2137.5	1928.0	0.087974	0.049613	0.0000	0.0000	0.1865	0.2045	6.2631	5.7188	PixelFly	L1.5-	160x60	1.0369	0	0	20	0	5	150	200	200	0	OT_OPWCJF_181017053636
17/10/18 04:38:11	OT	Mirfak         	0.4544	1.1525	2105.1	1921.6	0.083308	0.044748	0.0000	0.0000	0.1927	0.2176	6.0616	5.3754	PixelFly	L1.5-	160x60	1.0369	0	0	20	0	5	150	200	200	0	OT_HVRWIE_181017053738
17/10/18 04:39:09	OT	Mirfak         	0.4839	1.1525	2109.6	1894.9	0.090092	0.051181	0.0000	0.0000	0.1839	0.2007	6.3531	5.8266	PixelFly	L1.5-	160x60	1.0369	0	0	20	0	5	150	200	200	0	OT_KKESSD_181017053836
17/10/18 04:53:36	OT	Mirfak         	0.7255	1.1769	2025.7	1777.2	0.155285	0.119356	0.0000	0.0000	0.1327	0.1208	8.8075	9.6840	PixelFly	L1.5-	160x60	1.0369	0	0	20	0	5	150	200	200	0	OT_RZYPLW_181017055303
17/10/18 04:54:34	OT	Mirfak         	0.7442	1.1769	1832.3	1702.9	0.173896	0.116446	0.0000	0.0000	0.1239	0.1226	9.4264	9.5417	PixelFly	L1.5-	160x60	1.0369	0	0	20	0	5	150	200	200	0	OT_RWLJ5K_181017055401
17/10/18 04:55:40	OT	Mirfak         	0.6428	1.1769	1180.9	1123.5	0.136570	0.091026	0.0000	0.0000	0.1433	0.1421	8.1543	8.2309	PixelFly	L1.5-	160x60	1.0369	0	0	20	0	5	150	200	200	0	OT_SI1DNC_181017055507
17/10/18 04:56:40	OT	Mirfak         	0.6949	1.1769	1237.3	1164.4	0.180836	0.087926	0.0000	0.0000	0.1211	0.1451	9.6504	8.0615	PixelFly	L1.5-	160x60	1.0369	0	0	20	0	5	150	200	200	0	OT_G6WEH7_181017055607
17/10/18 04:57:53	OT	Mirfak         	0.7871	1.1769	1449.2	1350.9	0.200483	0.121679	0.0000	0.0000	0.1138	0.1194	10.2664	9.7967	PixelFly	L1.5-	160x60	1.0369	0	0	20	0	5	150	200	200	0	OT_5FVE2G_181017055720
17/10/18 05:00:52	OT	Pollux         	0.5279	1.1449	2114.8	1818.7	0.103304	0.058889	0.0000	0.0000	0.1694	0.1845	6.8967	6.3382	PixelFly	L1.5-	160x60	1.0369	0	0	20	0	5	150	200	200	0	OT_SERKH7_181017060019
17/10/18 05:02:38	OT	Pollux         	0.6373	1.1449	2007.5	1683.9	0.130942	0.087295	0.0000	0.0000	0.1469	0.1457	7.9510	8.0268	PixelFly	L1.5-	160x60	1.0369	0	0	20	0	5	150	200	200	0	OT_GD0MN4_181017060205
17/10/18 05:04:23	OT	Pollux         	0.5893	1.1331	2813.4	2523.0	0.117489	0.073372	0.0000	0.0000	0.1568	0.1617	7.4503	7.2322	PixelFly	L1.5-	160x60	1.0369	0	0	20	0	5	150	200	200	0	OT_SM81A1_181017060350
17/10/18 05:06:10	OT	Pollux         	0.6896	1.1331	3305.2	2913.1	0.158825	0.091472	0.0000	0.0000	0.1309	0.1417	8.9274	8.2551	PixelFly	L1.5-	160x60	1.0369	0	0	20	0	5	150	200	200	0	OT_UFHR14_181017060537
17/10/18 05:18:43	OT	Pollux         	0.7212	1.1112	3070.8	2656.3	0.162731	0.099881	0.0000	0.0000	0.1290	0.1344	9.0585	8.7024	PixelFly	L1.5-	160x60	1.0369	0	0	20	0	5	150	200	200	0	OT_6W19YL_181017061811
17/10/18 05:24:59	OT	Aldebaran      	0.9348	1.0803	5434.2	4657.4	0.231473	0.157642	0.0000	0.0000	0.1044	0.1022	11.1911	11.4433	PixelFly	L1.5-	160x60	1.0369	0	0	20	0	5	150	200	200	0	OT_ANTN74_181017062426
17/10/18 05:26:06	OT	Aldebaran      	0.8807	1.0803	5645.5	4838.5	0.250732	0.117267	0.0000	0.0000	0.0995	0.1220	11.7408	9.5820	PixelFly	L1.5-	160x60	1.0369	0	0	20	0	5	150	200	200	0	OT_YR87S2_181017062533
17/10/18 05:27:06	OT	Aldebaran      	0.7637	1.0803	5753.7	5074.3	0.170473	0.109115	0.0000	0.0000	0.1254	0.1274	9.3147	9.1766	PixelFly	L1.5-	160x60	1.0369	0	0	20	0	5	150	200	200	0	OT_HM2VRO_181017062633
17/10/18 05:28:05	OT	Aldebaran      	0.7113	1.0881	5549.2	4807.9	0.141244	0.105157	0.0000	0.0000	0.1404	0.1303	8.3206	8.9754	PixelFly	L1.5-	160x60	1.0369	0	0	20	0	5	150	200	200	0	OT_U8LSVJ_181017062732
17/10/18 05:29:05	OT	Aldebaran      	0.7539	1.0881	4742.1	4019.0	0.175243	0.102978	0.0000	0.0000	0.1234	0.1319	9.4702	8.8633	PixelFly	L1.5-	160x60	1.0369	0	0	20	0	5	150	200	200	0	OT_PUJOGT_181017062832
17/10/18 05:31:14	OT	Aldebaran      	0.8009	1.0881	3342.7	2855.8	0.143499	0.149313	0.0000	0.0000	0.1391	0.1056	8.4001	11.0766	PixelFly	L1.5-	160x60	1.0369	0	0	20	0	5	150	200	200	0	OT_D2KK7B_181017062931
17/10/18 05:32:13	OT	Aldebaran      	0.7943	1.0881	3441.1	2975.9	0.184525	0.116584	0.0000	0.0000	0.1196	0.1225	9.7680	9.5484	PixelFly	L1.5-	160x60	1.0369	0	0	20	0	5	150	200	200	0	OT_5BQ05H_181017063140
17/10/18 05:33:15	OT	Aldebaran      	0.9086	1.0965	3709.6	3237.8	0.226007	0.151277	0.0000	0.0000	0.1059	0.1048	11.0318	11.1638	PixelFly	L1.5-	160x60	1.0369	0	0	20	0	5	150	200	200	0	OT_5H0ZTO_181017063242
17/10/18 05:34:15	OT	Aldebaran      	0.8324	1.0965	3062.9	2663.2	0.197007	0.129617	0.0000	0.0000	0.1150	0.1149	10.1593	10.1753	PixelFly	L1.5-	160x60	1.0369	0	0	20	0	5	150	200	200	0	OT_BIBDOS_181017063342
17/10/18 05:35:13	OT	Aldebaran      	0.8374	1.0965	2765.7	2372.1	0.189072	0.137557	0.0000	0.0000	0.1179	0.1109	9.9117	10.5448	PixelFly	L1.5-	160x60	1.0369	0	0	20	0	5	150	200	200	0	OT_IHARV8_181017063441
17/10/18 05:36:13	OT	Aldebaran      	0.9714	1.0965	2391.1	2048.0	0.250013	0.170848	0.0000	0.0000	0.0997	0.0974	11.7206	12.0093	PixelFly	L1.5-	160x60	1.0369	0	0	20	0	5	150	200	200	0	OT_BS0RET_181017063540
17/10/18 05:37:12	OT	Aldebaran      	0.8087	1.0965	2290.6	1984.8	0.145056	0.154398	0.0000	0.0000	0.1382	0.1035	8.4546	11.3015	PixelFly	L1.5-	160x60	1.0369	0	0	20	0	5	150	200	200	0	OT_WYMWUI_181017063639
17/10/18 05:38:11	OT	Aldebaran      	0.8111	1.1055	2187.3	1921.1	0.190583	0.124908	0.0000	0.0000	0.1173	0.1175	9.9592	9.9519	PixelFly	L1.5-	160x60	1.0369	0	0	20	0	5	150	200	200	0	OT_H6A3S9_181017063738
17/10/18 05:39:10	OT	Aldebaran      	0.7517	1.1055	2922.7	2578.1	0.151953	0.120911	0.0000	0.0000	0.1344	0.1198	8.6936	9.7596	PixelFly	L1.5-	160x60	1.0369	0	0	20	0	5	150	200	200	0	OT_RSHAO3_181017063838
17/10/18 05:40:10	OT	Aldebaran      	0.7804	1.1055	2165.0	1907.3	0.173159	0.120825	0.0000	0.0000	0.1243	0.1199	9.4024	9.7554	PixelFly	L1.5-	160x60	1.0369	0	0	20	0	5	150	200	200	0	OT_039UO7_181017063937
17/10/18 05:41:11	OT	Aldebaran      	0.8771	1.1055	2289.7	1993.4	0.212670	0.145282	0.0000	0.0000	0.1098	0.1073	10.6365	10.8962	PixelFly	L1.5-	160x60	1.0369	0	0	20	0	5	150	200	200	0	OT_MMH9D7_181017064039
17/10/18 05:42:14	OT	Aldebaran      	0.8347	1.1055	1974.1	1735.3	0.176050	0.147468	0.0000	0.0000	0.1230	0.1064	9.4963	10.9943	PixelFly	L1.5-	160x60	1.0369	0	0	20	0	5	150	200	200	0	OT_XWVZNQ_181017064141
17/10/18 05:43:14	OT	Aldebaran      	1.1484	1.1150	1674.1	1501.4	0.304777	0.251359	0.0000	0.0000	0.0885	0.0772	13.1997	15.1400	PixelFly	L1.5-	160x60	1.0369	0	0	20	0	5	150	200	200	0	OT_9H1HZK_181017064241
17/10/18 05:44:12	OT	Aldebaran      	1.3451	1.1150	1223.0	1098.7	0.335365	0.373915	0.0000	0.0000	0.0836	0.0609	13.9793	19.2138	PixelFly	L1.5-	160x60	1.0369	0	0	20	0	5	150	200	200	0	OT_9TS37A_181017064339
17/10/18 05:45:17	OT	Aldebaran      	1.3142	1.1150	1585.6	1323.0	0.388243	0.309885	0.0000	0.0000	0.0765	0.0681	15.2628	17.1660	PixelFly	L1.5-	160x60	1.0369	0	0	20	0	5	150	200	200	0	OT_M8LRH0_181017064444
17/10/18 05:46:18	OT	Aldebaran      	1.3274	1.1150	2060.2	1867.3	0.482085	0.257889	0.0000	0.0000	0.0672	0.0761	17.3799	15.3748	PixelFly	L1.5-	160x60	1.0369	0	0	20	0	5	150	200	200	0	OT_MN49FR_181017064545
17/10/18 05:47:25	OT	Aldebaran      	0.9570	1.1150	1477.3	1306.1	0.271252	0.154523	0.0000	0.0000	0.0949	0.1034	12.3083	11.3069	PixelFly	L1.5-	160x60	1.0369	0	0	20	0	5	150	200	200	0	OT_ORSSB1_181017064652
17/10/18 07:47:01	 OT	Regulus        	 0.0000	 1.1603	    0.0	    0.0	 0.000000	 0.000000	 0.0000	 0.0000	 0.0000	 0.0000	 0.0000	 0.0000	PixelFly  	L1.5-	160x60	1.0369	0.1400	0.0600	20	0	 5	150	 200	189	    17
17/10/18 07:49:20	 OT	Regulus        	 1.0361	 1.1603	    0.0	    0.0	 0.283576	 0.208789	 0.0000	 0.0000	 0.0924	 0.0863	12.6408	13.5449	PixelFly  	L1.5-	160x60	1.0369	0.1400	0.0600	20	0	 5	150	 200	191	     0
17/10/18 07:51:54	 OT	Regulus        	 0.0000	 1.1489	    0.0	    0.0	 0.000000	 0.000000	 0.0000	 0.0000	 0.0000	 0.0000	 0.0000	 0.0000	PixelFly  	L1.5-	160x60	1.0369	0.1400	0.0600	20	0	 5	150	 200	189	    13
17/10/18 07:53:59	 OT	Regulus        	 0.8184	 1.1489	    0.0	    0.0	 0.205173	 0.129120	 0.0000	 0.0000	 0.1122	 0.1152	10.4099	10.1519	PixelFly  	L1.5-	160x60	1.0369	0.1400	0.0600	20	0	 5	150	 200	195	     0
17/10/18 07:56:08	 OT	Regulus        	 0.0000	 1.1383	    0.0	    0.0	 0.000000	 0.000000	 0.0000	 0.0000	 0.0000	 0.0000	 0.0000	 0.0000	PixelFly  	L1.5-	160x60	1.0369	0.1400	0.0600	20	0	 5	150	 200	189	    13
17/10/18 07:58:17	 OT	Regulus        	 0.0000	 1.1383	    0.0	    0.0	 0.000000	 0.000000	 0.0000	 0.0000	 0.0000	 0.0000	 0.0000	 0.0000	PixelFly  	L1.5-	160x60	1.0369	0.1400	0.0600	20	0	 5	150	 200	189	    13
17/10/18 07:59:50	 OT	Regulus        	 0.0000	 1.1283	    0.0	    0.0	 0.000000	 0.000000	 0.0000	 0.0000	 0.0000	 0.0000	 0.0000	 0.0000	PixelFly  	L1.5-	160x60	1.0369	0.1400	0.0600	20	0	 5	150	 200	189	    13
17/10/18 08:02:37	 OT	Pollux         	 0.0000	 1.0173	    0.0	    0.0	 0.000000	 0.000000	 0.0000	 0.0000	 0.0000	 0.0000	 0.0000	 0.0000	PixelFly  	L1.5-	160x60	1.0369	0.1400	0.0600	20	0	 5	150	 200	189	    13
17/10/18 08:06:42	 OT	Regulus        	 0.0000	 1.1189	    0.0	    0.0	 0.000000	 0.000000	 0.0000	 0.0000	 0.0000	 0.0000	 0.0000	 0.0000	PixelFly  	L1.5-	160x60	1.0369	0.1400	0.0600	20	0	 5	150	 200	189	    17
17/10/18 08:14:50	 OT	Pollux         	 0.0000	 1.0301	    0.0	    0.0	 0.000000	 0.000000	 0.0000	 0.0000	 0.0000	 0.0000	 0.0000	 0.0000	PixelFly  	L1.5-	160x60	1.0369	0.1400	0.0600	20	0	 5	150	 200	189	    13
17/10/18 08:18:22	 OT	Regulus        	 0.0000	 1.1021	    0.0	    0.0	 0.000000	 0.000000	 0.0000	 0.0000	 0.0000	 0.0000	 0.0000	 0.0000	PixelFly  	L1.5-	160x60	1.0369	0.1400	0.0600	20	0	 5	150	 200	189	    17
17/10/18 08:20:31	 OT	Regulus        	 0.0000	 1.0946	    0.0	    0.0	 0.000000	 0.000000	 0.0000	 0.0000	 0.0000	 0.0000	 0.0000	 0.0000	PixelFly  	L1.5-	160x60	1.0369	0.1400	0.0600	20	0	 5	150	 200	189	    13
17/10/18 08:22:49	 OT	Regulus        	 0.0000	 1.0946	    0.0	    0.0	 0.000000	 0.000000	 0.0000	 0.0000	 0.0000	 0.0000	 0.0000	 0.0000	PixelFly  	L1.5-	160x60	1.0369	0.1400	0.0600	20	0	 5	150	 200	189	    13
17/10/18 08:24:17	 OT	Regulus        	 0.0000	 1.0876	    0.0	    0.0	 0.000000	 0.000000	 0.0000	 0.0000	 0.0000	 0.0000	 0.0000	 0.0000	PixelFly  	L1.5-	160x60	1.0369	0.1400	0.0600	20	0	 5	150	 200	189	    13
