Fecha Hora	Ubicacion	Objeto	Seeing	Maire	Flujo 1	Flujo 2	Var l	Var t	Centelleo 1	Centelleo 2	r0l	r0t	fwhml	fwmlt	CCD	Software	Ventana	EscalaPlaca	Distancia	Diametro	WinSpot	Gain	Texp	Sampling	N	Muestras	Return
04/10/18 21:13:36	OT	DENEB          	 1.0199	 1.0482	  392.4	  368.2	 0.221867	 0.214793	 0.4702	 0.5133	 0.1121	 0.0889	 0.9014	 1.1383	PixelFly	L1.5-	160x 60	1.0216	0.1400	0.0600	20	0	 5	150	 200	200	    50
04/10/18 21:14:06	OT	DENEB          	 0.7925	 1.0483	  665.3	  554.5	 0.180090	 0.116813	 0.5401	 0.4873	 0.1271	 0.1281	 0.7953	 0.7898	PixelFly	L1.5-	160x 60	1.0216	0.1400	0.0600	20	0	 5	150	 200	200	     0
04/10/18 21:14:36	OT	DENEB          	 0.7209	 1.0485	  628.6	  567.3	 0.144989	 0.105672	 0.2046	 0.1496	 0.1448	 0.1361	 0.6982	 0.7436	PixelFly	L1.5-	160x 60	1.0216	0.1400	0.0600	20	0	 5	150	 200	200	     0
04/10/18 21:15:06	OT	DENEB          	 0.6694	 1.0486	  990.3	  883.9	 0.164283	 0.071100	 0.2824	 0.2580	 0.1343	 0.1726	 0.7525	 0.5862	PixelFly	L1.5-	160x 60	1.0216	0.1400	0.0600	20	0	 5	150	 200	200	    50
04/10/18 21:15:36	OT	DENEB          	 0.6681	 1.0488	 2177.1	 1906.0	 0.156308	 0.075136	 0.1097	 0.0906	 0.1384	 0.1670	 0.7303	 0.6059	PixelFly	L1.5-	160x 60	1.0216	0.1400	0.0600	20	0	 5	150	 200	200	    50
04/10/18 21:16:06	OT	DENEB          	 0.6558	 1.0489	 1882.0	 1639.2	 0.132038	 0.084815	 0.1486	 0.1401	 0.1532	 0.1553	 0.6600	 0.6516	PixelFly	L1.5-	160x 60	1.0216	0.1400	0.0600	20	0	 5	150	 200	200	     0
04/10/18 21:16:36	OT	DENEB          	 0.6430	 1.0490	 1550.4	 1364.7	 0.137944	 0.075701	 0.1865	 0.1647	 0.1492	 0.1663	 0.6775	 0.6086	PixelFly	L1.5-	160x 60	1.0216	0.1400	0.0600	20	0	 5	150	 200	200	     0
04/10/18 21:17:06	OT	DENEB          	 0.7408	 1.0492	 1068.3	  948.5	 0.159247	 0.105667	 0.8969	 0.8336	 0.1369	 0.1361	 0.7384	 0.7433	PixelFly	L1.5-	160x 60	1.0216	0.1400	0.0600	20	0	 5	150	 200	200	     0
04/10/18 21:17:36	OT	DENEB          	 0.6523	 1.0494	  834.2	  784.5	 0.134716	 0.081668	 0.4707	 0.4381	 0.1514	 0.1589	 0.6678	 0.6368	PixelFly	L1.5-	160x 60	1.0216	0.1400	0.0600	20	0	 5	150	 200	200	     0
04/10/18 21:18:06	OT	DENEB          	 0.6740	 1.0495	 2025.9	 1788.0	 0.150886	 0.080924	 0.1317	 0.1285	 0.1414	 0.1598	 0.7147	 0.6332	PixelFly	L1.5-	160x 60	1.0216	0.1400	0.0600	20	0	 5	150	 200	200	     0
04/10/18 21:18:36	OT	DENEB          	 0.6649	 1.0497	 1373.7	 1223.3	 0.109356	 0.105078	 0.1137	 0.1195	 0.1716	 0.1366	 0.5891	 0.7406	PixelFly	L1.5-	160x 60	1.0216	0.1400	0.0600	20	0	 5	150	 200	200	    50
04/10/18 21:19:06	OT	DENEB          	 0.5525	 1.0498	 2430.7	 2152.8	 0.106997	 0.058947	 0.0592	 0.0603	 0.1739	 0.1933	 0.5814	 0.5235	PixelFly	L1.5-	160x 60	1.0216	0.1400	0.0600	20	0	 5	150	 200	200	     0
04/10/18 21:19:36	OT	DENEB          	 0.8038	 1.0500	 1154.8	 1072.7	 0.133602	 0.157348	 0.3372	 0.3588	 0.1522	 0.1072	 0.6642	 0.9435	PixelFly	L1.5-	160x 60	1.0216	0.1400	0.0600	20	0	 5	150	 200	200	    50
04/10/18 21:20:06	OT	DENEB          	 0.6859	 1.0502	 1573.9	 1404.8	 0.141221	 0.092360	 0.1364	 0.1389	 0.1472	 0.1477	 0.6866	 0.6853	PixelFly	L1.5-	160x 60	1.0216	0.1400	0.0600	20	0	 5	150	 200	200	     0
04/10/18 21:20:36	OT	DENEB          	 0.6756	 1.0504	 1292.8	 1165.8	 0.149971	 0.082317	 0.1641	 0.1378	 0.1420	 0.1582	 0.7118	 0.6395	PixelFly	L1.5-	160x 60	1.0216	0.1400	0.0600	20	0	 5	150	 200	200	     0
04/10/18 21:21:06	OT	DENEB          	 0.7333	 1.0505	 1595.2	 1453.3	 0.183960	 0.087247	 0.1090	 0.0980	 0.1257	 0.1528	 0.8045	 0.6621	PixelFly	L1.5-	160x 60	1.0216	0.1400	0.0600	20	0	 5	150	 200	200	    50
04/10/18 21:21:36	OT	DENEB          	 0.9527	 1.0507	 1384.0	 1256.5	 0.234791	 0.166114	 0.1457	 0.2018	 0.1086	 0.1039	 0.9312	 0.9743	PixelFly	L1.5-	160x 60	1.0216	0.1400	0.0600	20	0	 5	150	 200	200	     0
04/10/18 21:22:06	OT	DENEB          	 0.8947	 1.0509	 1329.2	 1218.1	 0.243823	 0.128989	 0.3265	 0.3298	 0.1061	 0.1209	 0.9525	 0.8370	PixelFly	L1.5-	160x 60	1.0216	0.1400	0.0600	20	0	 5	150	 200	200	     0
04/10/18 21:22:09	OT	DENEB          	16.9271	 1.0509	  152.8	  136.5	 2.718791	49.722662	 0.9252	 0.3584	 0.0250	 0.0034	 4.0479	29.8063	PixelFly	L1.5-	160x 60	1.0216	0.1400	0.0600	20	0	 5	150	 200	 10	    12
04/10/18 21:22:11	OT	DENEB          	 0.0000	 1.0509	    0.0	    0.0	-0.000000	-0.000000	    0.0	    0.0	    0.0	    0.0	 0.0000	 0.0000	PixelFly	L1.5-	160x 60	1.0216	0.1400	0.0600	20	0	 5	150	 200	  0	    12
04/10/18 21:22:13	OT	DENEB          	 0.0000	 1.0509	    0.0	    0.0	-0.000000	-0.000000	    0.0	    0.0	    0.0	    0.0	 0.0000	 0.0000	PixelFly	L1.5-	160x 60	1.0216	0.1400	0.0600	20	0	 5	150	 200	  0	    12
04/10/18 21:22:14	OT	DENEB          	 0.0000	 1.0510	    0.0	    0.0	-0.000000	-0.000000	    0.0	    0.0	    0.0	    0.0	 0.0000	 0.0000	PixelFly	L1.5-	160x 60	1.0216	0.1400	0.0600	20	0	 5	150	 200	  0	    12
04/10/18 21:22:15	OT	DENEB          	    0.0	 1.0510	    7.0	   11.0	      0.0	      0.0	    0.0	    0.0	    0.0	    0.0	    0.0	    0.0	PixelFly	L1.5-	160x 60	1.0216	0.1400	0.0600	20	0	 5	150	 200	  1	    12
04/10/18 22:23:47	OT	ENIF           	 0.6226	 1.0612	 1310.0	 1133.8	 0.116539	 0.082645	 0.0255	 0.0335	 0.1662	 0.1588	 0.6081	 0.6371	PixelFly	L1.5-	160x 60	1.0216	0.1400	0.0600	20	0	 5	150	 200	200	     0
04/10/18 22:24:17	OT	ENIF           	 0.6427	 1.0614	 1089.4	  932.9	 0.142724	 0.074558	 0.0982	 0.0961	 0.1472	 0.1690	 0.6866	 0.5988	PixelFly	L1.5-	160x 60	1.0216	0.1400	0.0600	20	0	 5	150	 200	200	     0
04/10/18 22:24:47	OT	ENIF           	 0.5768	 1.0617	 1208.8	 1088.8	 0.112376	 0.066469	 0.0551	 0.0581	 0.1700	 0.1811	 0.5948	 0.5588	PixelFly	L1.5-	160x 60	1.0216	0.1400	0.0600	20	0	 5	150	 200	200	     0
04/10/18 22:25:17	OT	ENIF           	 0.6102	 1.0620	 1299.5	 1138.2	 0.123522	 0.072999	 0.0447	 0.0493	 0.1606	 0.1712	 0.6294	 0.5911	PixelFly	L1.5-	160x 60	1.0216	0.1400	0.0600	20	0	 5	150	 200	200	     0
04/10/18 22:25:29	OT	ENIF           	 1.1960	 1.0621	  933.8	  818.4	 0.347642	 0.244627	 0.2765	 0.3193	 0.0863	 0.0829	 1.1709	 1.2210	PixelFly	L1.5-	160x 60	1.0216	0.1400	0.0600	20	0	 5	150	 200	 80	    12
04/10/18 22:25:36	OT	ENIF           	 1.3101	 1.0621	  102.0	   85.7	 0.387839	 0.296354	 0.1999	 0.1930	 0.0808	 0.0739	 1.2503	 1.3699	PixelFly	L1.5-	160x 60	1.0216	0.1400	0.0600	20	0	 5	150	 200	 39	    12
04/10/18 22:25:40	OT	ENIF           	 0.0000	 1.0622	    0.0	    0.0	-0.000000	-0.000000	    0.0	    0.0	    0.0	    0.0	 0.0000	 0.0000	PixelFly	L1.5-	160x 60	1.0216	0.1400	0.0600	20	0	 5	150	 200	  0	    12
04/10/18 22:25:54	OT	ENIF           	24.5993	 1.0623	  310.5	  280.5	 0.568306	109.763839	 0.3609	 0.4098	 0.0643	 0.0021	 1.5723	47.6262	PixelFly	L1.5-	160x 60	1.0216	0.1400	0.0600	20	0	 5	150	 200	 94	    12
04/10/18 22:25:57	OT	ENIF           	 0.0000	 1.0623	    0.0	    0.0	-0.000000	-0.000000	    0.0	    0.0	    0.0	    0.0	 0.0000	 0.0000	PixelFly	L1.5-	160x 60	1.0216	0.1400	0.0600	20	0	 5	150	 200	  0	    12
04/10/18 22:26:55	OT	ENIF           	 1.0948	 1.0629	  305.8	  263.8	 0.177105	 0.310665	 0.7677	 0.7761	 0.1295	 0.0718	 0.7809	 1.4087	PixelFly	L1.5-	160x 60	1.0216	0.1400	0.0600	20	0	 5	150	 200	191	    50
04/10/18 22:27:01	OT	ENIF           	 0.7854	 1.0629	  498.4	  449.9	 0.168999	 0.123949	 0.3580	 0.4132	 0.1331	 0.1247	 0.7592	 0.8116	PixelFly	L1.5-	160x 60	1.0216	0.1400	0.0600	20	0	 5	150	 200	 40	    12
04/10/18 22:27:04	OT	ENIF           	    0.0	 1.0630	   14.0	   13.0	      0.0	      0.0	    0.0	    0.0	    0.0	    0.0	    0.0	    0.0	PixelFly	L1.5-	160x 60	1.0216	0.1400	0.0600	20	0	 5	150	 200	  1	    12
04/10/18 22:27:06	OT	ENIF           	 0.0000	 1.0630	    0.0	    0.0	-0.000000	-0.000000	    0.0	    0.0	    0.0	    0.0	 0.0000	 0.0000	PixelFly	L1.5-	160x 60	1.0216	0.1400	0.0600	20	0	 5	150	 200	  0	    12
04/10/18 22:27:07	OT	ENIF           	 8.5819	 1.0630	   46.0	   49.0	 0.183533	18.517125	 0.5912	 0.5214	 0.1267	 0.0062	 0.7977	16.3661	PixelFly	L1.5-	160x 60	1.0216	0.1400	0.0600	20	0	 5	150	 200	  3	    99
04/10/18 23:03:43	OT	ENIF           	 0.6659	 1.0977	 1278.6	 1140.7	 0.145548	 0.088629	 0.0387	 0.0405	 0.1485	 0.1554	 0.6809	 0.6510	PixelFly	L1.5-	160x 60	1.0216	0.1400	0.0600	20	0	 5	150	 200	200	     0
04/10/18 23:04:13	OT	ENIF           	 0.7002	 1.0983	 1308.4	 1112.2	 0.150755	 0.101353	 0.0343	 0.0399	 0.1454	 0.1435	 0.6951	 0.7053	PixelFly	L1.5-	160x 60	1.0216	0.1400	0.0600	20	0	 5	150	 200	200	     0
04/10/18 23:04:43	OT	ENIF           	 0.5896	 1.0990	 1313.0	 1132.1	 0.112976	 0.076313	 0.0416	 0.0306	 0.1730	 0.1701	 0.5844	 0.5947	PixelFly	L1.5-	160x 60	1.0216	0.1400	0.0600	20	0	 5	150	 200	200	     0
04/10/18 23:05:13	OT	ENIF           	 0.7069	 1.0997	 1252.5	 1086.0	 0.146355	 0.107798	 0.0350	 0.0381	 0.1481	 0.1383	 0.6824	 0.7313	PixelFly	L1.5-	160x 60	1.0216	0.1400	0.0600	20	0	 5	150	 200	200	     0
04/10/18 23:05:43	OT	ENIF           	 0.6295	 1.1004	 1229.9	 1087.3	 0.131016	 0.082089	 0.0335	 0.0308	 0.1584	 0.1630	 0.6383	 0.6208	PixelFly	L1.5-	160x 60	1.0216	0.1400	0.0600	20	0	 5	150	 200	200	     0
04/10/18 23:06:13	OT	ENIF           	 0.5895	 1.1011	 1250.2	 1084.0	 0.116926	 0.073996	 0.0347	 0.0407	 0.1696	 0.1735	 0.5959	 0.5831	PixelFly	L1.5-	160x 60	1.0216	0.1400	0.0600	20	0	 5	150	 200	200	     0
04/10/18 23:06:43	OT	ENIF           	 0.5914	 1.1018	 1283.5	 1123.9	 0.114828	 0.076265	 0.0313	 0.0328	 0.1715	 0.1705	 0.5893	 0.5936	PixelFly	L1.5-	160x 60	1.0216	0.1400	0.0600	20	0	 5	150	 200	200	     0
04/10/18 23:07:13	OT	ENIF           	 0.6684	 1.1025	 1227.5	 1077.2	 0.148742	 0.088500	 0.0380	 0.0381	 0.1469	 0.1560	 0.6880	 0.6487	PixelFly	L1.5-	160x 60	1.0216	0.1400	0.0600	20	0	 5	150	 200	200	     0
04/10/18 23:07:43	OT	ENIF           	 0.6518	 1.1032	 1219.0	 1106.4	 0.131069	 0.092556	 0.0307	 0.0385	 0.1586	 0.1519	 0.6375	 0.6661	PixelFly	L1.5-	160x 60	1.0216	0.1400	0.0600	20	0	 5	150	 200	200	     0
04/10/18 23:08:14	OT	ENIF           	 0.6144	 1.1039	 1258.1	 1084.9	 0.135858	 0.073044	 0.0415	 0.0387	 0.1553	 0.1751	 0.6511	 0.5777	PixelFly	L1.5-	160x 60	1.0216	0.1400	0.0600	20	0	 5	150	 200	200	     0
04/10/18 23:08:44	OT	ENIF           	 0.6500	 1.1046	 1237.0	 1045.1	 0.142965	 0.084207	 0.0427	 0.0508	 0.1506	 0.1609	 0.6710	 0.6289	PixelFly	L1.5-	160x 60	1.0216	0.1400	0.0600	20	0	 5	150	 200	200	     0
04/10/18 23:09:14	OT	ENIF           	 0.5672	 1.1054	 1208.3	 1054.1	 0.117792	 0.064798	 0.0439	 0.0497	 0.1693	 0.1883	 0.5972	 0.5372	PixelFly	L1.5-	160x 60	1.0216	0.1400	0.0600	20	0	 5	150	 200	200	     0
04/10/18 23:09:44	OT	ENIF           	 0.6009	 1.1061	 1218.6	 1022.5	 0.111925	 0.082963	 0.0516	 0.0445	 0.1746	 0.1625	 0.5789	 0.6228	PixelFly	L1.5-	160x 60	1.0216	0.1400	0.0600	20	0	 5	150	 200	200	     0
04/10/18 23:10:14	OT	ENIF           	 0.5999	 1.1068	 1117.7	  999.3	 0.114605	 0.080819	 0.0403	 0.0338	 0.1722	 0.1651	 0.5870	 0.6129	PixelFly	L1.5-	160x 60	1.0216	0.1400	0.0600	20	0	 5	150	 200	200	     0
04/10/18 23:10:44	OT	ENIF           	 0.5499	 1.1076	 1138.9	  984.8	 0.105840	 0.065582	 0.0297	 0.0326	 0.1807	 0.1872	 0.5594	 0.5405	PixelFly	L1.5-	160x 60	1.0216	0.1400	0.0600	20	0	 5	150	 200	200	     0
04/10/18 23:11:14	OT	ENIF           	 0.5599	 1.1083	 1155.1	 1000.3	 0.109113	 0.067620	 0.0298	 0.0317	 0.1775	 0.1839	 0.5695	 0.5503	PixelFly	L1.5-	160x 60	1.0216	0.1400	0.0600	20	0	 5	150	 200	200	     0
04/10/18 23:11:44	OT	ENIF           	 0.5672	 1.1091	 1191.2	 1029.7	 0.112883	 0.068319	 0.0304	 0.0304	 0.1740	 0.1828	 0.5809	 0.5534	PixelFly	L1.5-	160x 60	1.0216	0.1400	0.0600	20	0	 5	150	 200	200	     0
04/10/18 23:12:14	OT	ENIF           	 0.5409	 1.1098	 1260.6	 1076.9	 0.098066	 0.067293	 0.0335	 0.0370	 0.1894	 0.1846	 0.5337	 0.5482	PixelFly	L1.5-	160x 60	1.0216	0.1400	0.0600	20	0	 5	150	 200	200	     0
04/10/18 23:12:44	OT	ENIF           	 0.5552	 1.1106	 1263.6	 1090.2	 0.089073	 0.079785	 0.0324	 0.0359	 0.2007	 0.1667	 0.5036	 0.6069	PixelFly	L1.5-	160x 60	1.0216	0.1400	0.0600	20	0	 5	150	 200	200	     0
04/10/18 23:13:14	OT	ENIF           	 0.5391	 1.1114	 1284.9	 1100.2	 0.095066	 0.068732	 0.0341	 0.0386	 0.1931	 0.1824	 0.5234	 0.5547	PixelFly	L1.5-	160x 60	1.0216	0.1400	0.0600	20	0	 5	150	 200	200	     0
04/10/18 23:13:44	OT	ENIF           	 0.5675	 1.1122	 1301.3	 1109.0	 0.099740	 0.077652	 0.0440	 0.0463	 0.1877	 0.1696	 0.5385	 0.5966	PixelFly	L1.5-	160x 60	1.0216	0.1400	0.0600	20	0	 5	150	 200	200	     0
04/10/18 23:14:14	OT	ENIF           	 0.6007	 1.1130	 1311.7	 1104.6	 0.114998	 0.081761	 0.0387	 0.0377	 0.1724	 0.1645	 0.5862	 0.6151	PixelFly	L1.5-	160x 60	1.0216	0.1400	0.0600	20	0	 5	150	 200	200	     0
04/10/18 23:14:44	OT	ENIF           	 0.5915	 1.1137	 1287.5	 1082.0	 0.111246	 0.080390	 0.0322	 0.0489	 0.1760	 0.1662	 0.5744	 0.6087	PixelFly	L1.5-	160x 60	1.0216	0.1400	0.0600	20	0	 5	150	 200	200	     0
04/10/18 23:15:14	OT	ENIF           	 0.6207	 1.1145	 1302.8	 1102.8	 0.122884	 0.085615	 0.0358	 0.0410	 0.1658	 0.1601	 0.6095	 0.6318	PixelFly	L1.5-	160x 60	1.0216	0.1400	0.0600	20	0	 5	150	 200	200	     0
04/10/18 23:15:44	OT	ENIF           	 0.6160	 1.1153	 1286.8	 1099.0	 0.128098	 0.080218	 0.0409	 0.0312	 0.1618	 0.1666	 0.6246	 0.6073	PixelFly	L1.5-	160x 60	1.0216	0.1400	0.0600	20	0	 5	150	 200	200	     0
04/10/18 23:16:14	OT	ENIF           	 0.6187	 1.1162	 1272.5	 1107.4	 0.141026	 0.073476	 0.0413	 0.0397	 0.1528	 0.1757	 0.6614	 0.5759	PixelFly	L1.5-	160x 60	1.0216	0.1400	0.0600	20	0	 5	150	 200	200	     0
04/10/18 23:16:44	OT	ENIF           	 0.5805	 1.1170	 1268.3	 1092.2	 0.094137	 0.088193	 0.0437	 0.0438	 0.1949	 0.1575	 0.5188	 0.6423	PixelFly	L1.5-	160x 60	1.0216	0.1400	0.0600	20	0	 5	150	 200	200	     0
04/10/18 23:17:15	OT	ENIF           	 0.6604	 1.1178	 1308.7	 1117.4	 0.145491	 0.089465	 0.0370	 0.0400	 0.1501	 0.1562	 0.6733	 0.6476	PixelFly	L1.5-	160x 60	1.0216	0.1400	0.0600	20	0	 5	150	 200	200	     0
04/10/18 23:17:45	OT	ENIF           	 0.5967	 1.1186	 1326.3	 1122.2	 0.111881	 0.082918	 0.0365	 0.0371	 0.1758	 0.1636	 0.5749	 0.6184	PixelFly	L1.5-	160x 60	1.0216	0.1400	0.0600	20	0	 5	150	 200	200	     0
04/10/18 23:18:15	OT	ENIF           	 0.5616	 1.1195	 1199.0	 1036.3	 0.108760	 0.069971	 0.0472	 0.0443	 0.1789	 0.1812	 0.5650	 0.5583	PixelFly	L1.5-	160x 60	1.0216	0.1400	0.0600	20	0	 5	150	 200	200	     0
04/10/18 23:18:45	OT	ENIF           	 0.5770	 1.1203	 1263.3	 1101.2	 0.112899	 0.073856	 0.0485	 0.0498	 0.1750	 0.1755	 0.5775	 0.5764	PixelFly	L1.5-	160x 60	1.0216	0.1400	0.0600	20	0	 5	150	 200	200	     0
04/10/18 23:19:15	OT	ENIF           	 0.6366	 1.1212	 1258.8	 1114.2	 0.141604	 0.081659	 0.0556	 0.0544	 0.1529	 0.1653	 0.6613	 0.6120	PixelFly	L1.5-	160x 60	1.0216	0.1400	0.0600	20	0	 5	150	 200	200	     0
04/10/18 23:19:45	OT	ENIF           	 0.5914	 1.1220	 1297.7	 1095.4	 0.104441	 0.086247	 0.0443	 0.0464	 0.1836	 0.1601	 0.5506	 0.6321	PixelFly	L1.5-	160x 60	1.0216	0.1400	0.0600	20	0	 5	150	 200	200	     0
04/10/18 23:20:15	OT	ENIF           	 0.6232	 1.1229	 1292.9	 1115.6	 0.116329	 0.092580	 0.0430	 0.0422	 0.1722	 0.1535	 0.5872	 0.6592	PixelFly	L1.5-	160x 60	1.0216	0.1400	0.0600	20	0	 5	150	 200	200	     0
04/10/18 23:20:45	OT	ENIF           	 0.6022	 1.1237	 1275.8	 1131.6	 0.129942	 0.074267	 0.0455	 0.0444	 0.1612	 0.1753	 0.6272	 0.5773	PixelFly	L1.5-	160x 60	1.0216	0.1400	0.0600	20	0	 5	150	 200	200	     0
04/10/18 23:21:15	OT	ENIF           	 0.6474	 1.1246	 1299.9	 1129.2	 0.130787	 0.094176	 0.0487	 0.0510	 0.1606	 0.1521	 0.6293	 0.6654	PixelFly	L1.5-	160x 60	1.0216	0.1400	0.0600	20	0	 5	150	 200	200	     0
04/10/18 23:21:45	OT	ENIF           	 0.7156	 1.1255	 1275.2	 1142.6	 0.169225	 0.101806	 0.0551	 0.0566	 0.1377	 0.1452	 0.7342	 0.6969	PixelFly	L1.5-	160x 60	1.0216	0.1400	0.0600	20	0	 5	150	 200	200	     0
04/10/18 23:22:15	OT	ENIF           	 0.7480	 1.1264	 1329.5	 1130.1	 0.166466	 0.120158	 0.0480	 0.0546	 0.1391	 0.1315	 0.7267	 0.7694	PixelFly	L1.5-	160x 60	1.0216	0.1400	0.0600	20	0	 5	150	 200	200	     0
04/10/18 23:22:45	OT	ENIF           	 0.5782	 1.1273	 1342.4	 1093.3	 0.120620	 0.070340	 0.0456	 0.0497	 0.1689	 0.1814	 0.5987	 0.5577	PixelFly	L1.5-	160x 60	1.0216	0.1400	0.0600	20	0	 5	150	 200	200	     0
04/10/18 23:23:15	OT	ENIF           	 0.6517	 1.1282	 1301.0	 1131.7	 0.135288	 0.093759	 0.0430	 0.0580	 0.1577	 0.1528	 0.6410	 0.6624	PixelFly	L1.5-	160x 60	1.0216	0.1400	0.0600	20	0	 5	150	 200	200	     0
04/10/18 23:23:45	OT	ENIF           	 0.5934	 1.1291	 1274.4	 1144.6	 0.114008	 0.081496	 0.0501	 0.0520	 0.1748	 0.1662	 0.5782	 0.6087	PixelFly	L1.5-	160x 60	1.0216	0.1400	0.0600	20	0	 5	150	 200	200	     0
04/10/18 23:24:15	OT	ENIF           	 0.6078	 1.1300	 1282.5	 1137.4	 0.107202	 0.093051	 0.0494	 0.0513	 0.1815	 0.1536	 0.5570	 0.6587	PixelFly	L1.5-	160x 60	1.0216	0.1400	0.0600	20	0	 5	150	 200	200	     0
04/10/18 23:24:45	OT	ENIF           	 0.6116	 1.1309	 1324.5	 1117.5	 0.129065	 0.079927	 0.0492	 0.0481	 0.1624	 0.1684	 0.6223	 0.6010	PixelFly	L1.5-	160x 60	1.0216	0.1400	0.0600	20	0	 5	150	 200	200	     0
04/10/18 23:25:15	OT	ENIF           	 0.6523	 1.1318	 1299.9	 1141.5	 0.127836	 0.099787	 0.0471	 0.0413	 0.1635	 0.1474	 0.6184	 0.6863	PixelFly	L1.5-	160x 60	1.0216	0.1400	0.0600	20	0	 5	150	 200	200	     0
04/10/18 23:25:45	OT	ENIF           	 0.6445	 1.1327	 1279.9	 1088.2	 0.158350	 0.076775	 0.0488	 0.0521	 0.1438	 0.1726	 0.7028	 0.5861	PixelFly	L1.5-	160x 60	1.0216	0.1400	0.0600	20	0	 5	150	 200	200	     0
04/10/18 23:26:15	OT	ENIF           	 0.7247	 1.1337	 1287.1	 1117.8	 0.163208	 0.111811	 0.0416	 0.0488	 0.1413	 0.1378	 0.7153	 0.7340	PixelFly	L1.5-	160x 60	1.0216	0.1400	0.0600	20	0	 5	150	 200	200	     0
04/10/18 23:26:45	OT	ENIF           	 0.6908	 1.1346	 1307.6	 1101.4	 0.161552	 0.096333	 0.0448	 0.0564	 0.1423	 0.1508	 0.7106	 0.6709	PixelFly	L1.5-	160x 60	1.0216	0.1400	0.0600	20	0	 5	150	 200	200	     0
04/10/18 23:27:15	OT	ENIF           	 0.6626	 1.1356	 1289.3	 1128.7	 0.137464	 0.098722	 0.0632	 0.0452	 0.1568	 0.1487	 0.6447	 0.6805	PixelFly	L1.5-	160x 60	1.0216	0.1400	0.0600	20	0	 5	150	 200	200	     0
04/10/18 23:27:45	OT	ENIF           	 0.6155	 1.1365	 1310.1	 1150.4	 0.128208	 0.083036	 0.0566	 0.0607	 0.1636	 0.1650	 0.6179	 0.6131	PixelFly	L1.5-	160x 60	1.0216	0.1400	0.0600	20	0	 5	150	 200	200	     0
04/10/18 23:28:15	OT	ENIF           	 0.5680	 1.1375	 1318.6	 1130.1	 0.133190	 0.059957	 0.0513	 0.0578	 0.1600	 0.2007	 0.6319	 0.5040	PixelFly	L1.5-	160x 60	1.0216	0.1400	0.0600	20	0	 5	150	 200	200	    50
04/10/18 23:28:45	OT	ENIF           	 0.6078	 1.1384	 1290.2	 1145.1	 0.132699	 0.077011	 0.0598	 0.0600	 0.1604	 0.1728	 0.6302	 0.5854	PixelFly	L1.5-	160x 60	1.0216	0.1400	0.0600	20	0	 5	150	 200	200	     0
04/10/18 23:29:16	OT	ENIF           	 0.5941	 1.1394	 1297.7	 1122.8	 0.119920	 0.079302	 0.0687	 0.0514	 0.1705	 0.1699	 0.5927	 0.5955	PixelFly	L1.5-	160x 60	1.0216	0.1400	0.0600	20	0	 5	150	 200	200	     0
04/10/18 23:29:46	OT	ENIF           	 0.7582	 1.1404	 1343.7	 1113.3	 0.185167	 0.115972	 0.0620	 0.0647	 0.1315	 0.1353	 0.7688	 0.7476	PixelFly	L1.5-	160x 60	1.0216	0.1400	0.0600	20	0	 5	150	 200	200	     0
04/10/18 23:30:16	OT	ENIF           	 0.6392	 1.1414	 1300.2	 1103.8	 0.122043	 0.099121	 0.0545	 0.0441	 0.1689	 0.1488	 0.5984	 0.6801	PixelFly	L1.5-	160x 60	1.0216	0.1400	0.0600	20	0	 5	150	 200	200	     0
04/10/18 23:30:46	OT	ENIF           	 0.7327	 1.1424	 1340.8	 1136.1	 0.174963	 0.109853	 0.0567	 0.0675	 0.1362	 0.1400	 0.7424	 0.7230	PixelFly	L1.5-	160x 60	1.0216	0.1400	0.0600	20	0	 5	150	 200	200	     0
04/10/18 23:31:16	OT	ENIF           	 0.7603	 1.1434	 1284.3	 1107.0	 0.185972	 0.117145	 0.0658	 0.0551	 0.1313	 0.1347	 0.7696	 0.7510	PixelFly	L1.5-	160x 60	1.0216	0.1400	0.0600	20	0	 5	150	 200	200	     0
04/10/18 23:31:46	OT	ENIF           	 0.7144	 1.1444	 1326.6	 1087.3	 0.154284	 0.114680	 0.0537	 0.0449	 0.1470	 0.1365	 0.6877	 0.7411	PixelFly	L1.5-	160x 60	1.0216	0.1400	0.0600	20	0	 5	150	 200	200	     0
04/10/18 23:32:16	OT	ENIF           	 0.6833	 1.1454	 1301.8	 1109.2	 0.151814	 0.100921	 0.0634	 0.0522	 0.1485	 0.1475	 0.6807	 0.6860	PixelFly	L1.5-	160x 60	1.0216	0.1400	0.0600	20	0	 5	150	 200	200	     0
04/10/18 23:32:46	OT	ENIF           	 0.7477	 1.1464	 1264.7	 1132.6	 0.192713	 0.107046	 0.0702	 0.0674	 0.1288	 0.1424	 0.7850	 0.7103	PixelFly	L1.5-	160x 60	1.0216	0.1400	0.0600	20	0	 5	150	 200	200	     0
04/10/18 23:33:16	OT	ENIF           	 0.6425	 1.1475	 1284.6	 1135.5	 0.141125	 0.088715	 0.0524	 0.0551	 0.1553	 0.1595	 0.6508	 0.6343	PixelFly	L1.5-	160x 60	1.0216	0.1400	0.0600	20	0	 5	150	 200	200	     0
04/10/18 23:33:46	OT	ENIF           	 0.5885	 1.1485	 1292.5	 1112.1	 0.135579	 0.068323	 0.0508	 0.0444	 0.1592	 0.1867	 0.6350	 0.5420	PixelFly	L1.5-	160x 60	1.0216	0.1400	0.0600	20	0	 5	150	 200	200	     0
04/10/18 23:34:16	OT	ENIF           	 0.5910	 1.1495	 1277.2	 1094.8	 0.119222	 0.079761	 0.0445	 0.0487	 0.1720	 0.1702	 0.5875	 0.5944	PixelFly	L1.5-	160x 60	1.0216	0.1400	0.0600	20	0	 5	150	 200	200	     0
04/10/18 23:34:46	OT	ENIF           	 0.6793	 1.1506	 1288.6	 1106.7	 0.160519	 0.094257	 0.0481	 0.0447	 0.1440	 0.1541	 0.7019	 0.6567	PixelFly	L1.5-	160x 60	1.0216	0.1400	0.0600	20	0	 5	150	 200	200	     0
04/10/18 23:35:16	OT	ENIF           	 0.6295	 1.1516	 1307.4	 1109.7	 0.139930	 0.084113	 0.0632	 0.0599	 0.1565	 0.1651	 0.6461	 0.6130	PixelFly	L1.5-	160x 60	1.0216	0.1400	0.0600	20	0	 5	150	 200	200	     0
04/10/18 23:35:46	OT	ENIF           	 0.6466	 1.1527	 1304.0	 1175.1	 0.140688	 0.091759	 0.0535	 0.0604	 0.1560	 0.1568	 0.6478	 0.6455	PixelFly	L1.5-	160x 60	1.0216	0.1400	0.0600	20	0	 5	150	 200	200	     0
04/10/18 23:36:16	OT	ENIF           	 0.7722	 1.1538	 1306.9	 1123.4	 0.209909	 0.110511	 0.0578	 0.0590	 0.1228	 0.1403	 0.8232	 0.7213	PixelFly	L1.5-	160x 60	1.0216	0.1400	0.0600	20	0	 5	150	 200	200	     0
04/10/18 23:36:46	OT	ENIF           	 0.6933	 1.1549	 1302.5	 1122.9	 0.176801	 0.091686	 0.0625	 0.0735	 0.1362	 0.1570	 0.7422	 0.6444	PixelFly	L1.5-	160x 60	1.0216	0.1400	0.0600	20	0	 5	150	 200	200	     0
04/10/18 23:37:17	OT	ENIF           	 0.7185	 1.1560	 1310.7	 1165.2	 0.183279	 0.100150	 0.1014	 0.0980	 0.1334	 0.1490	 0.7579	 0.6791	PixelFly	L1.5-	160x 60	1.0216	0.1400	0.0600	20	0	 5	150	 200	200	     0
04/10/18 23:37:17	OT	ENIF           	 0.0000	 1.1560	    0.0	    0.0	-0.000000	-0.000000	    0.0	    0.0	    0.0	    0.0	 0.0000	 0.0000	PixelFly	L1.5-	160x 60	1.0216	0.1400	0.0600	20	0	 5	150	 200	  0	    31
04/10/18 23:56:13	OT	MARKAB         	 0.6628	 1.0404	 1072.8	  930.2	 0.143903	 0.078947	 0.0842	 0.0837	 0.1448	 0.1613	 0.6983	 0.6272	PixelFly	L1.5-	160x 60	1.0216	0.1400	0.0600	20	0	 5	150	 200	200	     0
04/10/18 23:56:43	OT	MARKAB         	 0.6961	 1.0408	  951.6	  855.9	 0.181917	 0.071049	 0.0908	 0.0876	 0.1258	 0.1719	 0.8036	 0.5886	PixelFly	L1.5-	160x 60	1.0216	0.1400	0.0600	20	0	 5	150	 200	200	    50
04/10/18 23:57:13	OT	MARKAB         	 0.7061	 1.0411	  991.7	  899.9	 0.169920	 0.081913	 0.0803	 0.0833	 0.1311	 0.1579	 0.7712	 0.6410	PixelFly	L1.5-	160x 60	1.0216	0.1400	0.0600	20	0	 5	150	 200	200	    50
04/10/18 23:57:43	OT	MARKAB         	 0.7787	 1.0415	 1052.7	 1016.4	 0.210609	 0.090480	 0.0963	 0.1030	 0.1153	 0.1487	 0.8771	 0.6802	PixelFly	L1.5-	160x 60	1.0216	0.1400	0.0600	20	0	 5	150	 200	199	    50
04/10/18 23:58:13	OT	MARKAB         	 0.7241	 1.0418	 1064.2	  929.6	 0.175575	 0.086494	 0.0809	 0.0897	 0.1286	 0.1529	 0.7862	 0.6620	PixelFly	L1.5-	160x 60	1.0216	0.1400	0.0600	20	0	 5	150	 200	199	     0
04/10/18 23:58:43	OT	MARKAB         	 0.6643	 1.0422	 1064.9	  958.3	 0.158674	 0.071216	 0.0820	 0.0845	 0.1367	 0.1718	 0.7397	 0.5890	PixelFly	L1.5-	160x 60	1.0216	0.1400	0.0600	20	0	 5	150	 200	200	    50
04/10/18 23:59:13	OT	MARKAB         	 0.7120	 1.0426	 1098.4	  938.2	 0.182728	 0.077415	 0.0976	 0.0903	 0.1256	 0.1634	 0.8049	 0.6191	PixelFly	L1.5-	160x 60	1.0216	0.1400	0.0600	20	0	 5	150	 200	200	    50
04/10/18 23:59:43	OT	MARKAB         	 0.7541	 1.0430	 1136.8	  975.6	 0.228065	 0.071281	 0.1193	 0.1195	 0.1100	 0.1718	 0.9192	 0.5890	PixelFly	L1.5-	160x 60	1.0216	0.1400	0.0600	20	0	 5	150	 200	200	    50
05/10/18 00:00:13	OT	MARKAB         	 0.7091	 1.0434	 1031.3	  886.1	 0.180052	 0.077833	 0.1006	 0.1204	 0.1268	 0.1630	 0.7975	 0.6208	PixelFly	L1.5-	160x 60	1.0216	0.1400	0.0600	20	0	 5	150	 200	200	    50
05/10/18 00:00:43	OT	MARKAB         	 0.7611	 1.0437	  809.7	  718.0	 0.188316	 0.095828	 0.1221	 0.1116	 0.1234	 0.1439	 0.8191	 0.7032	PixelFly	L1.5-	160x 60	1.0216	0.1400	0.0600	20	0	 5	150	 200	200	     0
05/10/18 00:01:13	OT	MARKAB         	 0.7560	 1.0441	 1029.8	  959.0	 0.215485	 0.078585	 0.1089	 0.0843	 0.1139	 0.1621	 0.8878	 0.6241	PixelFly	L1.5-	160x 60	1.0216	0.1400	0.0600	20	0	 5	150	 200	200	    50
05/10/18 00:01:43	OT	MARKAB         	 0.7800	 1.0445	 1072.4	  977.7	 0.207580	 0.093394	 0.0850	 0.0931	 0.1165	 0.1462	 0.8680	 0.6921	PixelFly	L1.5-	160x 60	1.0216	0.1400	0.0600	20	0	 5	150	 200	200	    50
05/10/18 00:02:14	OT	MARKAB         	 0.7780	 1.0449	 1162.4	  989.2	 0.184759	 0.106045	 0.0895	 0.0780	 0.1249	 0.1355	 0.8092	 0.7467	PixelFly	L1.5-	160x 60	1.0216	0.1400	0.0600	20	0	 5	150	 200	200	     0
05/10/18 00:02:44	OT	MARKAB         	 1.0513	 1.0454	 1074.9	  947.0	 0.293474	 0.182687	 0.0751	 0.0737	 0.0947	 0.0978	 1.0679	 1.0346	PixelFly	L1.5-	160x 60	1.0216	0.1400	0.0600	20	0	 5	150	 200	198	     0
05/10/18 00:03:14	OT	MARKAB         	 0.8140	 1.0458	 1011.2	  923.4	 0.178922	 0.127764	 0.0850	 0.0995	 0.1274	 0.1212	 0.7934	 0.8346	PixelFly	L1.5-	160x 60	1.0216	0.1400	0.0600	20	0	 5	150	 200	198	     0
05/10/18 00:03:44	OT	MARKAB         	 0.7721	 1.0462	 1040.8	  911.4	 0.191868	 0.099216	 0.0718	 0.0812	 0.1222	 0.1411	 0.8271	 0.7170	PixelFly	L1.5-	160x 60	1.0216	0.1400	0.0600	20	0	 5	150	 200	200	     0
05/10/18 00:04:14	OT	MARKAB         	 0.7932	 1.0466	 1066.9	  965.7	 0.200075	 0.104235	 0.0669	 0.0719	 0.1192	 0.1370	 0.8480	 0.7383	PixelFly	L1.5-	160x 60	1.0216	0.1400	0.0600	20	0	 5	150	 200	200	     0
05/10/18 00:04:44	OT	MARKAB         	 0.7910	 1.0470	 1085.8	  967.7	 0.201921	 0.102232	 0.0913	 0.0619	 0.1186	 0.1387	 0.8525	 0.7296	PixelFly	L1.5-	160x 60	1.0216	0.1400	0.0600	20	0	 5	150	 200	200	     0
05/10/18 00:05:14	OT	MARKAB         	 0.7677	 1.0475	 1035.4	  936.4	 0.204021	 0.090467	 0.0618	 0.0759	 0.1179	 0.1493	 0.8576	 0.6778	PixelFly	L1.5-	160x 60	1.0216	0.1400	0.0600	20	0	 5	150	 200	200	    50
05/10/18 00:05:44	OT	MARKAB         	 0.8027	 1.0479	 1039.2	  926.0	 0.185855	 0.117954	 0.0717	 0.0891	 0.1247	 0.1273	 0.8107	 0.7946	PixelFly	L1.5-	160x 60	1.0216	0.1400	0.0600	20	0	 5	150	 200	200	     0
05/10/18 00:06:14	OT	MARKAB         	 0.6990	 1.0483	 1078.8	  912.6	 0.154238	 0.089548	 0.0637	 0.0585	 0.1395	 0.1503	 0.7247	 0.6734	PixelFly	L1.5-	160x 60	1.0216	0.1400	0.0600	20	0	 5	150	 200	200	     0
05/10/18 00:06:44	OT	MARKAB         	 0.6599	 1.0488	 1090.8	  929.2	 0.144793	 0.078557	 0.0804	 0.0522	 0.1449	 0.1626	 0.6976	 0.6223	PixelFly	L1.5-	160x 60	1.0216	0.1400	0.0600	20	0	 5	150	 200	200	     0
05/10/18 00:07:14	OT	MARKAB         	 0.6566	 1.0492	 1144.8	  977.0	 0.142546	 0.078584	 0.0696	 0.0633	 0.1463	 0.1626	 0.6909	 0.6223	PixelFly	L1.5-	160x 60	1.0216	0.1400	0.0600	20	0	 5	150	 200	200	     0
05/10/18 00:07:44	OT	MARKAB         	 0.6024	 1.0497	 1116.2	  964.2	 0.130364	 0.064037	 0.0615	 0.0598	 0.1544	 0.1839	 0.6546	 0.5502	PixelFly	L1.5-	160x 60	1.0216	0.1400	0.0600	20	0	 5	150	 200	200	     0
05/10/18 00:08:15	OT	MARKAB         	 0.6306	 1.0501	 1141.4	  964.5	 0.132538	 0.074069	 0.0524	 0.0654	 0.1529	 0.1686	 0.6610	 0.6003	PixelFly	L1.5-	160x 60	1.0216	0.1400	0.0600	20	0	 5	150	 200	200	     0
05/10/18 00:08:45	OT	MARKAB         	 0.6017	 1.0506	 1123.7	 1014.0	 0.116060	 0.072665	 0.0561	 0.0445	 0.1657	 0.1705	 0.6102	 0.5933	PixelFly	L1.5-	160x 60	1.0216	0.1400	0.0600	20	0	 5	150	 200	199	     0
05/10/18 00:09:15	OT	MARKAB         	 0.5865	 1.0511	 1116.6	  979.0	 0.124015	 0.061819	 0.0453	 0.0507	 0.1592	 0.1880	 0.6348	 0.5383	PixelFly	L1.5-	160x 60	1.0216	0.1400	0.0600	20	0	 5	150	 200	199	     0
05/10/18 00:09:45	OT	MARKAB         	 0.5922	 1.0515	 1151.3	 1018.6	 0.129573	 0.060799	 0.0583	 0.0564	 0.1551	 0.1899	 0.6516	 0.5328	PixelFly	L1.5-	160x 60	1.0216	0.1400	0.0600	20	0	 5	150	 200	199	    50
05/10/18 00:10:15	OT	MARKAB         	 0.5575	 1.0520	 1141.8	  997.8	 0.113570	 0.057132	 0.0455	 0.0397	 0.1680	 0.1972	 0.6018	 0.5131	PixelFly	L1.5-	160x 60	1.0216	0.1400	0.0600	20	0	 5	150	 200	200	     0
05/10/18 00:10:45	OT	MARKAB         	 0.5974	 1.0525	 1141.7	  988.2	 0.113828	 0.072616	 0.0420	 0.0480	 0.1678	 0.1708	 0.6025	 0.5924	PixelFly	L1.5-	160x 60	1.0216	0.1400	0.0600	20	0	 5	150	 200	200	     0
05/10/18 00:11:15	OT	MARKAB         	 0.6938	 1.0530	 1147.9	 1007.4	 0.159937	 0.084572	 0.0543	 0.0555	 0.1368	 0.1559	 0.7387	 0.6489	PixelFly	L1.5-	160x 60	1.0216	0.1400	0.0600	20	0	 5	150	 200	200	     0
05/10/18 00:11:45	OT	MARKAB         	 0.5970	 1.0535	 1156.3	 1021.9	 0.127816	 0.063924	 0.0447	 0.0427	 0.1566	 0.1845	 0.6455	 0.5484	PixelFly	L1.5-	160x 60	1.0216	0.1400	0.0600	20	0	 5	150	 200	200	     0
05/10/18 00:12:16	OT	MARKAB         	 0.6310	 1.0540	 1155.5	 1036.3	 0.136398	 0.072452	 0.0485	 0.0496	 0.1507	 0.1712	 0.6710	 0.5911	PixelFly	L1.5-	160x 60	1.0216	0.1400	0.0600	20	0	 5	150	 200	200	     0
05/10/18 00:12:46	OT	MARKAB         	 0.6743	 1.0545	 1143.5	 1009.6	 0.139610	 0.088981	 0.0447	 0.0496	 0.1486	 0.1514	 0.6802	 0.6684	PixelFly	L1.5-	160x 60	1.0216	0.1400	0.0600	20	0	 5	150	 200	200	     0
05/10/18 00:13:16	OT	MARKAB         	 0.6810	 1.0550	 1206.6	 1023.6	 0.141020	 0.091138	 0.0484	 0.0393	 0.1478	 0.1493	 0.6842	 0.6779	PixelFly	L1.5-	160x 60	1.0216	0.1400	0.0600	20	0	 5	150	 200	198	     0
05/10/18 00:13:46	OT	MARKAB         	 0.6443	 1.0555	 1146.0	 1021.8	 0.140433	 0.075713	 0.0478	 0.0516	 0.1482	 0.1669	 0.6822	 0.6064	PixelFly	L1.5-	160x 60	1.0216	0.1400	0.0600	20	0	 5	150	 200	198	     0
05/10/18 00:14:16	OT	MARKAB         	 0.5572	 1.0560	 1180.6	 1031.6	 0.111981	 0.058432	 0.0446	 0.0480	 0.1698	 0.1950	 0.5954	 0.5189	PixelFly	L1.5-	160x 60	1.0216	0.1400	0.0600	20	0	 5	150	 200	198	     0
05/10/18 00:14:46	OT	MARKAB         	 0.5552	 1.0566	 1149.6	 1064.5	 0.117369	 0.054597	 0.0333	 0.0385	 0.1651	 0.2031	 0.6123	 0.4981	PixelFly	L1.5-	160x 60	1.0216	0.1400	0.0600	20	0	 5	150	 200	199	    50
05/10/18 00:15:17	OT	MARKAB         	 0.7086	 1.0571	 1150.1	 1019.4	 0.158884	 0.092478	 0.0428	 0.0402	 0.1377	 0.1481	 0.7340	 0.6831	PixelFly	L1.5-	160x 60	1.0216	0.1400	0.0600	20	0	 5	150	 200	199	     0
05/10/18 00:15:47	OT	MARKAB         	 0.6568	 1.0576	 1158.5	 1011.7	 0.132280	 0.086518	 0.0401	 0.0373	 0.1538	 0.1542	 0.6574	 0.6561	PixelFly	L1.5-	160x 60	1.0216	0.1400	0.0600	20	0	 5	150	 200	198	     0
05/10/18 00:16:17	OT	MARKAB         	 0.5597	 1.0582	 1142.3	  996.7	 0.103137	 0.065150	 0.0389	 0.0329	 0.1786	 0.1829	 0.5661	 0.5533	PixelFly	L1.5-	160x 60	1.0216	0.1400	0.0600	20	0	 5	150	 200	198	     0
05/10/18 00:16:47	OT	MARKAB         	 0.5526	 1.0587	 1170.8	 1026.6	 0.113471	 0.056168	 0.0380	 0.0382	 0.1687	 0.2000	 0.5992	 0.5060	PixelFly	L1.5-	160x 60	1.0216	0.1400	0.0600	20	0	 5	150	 200	200	     0
05/10/18 00:17:17	OT	MARKAB         	 0.5528	 1.0593	 1138.8	 1031.3	 0.111638	 0.057381	 0.0313	 0.0393	 0.1704	 0.1975	 0.5932	 0.5124	PixelFly	L1.5-	160x 60	1.0216	0.1400	0.0600	20	0	 5	150	 200	198	     0
05/10/18 00:17:47	OT	MARKAB         	 0.5688	 1.0598	 1166.3	 1023.0	 0.113770	 0.062221	 0.0408	 0.0425	 0.1685	 0.1882	 0.5998	 0.5377	PixelFly	L1.5-	160x 60	1.0216	0.1400	0.0600	20	0	 5	150	 200	196	     0
05/10/18 00:18:17	OT	MARKAB         	 0.5411	 1.0604	 1197.2	 1045.7	 0.096349	 0.062590	 0.0279	 0.0292	 0.1863	 0.1876	 0.5427	 0.5394	PixelFly	L1.5-	160x 60	1.0216	0.1400	0.0600	20	0	 5	150	 200	199	     0
05/10/18 00:18:47	OT	MARKAB         	 0.6006	 1.0609	 1196.6	 1033.1	 0.110279	 0.077484	 0.0314	 0.0334	 0.1718	 0.1651	 0.5883	 0.6130	PixelFly	L1.5-	160x 60	1.0216	0.1400	0.0600	20	0	 5	150	 200	195	     0
05/10/18 00:19:17	OT	MARKAB         	 0.5633	 1.0615	 1158.5	 1013.9	 0.113906	 0.060265	 0.0301	 0.0340	 0.1686	 0.1920	 0.5997	 0.5270	PixelFly	L1.5-	160x 60	1.0216	0.1400	0.0600	20	0	 5	150	 200	196	     0
05/10/18 00:19:47	OT	MARKAB         	 0.5981	 1.0621	 1178.0	 1025.9	 0.127534	 0.065652	 0.0326	 0.0293	 0.1576	 0.1824	 0.6415	 0.5546	PixelFly	L1.5-	160x 60	1.0216	0.1400	0.0600	20	0	 5	150	 200	196	     0
05/10/18 00:20:17	OT	MARKAB         	 0.6336	 1.0626	 1153.4	 1015.7	 0.119904	 0.085403	 0.0393	 0.0350	 0.1636	 0.1559	 0.6180	 0.6492	PixelFly	L1.5-	160x 60	1.0216	0.1400	0.0600	20	0	 5	150	 200	197	     0
05/10/18 00:20:47	OT	MARKAB         	 0.5463	 1.0632	 1141.6	 1038.8	 0.102030	 0.061274	 0.0406	 0.0336	 0.1803	 0.1903	 0.5608	 0.5318	PixelFly	L1.5-	160x 60	1.0216	0.1400	0.0600	20	0	 5	150	 200	197	     0
05/10/18 00:21:17	OT	MARKAB         	 0.5457	 1.0638	 1168.7	 1043.6	 0.094004	 0.066361	 0.0348	 0.0330	 0.1894	 0.1814	 0.5337	 0.5576	PixelFly	L1.5-	160x 60	1.0216	0.1400	0.0600	20	0	 5	150	 200	197	     0
05/10/18 00:21:47	OT	MARKAB         	 0.5581	 1.0644	 1147.3	 1026.2	 0.102687	 0.065583	 0.0461	 0.0308	 0.1797	 0.1828	 0.5626	 0.5535	PixelFly	L1.5-	160x 60	1.0216	0.1400	0.0600	20	0	 5	150	 200	196	     0
05/10/18 00:22:17	OT	MARKAB         	 0.5975	 1.0650	 1150.0	 1023.5	 0.130700	 0.063939	 0.0269	 0.0283	 0.1555	 0.1857	 0.6500	 0.5450	PixelFly	L1.5-	160x 60	1.0216	0.1400	0.0600	20	0	 5	150	 200	198	     0
05/10/18 00:22:47	OT	MARKAB         	 0.5889	 1.0656	 1170.3	 1032.4	 0.114025	 0.070795	 0.0324	 0.0246	 0.1689	 0.1747	 0.5987	 0.5791	PixelFly	L1.5-	160x 60	1.0216	0.1400	0.0600	20	0	 5	150	 200	196	     0
05/10/18 00:23:17	OT	MARKAB         	 0.5779	 1.0662	 1167.6	 1030.9	 0.112217	 0.067595	 0.0325	 0.0339	 0.1705	 0.1797	 0.5928	 0.5631	PixelFly	L1.5-	160x 60	1.0216	0.1400	0.0600	20	0	 5	150	 200	200	     0
05/10/18 00:23:47	OT	MARKAB         	 0.5201	 1.0668	 1138.2	 1019.4	 0.097964	 0.054401	 0.0412	 0.0407	 0.1851	 0.2048	 0.5462	 0.4941	PixelFly	L1.5-	160x 60	1.0216	0.1400	0.0600	20	0	 5	150	 200	199	     0
05/10/18 00:24:17	OT	MARKAB         	 0.5020	 1.0674	 1108.3	 1007.3	 0.088071	 0.054003	 0.0339	 0.0367	 0.1974	 0.2057	 0.5122	 0.4918	PixelFly	L1.5-	160x 60	1.0216	0.1400	0.0600	20	0	 5	150	 200	199	     0
05/10/18 00:24:47	OT	MARKAB         	 0.5524	 1.0681	 1163.6	 1022.0	 0.103779	 0.063098	 0.0338	 0.0356	 0.1789	 0.1875	 0.5650	 0.5397	PixelFly	L1.5-	160x 60	1.0216	0.1400	0.0600	20	0	 5	150	 200	199	     0
05/10/18 00:25:18	OT	MARKAB         	 0.5334	 1.0687	 1064.0	  972.5	 0.111718	 0.051287	 0.0373	 0.0374	 0.1712	 0.2124	 0.5903	 0.4764	PixelFly	L1.5-	160x 60	1.0216	0.1400	0.0600	20	0	 5	150	 200	200	    50
05/10/18 00:25:48	OT	MARKAB         	 0.6094	 1.0693	  941.3	  855.9	 0.128946	 0.070342	 0.0437	 0.0433	 0.1572	 0.1758	 0.6432	 0.5757	PixelFly	L1.5-	160x 60	1.0216	0.1400	0.0600	20	0	 5	150	 200	198	     0
05/10/18 00:26:18	OT	MARKAB         	 0.5634	 1.0700	  906.0	  847.5	 0.115511	 0.060343	 0.0429	 0.0459	 0.1680	 0.1928	 0.6019	 0.5249	PixelFly	L1.5-	160x 60	1.0216	0.1400	0.0600	20	0	 5	150	 200	200	     0
05/10/18 00:26:48	OT	MARKAB         	 0.5856	 1.0706	  805.9	  716.9	 0.116579	 0.068530	 0.0415	 0.0409	 0.1671	 0.1787	 0.6050	 0.5663	PixelFly	L1.5-	160x 60	1.0216	0.1400	0.0600	20	0	 5	150	 200	200	     0
05/10/18 00:27:18	OT	MARKAB         	 0.5743	 1.0713	  723.8	  648.2	 0.120568	 0.061685	 0.0609	 0.0564	 0.1638	 0.1904	 0.6171	 0.5315	PixelFly	L1.5-	160x 60	1.0216	0.1400	0.0600	20	0	 5	150	 200	200	     0
05/10/18 00:27:48	OT	MARKAB         	 0.6168	 1.0719	  660.5	  589.6	 0.140276	 0.066946	 0.0404	 0.0329	 0.1496	 0.1813	 0.6755	 0.5580	PixelFly	L1.5-	160x 60	1.0216	0.1400	0.0600	20	0	 5	150	 200	200	    50
05/10/18 00:28:18	OT	MARKAB         	 0.6089	 1.0726	  656.4	  562.1	 0.117972	 0.077548	 0.0417	 0.0445	 0.1661	 0.1661	 0.6086	 0.6093	PixelFly	L1.5-	160x 60	1.0216	0.1400	0.0600	20	0	 5	150	 200	199	     0
05/10/18 00:28:48	OT	MARKAB         	 0.6531	 1.0732	  600.0	  532.0	 0.147349	 0.077961	 0.0462	 0.0418	 0.1454	 0.1656	 0.6952	 0.6110	PixelFly	L1.5-	160x 60	1.0216	0.1400	0.0600	20	0	 5	150	 200	199	     0
05/10/18 00:29:18	OT	MARKAB         	 0.6255	 1.0739	  604.5	  523.2	 0.124658	 0.080471	 0.0419	 0.0367	 0.1608	 0.1625	 0.6286	 0.6225	PixelFly	L1.5-	160x 60	1.0216	0.1400	0.0600	20	0	 5	150	 200	199	     0
05/10/18 00:29:49	OT	MARKAB         	 0.5561	 1.0746	  592.3	  516.5	 0.116360	 0.057613	 0.0549	 0.0571	 0.1677	 0.1987	 0.6029	 0.5092	PixelFly	L1.5-	160x 60	1.0216	0.1400	0.0600	20	0	 5	150	 200	199	     0
05/10/18 00:30:20	OT	MARKAB         	 0.6721	 1.0753	  431.0	  374.6	 0.148952	 0.085561	 0.0871	 0.0848	 0.1446	 0.1568	 0.6990	 0.6453	PixelFly	L1.5-	160x 60	1.0216	0.1400	0.0600	20	0	 5	150	 200	200	     0
05/10/18 00:30:50	OT	MARKAB         	 0.5720	 1.0760	  525.8	  461.6	 0.118693	 0.062508	 0.0505	 0.0510	 0.1658	 0.1894	 0.6097	 0.5343	PixelFly	L1.5-	160x 60	1.0216	0.1400	0.0600	20	0	 5	150	 200	200	     0
05/10/18 00:31:20	OT	MARKAB         	 0.5248	 1.0767	  546.3	  487.9	 0.106022	 0.052339	 0.0482	 0.0518	 0.1775	 0.2107	 0.5695	 0.4801	PixelFly	L1.5-	160x 60	1.0216	0.1400	0.0600	20	0	 5	150	 200	199	     0
05/10/18 00:31:50	OT	MARKAB         	 0.5415	 1.0774	  617.6	  532.3	 0.100616	 0.062006	 0.0401	 0.0469	 0.1832	 0.1904	 0.5517	 0.5313	PixelFly	L1.5-	160x 60	1.0216	0.1400	0.0600	20	0	 5	150	 200	200	     0
05/10/18 00:32:20	OT	MARKAB         	 0.4735	 1.0781	  613.4	  565.2	 0.089732	 0.043958	 0.0371	 0.0465	 0.1963	 0.2342	 0.5149	 0.4321	PixelFly	L1.5-	160x 60	1.0216	0.1400	0.0600	20	0	 5	150	 200	200	     0
05/10/18 00:32:50	OT	MARKAB         	 0.5261	 1.0788	  735.6	  665.7	 0.101554	 0.055702	 0.0393	 0.0319	 0.1823	 0.2032	 0.5544	 0.4978	PixelFly	L1.5-	160x 60	1.0216	0.1400	0.0600	20	0	 5	150	 200	198	     0
05/10/18 00:33:20	OT	MARKAB         	 0.5322	 1.0795	  775.9	  660.8	 0.112789	 0.051413	 0.0298	 0.0386	 0.1713	 0.2133	 0.5902	 0.4743	PixelFly	L1.5-	160x 60	1.0216	0.1400	0.0600	20	0	 5	150	 200	200	    50
05/10/18 00:33:50	OT	MARKAB         	 0.4936	 1.0802	  770.3	  658.2	 0.096687	 0.047034	 0.0276	 0.0317	 0.1879	 0.2251	 0.5378	 0.4494	PixelFly	L1.5-	160x 60	1.0216	0.1400	0.0600	20	0	 5	150	 200	200	     0
05/10/18 00:34:20	OT	MARKAB         	 0.4836	 1.0809	  800.5	  701.4	 0.088301	 0.048576	 0.0356	 0.0442	 0.1985	 0.2209	 0.5091	 0.4580	PixelFly	L1.5-	160x 60	1.0216	0.1400	0.0600	20	0	 5	150	 200	200	     0
05/10/18 00:34:50	OT	MARKAB         	 0.5550	 1.0817	  864.0	  767.5	 0.109726	 0.062028	 0.0338	 0.0363	 0.1744	 0.1908	 0.5798	 0.5302	PixelFly	L1.5-	160x 60	1.0216	0.1400	0.0600	20	0	 5	150	 200	199	     0
05/10/18 00:35:20	OT	MARKAB         	 0.5596	 1.0824	  940.1	  843.1	 0.106866	 0.065732	 0.0415	 0.0393	 0.1772	 0.1844	 0.5704	 0.5487	PixelFly	L1.5-	160x 60	1.0216	0.1400	0.0600	20	0	 5	150	 200	200	     0
05/10/18 00:35:50	OT	MARKAB         	 0.5820	 1.0831	  976.2	  833.3	 0.101226	 0.078904	 0.0388	 0.0364	 0.1831	 0.1653	 0.5520	 0.6120	PixelFly	L1.5-	160x 60	1.0216	0.1400	0.0600	20	0	 5	150	 200	200	     0
05/10/18 00:36:20	OT	MARKAB         	 0.5725	 1.0839	  989.1	  872.2	 0.125572	 0.059624	 0.0337	 0.0453	 0.1610	 0.1957	 0.6279	 0.5171	PixelFly	L1.5-	160x 60	1.0216	0.1400	0.0600	20	0	 5	150	 200	200	    50
05/10/18 00:36:50	OT	MARKAB         	 0.5471	 1.0846	  954.7	  862.1	 0.114376	 0.056576	 0.0374	 0.0334	 0.1703	 0.2020	 0.5934	 0.5009	PixelFly	L1.5-	160x 60	1.0216	0.1400	0.0600	20	0	 5	150	 200	200	     0
05/10/18 00:37:20	OT	MARKAB         	 0.5250	 1.0854	  986.2	  877.9	 0.099182	 0.057483	 0.0295	 0.0312	 0.1856	 0.2002	 0.5446	 0.5055	PixelFly	L1.5-	160x 60	1.0216	0.1400	0.0600	20	0	 5	150	 200	200	     0
05/10/18 00:37:50	OT	MARKAB         	 0.4509	 1.0862	  987.2	  872.3	 0.076295	 0.045106	 0.0290	 0.0291	 0.2174	 0.2316	 0.4651	 0.4368	PixelFly	L1.5-	160x 60	1.0216	0.1400	0.0600	20	0	 5	150	 200	200	     0
05/10/18 00:38:20	OT	MARKAB         	 0.5013	 1.0869	  979.0	  859.4	 0.089895	 0.054597	 0.0453	 0.0356	 0.1971	 0.2066	 0.5129	 0.4897	PixelFly	L1.5-	160x 60	1.0216	0.1400	0.0600	20	0	 5	150	 200	200	     0
05/10/18 00:38:50	OT	MARKAB         	 0.5030	 1.0877	  950.5	  850.6	 0.097701	 0.050476	 0.0416	 0.0423	 0.1876	 0.2167	 0.5390	 0.4669	PixelFly	L1.5-	160x 60	1.0216	0.1400	0.0600	20	0	 5	150	 200	200	     0
05/10/18 00:39:21	OT	MARKAB         	 0.5087	 1.0885	  935.3	  808.6	 0.099836	 0.051350	 0.0395	 0.0319	 0.1852	 0.2146	 0.5458	 0.4716	PixelFly	L1.5-	160x 60	1.0216	0.1400	0.0600	20	0	 5	150	 200	200	     0
05/10/18 00:39:51	OT	MARKAB         	 0.4481	 1.0893	  893.0	  797.4	 0.096038	 0.033253	 0.0290	 0.0318	 0.1897	 0.2786	 0.5330	 0.3632	PixelFly	L1.5-	160x 60	1.0216	0.1400	0.0600	20	0	 5	150	 200	200	    50
05/10/18 00:40:21	OT	MARKAB         	 0.5074	 1.0901	  832.4	  750.5	 0.098715	 0.051732	 0.0344	 0.0372	 0.1866	 0.2138	 0.5416	 0.4733	PixelFly	L1.5-	160x 60	1.0216	0.1400	0.0600	20	0	 5	150	 200	200	     0
05/10/18 00:40:51	OT	MARKAB         	 0.5436	 1.0909	  871.8	  736.2	 0.108025	 0.059743	 0.0421	 0.0347	 0.1769	 0.1962	 0.5715	 0.5157	PixelFly	L1.5-	160x 60	1.0216	0.1400	0.0600	20	0	 5	150	 200	200	     0
05/10/18 00:41:21	OT	MARKAB         	 0.5624	 1.0917	  884.2	  768.9	 0.128989	 0.054806	 0.0386	 0.0446	 0.1591	 0.2067	 0.6354	 0.4895	PixelFly	L1.5-	160x 60	1.0216	0.1400	0.0600	20	0	 5	150	 200	200	    50
05/10/18 00:41:51	OT	MARKAB         	 0.5462	 1.0925	  809.7	  733.5	 0.110032	 0.059694	 0.0443	 0.0401	 0.1751	 0.1965	 0.5773	 0.5150	PixelFly	L1.5-	160x 60	1.0216	0.1400	0.0600	20	0	 5	150	 200	199	     0
05/10/18 00:42:21	OT	MARKAB         	 0.5055	 1.0933	  773.5	  681.9	 0.094978	 0.053607	 0.0595	 0.0450	 0.1913	 0.2096	 0.5283	 0.4826	PixelFly	L1.5-	160x 60	1.0216	0.1400	0.0600	20	0	 5	150	 200	200	     0
05/10/18 00:42:51	OT	MARKAB         	 0.5336	 1.0941	  698.4	  599.8	 0.100651	 0.060845	 0.0406	 0.0510	 0.1849	 0.1944	 0.5468	 0.5205	PixelFly	L1.5-	160x 60	1.0216	0.1400	0.0600	20	0	 5	150	 200	200	     0
05/10/18 00:43:21	OT	MARKAB         	 0.5183	 1.0949	  863.4	  784.7	 0.104111	 0.053014	 0.0463	 0.0534	 0.1813	 0.2112	 0.5577	 0.4790	PixelFly	L1.5-	160x 60	1.0216	0.1400	0.0600	20	0	 5	150	 200	200	     0
05/10/18 00:43:51	OT	MARKAB         	 0.5885	 1.0958	  831.8	  716.3	 0.115230	 0.073922	 0.0473	 0.0437	 0.1706	 0.1731	 0.5924	 0.5845	PixelFly	L1.5-	160x 60	1.0216	0.1400	0.0600	20	0	 5	150	 200	200	     0
05/10/18 00:44:21	OT	MARKAB         	 0.5262	 1.0966	  811.4	  715.4	 0.096451	 0.060924	 0.0463	 0.0468	 0.1899	 0.1945	 0.5322	 0.5202	PixelFly	L1.5-	160x 60	1.0216	0.1400	0.0600	20	0	 5	150	 200	200	     0
05/10/18 00:44:51	OT	MARKAB         	 0.4782	 1.0974	  676.4	  573.4	 0.084422	 0.050621	 0.0537	 0.0545	 0.2058	 0.2175	 0.4911	 0.4652	PixelFly	L1.5-	160x 60	1.0216	0.1400	0.0600	20	0	 5	150	 200	199	     0
05/10/18 00:45:21	OT	MARKAB         	 0.5183	 1.0983	  739.3	  660.4	 0.093256	 0.060099	 0.0397	 0.0427	 0.1940	 0.1963	 0.5211	 0.5155	PixelFly	L1.5-	160x 60	1.0216	0.1400	0.0600	20	0	 5	150	 200	200	     0
05/10/18 00:45:51	OT	MARKAB         	 0.6259	 1.0992	  731.2	  640.5	 0.135184	 0.077689	 0.0439	 0.0403	 0.1553	 0.1683	 0.6508	 0.6010	PixelFly	L1.5-	160x 60	1.0216	0.1400	0.0600	20	0	 5	150	 200	200	     0
05/10/18 00:46:21	OT	MARKAB         	 0.6136	 1.1000	  630.7	  541.2	 0.142170	 0.068451	 0.0475	 0.0446	 0.1508	 0.1817	 0.6705	 0.5568	PixelFly	L1.5-	160x 60	1.0216	0.1400	0.0600	20	0	 5	150	 200	199	    50
05/10/18 00:46:51	OT	MARKAB         	 0.6753	 1.1009	  586.9	  519.4	 0.140371	 0.096904	 0.0430	 0.0394	 0.1520	 0.1476	 0.6651	 0.6856	PixelFly	L1.5-	160x 60	1.0216	0.1400	0.0600	20	0	 5	150	 200	195	     0
05/10/18 00:47:21	OT	MARKAB         	 0.6552	 1.1017	  548.6	  483.5	 0.159108	 0.076308	 0.0322	 0.0393	 0.1411	 0.1704	 0.7167	 0.5938	PixelFly	L1.5-	160x 60	1.0216	0.1400	0.0600	20	0	 5	150	 200	198	    50
05/10/18 00:47:51	OT	MARKAB         	 0.5869	 1.1026	  551.4	  472.4	 0.124962	 0.068066	 0.0468	 0.0288	 0.1631	 0.1826	 0.6197	 0.5541	PixelFly	L1.5-	160x 60	1.0216	0.1400	0.0600	20	0	 5	150	 200	199	     0
05/10/18 00:48:21	OT	MARKAB         	 0.5743	 1.1035	  598.7	  542.9	 0.119541	 0.066348	 0.0440	 0.0601	 0.1676	 0.1855	 0.6031	 0.5454	PixelFly	L1.5-	160x 60	1.0216	0.1400	0.0600	20	0	 5	150	 200	200	     0
05/10/18 00:48:51	OT	MARKAB         	 0.5423	 1.1044	  774.0	  678.0	 0.099028	 0.066559	 0.0343	 0.0444	 0.1877	 0.1852	 0.5384	 0.5462	PixelFly	L1.5-	160x 60	1.0216	0.1400	0.0600	20	0	 5	150	 200	197	     0
05/10/18 00:49:21	OT	MARKAB         	 0.6254	 1.1053	  751.6	  674.2	 0.126350	 0.084030	 0.0434	 0.0363	 0.1623	 0.1611	 0.6229	 0.6279	PixelFly	L1.5-	160x 60	1.0216	0.1400	0.0600	20	0	 5	150	 200	200	     0
05/10/18 00:49:51	OT	MARKAB         	 0.6475	 1.1062	  737.4	  671.7	 0.131554	 0.090714	 0.0397	 0.0355	 0.1585	 0.1540	 0.6378	 0.6571	PixelFly	L1.5-	160x 60	1.0216	0.1400	0.0600	20	0	 5	150	 200	199	     0
05/10/18 00:50:21	OT	MARKAB         	 0.6583	 1.1071	  680.3	  605.3	 0.129113	 0.097612	 0.0427	 0.0426	 0.1604	 0.1474	 0.6304	 0.6863	PixelFly	L1.5-	160x 60	1.0216	0.1400	0.0600	20	0	 5	150	 200	196	     0
05/10/18 00:50:51	OT	MARKAB         	 0.6043	 1.1080	  567.2	  498.4	 0.133818	 0.070618	 0.0359	 0.0360	 0.1570	 0.1791	 0.6438	 0.5649	PixelFly	L1.5-	160x 60	1.0216	0.1400	0.0600	20	0	 5	150	 200	199	     0
05/10/18 00:51:22	OT	MARKAB         	 0.5992	 1.1090	  568.0	  504.0	 0.120291	 0.077040	 0.0621	 0.0582	 0.1675	 0.1701	 0.6036	 0.5948	PixelFly	L1.5-	160x 60	1.0216	0.1400	0.0600	20	0	 5	150	 200	199	     0
05/10/18 00:51:52	OT	MARKAB         	 0.6836	 1.1099	  609.2	  535.7	 0.161137	 0.089009	 0.0463	 0.0531	 0.1406	 0.1561	 0.7189	 0.6483	PixelFly	L1.5-	160x 60	1.0216	0.1400	0.0600	20	0	 5	150	 200	200	     0
05/10/18 00:52:22	OT	MARKAB         	 0.7164	 1.1108	  452.7	  406.9	 0.152309	 0.110557	 0.1555	 0.1561	 0.1455	 0.1371	 0.6947	 0.7380	PixelFly	L1.5-	160x 60	1.0216	0.1400	0.0600	20	0	 5	150	 200	200	     0
05/10/18 00:52:52	OT	MARKAB         	 0.7662	 1.1118	  454.7	  422.1	 0.155769	 0.134185	 0.0726	 0.0702	 0.1436	 0.1221	 0.7038	 0.8286	PixelFly	L1.5-	160x 60	1.0216	0.1400	0.0600	20	0	 5	150	 200	199	     0
05/10/18 00:53:22	OT	MARKAB         	 0.7962	 1.1127	  500.3	  459.1	 0.189931	 0.126689	 0.0647	 0.0908	 0.1276	 0.1265	 0.7923	 0.8001	PixelFly	L1.5-	160x 60	1.0216	0.1400	0.0600	20	0	 5	150	 200	199	     0
05/10/18 00:53:52	OT	MARKAB         	 0.6672	 1.1136	  626.9	  584.3	 0.148299	 0.090102	 0.0406	 0.0409	 0.1481	 0.1552	 0.6826	 0.6518	PixelFly	L1.5-	160x 60	1.0216	0.1400	0.0600	20	0	 5	150	 200	200	     0
05/10/18 00:54:22	OT	MARKAB         	 0.6663	 1.1146	  471.9	  412.2	 0.154786	 0.085792	 0.1040	 0.1126	 0.1444	 0.1600	 0.7000	 0.6326	PixelFly	L1.5-	160x 60	1.0216	0.1400	0.0600	20	0	 5	150	 200	200	     0
05/10/18 00:54:52	OT	MARKAB         	 0.6961	 1.1156	  537.3	  487.0	 0.162262	 0.095071	 0.1213	 0.1152	 0.1404	 0.1505	 0.7197	 0.6724	PixelFly	L1.5-	160x 60	1.0216	0.1400	0.0600	20	0	 5	150	 200	200	     0
05/10/18 00:55:22	OT	MARKAB         	 0.6877	 1.1165	  656.6	  562.4	 0.157441	 0.094308	 0.0453	 0.0460	 0.1431	 0.1513	 0.7065	 0.6688	PixelFly	L1.5-	160x 60	1.0216	0.1400	0.0600	20	0	 5	150	 200	199	     0
05/10/18 00:55:52	OT	MARKAB         	 0.6946	 1.1175	  646.1	  586.3	 0.159762	 0.096296	 0.0620	 0.0762	 0.1419	 0.1495	 0.7123	 0.6769	PixelFly	L1.5-	160x 60	1.0216	0.1400	0.0600	20	0	 5	150	 200	200	     0
05/10/18 00:56:22	OT	MARKAB         	 0.6320	 1.1185	  713.9	  622.2	 0.144759	 0.077293	 0.0641	 0.0683	 0.1506	 0.1706	 0.6710	 0.5930	PixelFly	L1.5-	160x 60	1.0216	0.1400	0.0600	20	0	 5	150	 200	197	     0
05/10/18 00:56:52	OT	MARKAB         	 0.6849	 1.1195	  945.8	  833.0	 0.171529	 0.084942	 0.0524	 0.0707	 0.1361	 0.1613	 0.7426	 0.6272	PixelFly	L1.5-	160x 60	1.0216	0.1400	0.0600	20	0	 5	150	 200	200	     0
05/10/18 00:57:23	OT	MARKAB         	 0.6937	 1.1205	  977.3	  896.2	 0.155845	 0.098922	 0.0517	 0.0563	 0.1443	 0.1473	 0.7007	 0.6868	PixelFly	L1.5-	160x 60	1.0216	0.1400	0.0600	20	0	 5	150	 200	200	     0
05/10/18 00:57:53	OT	MARKAB         	 0.6403	 1.1215	  970.2	  896.3	 0.152318	 0.076824	 0.0510	 0.0494	 0.1463	 0.1715	 0.6907	 0.5898	PixelFly	L1.5-	160x 60	1.0216	0.1400	0.0600	20	0	 5	150	 200	199	     0
05/10/18 00:58:23	OT	MARKAB         	 0.6734	 1.1225	  866.8	  815.3	 0.161013	 0.086496	 0.0555	 0.0477	 0.1416	 0.1598	 0.7137	 0.6330	PixelFly	L1.5-	160x 60	1.0216	0.1400	0.0600	20	0	 5	150	 200	200	     0
05/10/18 00:58:53	OT	MARKAB         	 0.6067	 1.1235	  886.8	  751.8	 0.136024	 0.072401	 0.0397	 0.0525	 0.1568	 0.1779	 0.6447	 0.5686	PixelFly	L1.5-	160x 60	1.0216	0.1400	0.0600	20	0	 5	150	 200	199	     0
05/10/18 00:59:23	OT	MARKAB         	 0.6202	 1.1246	  760.3	  657.2	 0.141142	 0.075268	 0.0401	 0.0430	 0.1534	 0.1739	 0.6588	 0.5817	PixelFly	L1.5-	160x 60	1.0216	0.1400	0.0600	20	0	 5	150	 200	200	     0
05/10/18 00:59:53	OT	MARKAB         	 0.5304	 1.1256	  795.0	  712.2	 0.107389	 0.058911	 0.0446	 0.0431	 0.1809	 0.2016	 0.5588	 0.5019	PixelFly	L1.5-	160x 60	1.0216	0.1400	0.0600	20	0	 5	150	 200	199	     0
05/10/18 01:00:23	OT	MARKAB         	 0.5804	 1.1266	  729.5	  672.0	 0.131506	 0.064566	 0.0629	 0.0595	 0.1603	 0.1909	 0.6307	 0.5300	PixelFly	L1.5-	160x 60	1.0216	0.1400	0.0600	20	0	 5	150	 200	200	     0
05/10/18 01:00:53	OT	MARKAB         	 0.5933	 1.1277	  696.4	  637.5	 0.131674	 0.069959	 0.0525	 0.0464	 0.1602	 0.1820	 0.6309	 0.5558	PixelFly	L1.5-	160x 60	1.0216	0.1400	0.0600	20	0	 5	150	 200	200	     0
05/10/18 01:01:23	OT	MARKAB         	 0.6389	 1.1287	  742.4	  697.6	 0.147569	 0.080154	 0.0416	 0.0378	 0.1497	 0.1679	 0.6751	 0.6027	PixelFly	L1.5-	160x 60	1.0216	0.1400	0.0600	20	0	 5	150	 200	199	     0
05/10/18 01:01:53	OT	MARKAB         	 0.6364	 1.1297	  737.3	  680.3	 0.165771	 0.068727	 0.0503	 0.0457	 0.1397	 0.1842	 0.7235	 0.5493	PixelFly	L1.5-	160x 60	1.0216	0.1400	0.0600	20	0	 5	150	 200	197	    50
05/10/18 01:02:23	OT	MARKAB         	 0.6248	 1.1308	  732.9	  668.6	 0.144632	 0.076057	 0.0504	 0.0596	 0.1517	 0.1734	 0.6663	 0.5834	PixelFly	L1.5-	160x 60	1.0216	0.1400	0.0600	20	0	 5	150	 200	199	     0
05/10/18 01:02:53	OT	MARKAB         	 0.7171	 1.1319	  626.8	  568.8	 0.196045	 0.087688	 0.0657	 0.0559	 0.1265	 0.1593	 0.7992	 0.6350	PixelFly	L1.5-	160x 60	1.0216	0.1400	0.0600	20	0	 5	150	 200	199	    50
05/10/18 01:03:23	OT	MARKAB         	 0.6605	 1.1329	  544.9	  481.9	 0.152503	 0.087517	 0.0616	 0.0473	 0.1471	 0.1596	 0.6870	 0.6339	PixelFly	L1.5-	160x 60	1.0216	0.1400	0.0600	20	0	 5	150	 200	198	     0
05/10/18 01:03:53	OT	MARKAB         	 0.7003	 1.1340	  554.5	  496.8	 0.155693	 0.104678	 0.0512	 0.0539	 0.1454	 0.1434	 0.6952	 0.7054	PixelFly	L1.5-	160x 60	1.0216	0.1400	0.0600	20	0	 5	150	 200	194	     0
05/10/18 01:04:23	OT	MARKAB         	 0.6990	 1.1351	  525.8	  478.9	 0.160447	 0.101098	 0.0666	 0.0553	 0.1429	 0.1465	 0.7075	 0.6905	PixelFly	L1.5-	160x 60	1.0216	0.1400	0.0600	20	0	 5	150	 200	199	     0
05/10/18 01:04:53	OT	MARKAB         	 0.8254	 1.1362	  312.4	  288.5	 0.192290	 0.146643	 0.2075	 0.1971	 0.1282	 0.1173	 0.7882	 0.8626	PixelFly	L1.5-	160x 60	1.0216	0.1400	0.0600	20	0	 5	150	 200	196	     0
05/10/18 01:05:23	OT	MARKAB         	 0.7290	 1.1373	  371.0	  320.9	 0.158997	 0.117610	 0.1892	 0.1899	 0.1438	 0.1340	 0.7028	 0.7552	PixelFly	L1.5-	160x 60	1.0216	0.1400	0.0600	20	0	 5	150	 200	197	     0
05/10/18 01:05:53	OT	MARKAB         	 0.8799	 1.1384	  361.4	  323.6	 0.242377	 0.144861	 0.0712	 0.0682	 0.1117	 0.1183	 0.9046	 0.8553	PixelFly	L1.5-	160x 60	1.0216	0.1400	0.0600	20	0	 5	150	 200	200	     0
05/10/18 01:06:23	OT	MARKAB         	 0.7685	 1.1395	  472.0	  417.2	 0.201044	 0.111082	 0.0622	 0.0506	 0.1251	 0.1388	 0.8081	 0.7289	PixelFly	L1.5-	160x 60	1.0216	0.1400	0.0600	20	0	 5	150	 200	200	     0
05/10/18 01:06:53	OT	MARKAB         	 0.8161	 1.1406	  428.6	  385.8	 0.218978	 0.125023	 0.0546	 0.0521	 0.1189	 0.1294	 0.8501	 0.7820	PixelFly	L1.5-	160x 60	1.0216	0.1400	0.0600	20	0	 5	150	 200	199	     0
05/10/18 01:07:23	OT	MARKAB         	 0.7277	 1.1418	  426.4	  375.5	 0.191102	 0.097315	 0.0665	 0.0513	 0.1291	 0.1505	 0.7830	 0.6725	PixelFly	L1.5-	160x 60	1.0216	0.1400	0.0600	20	0	 5	150	 200	200	     0
05/10/18 01:07:54	OT	MARKAB         	 0.7416	 1.1429	  308.0	  268.7	 0.191587	 0.104018	 0.0806	 0.0701	 0.1290	 0.1447	 0.7837	 0.6995	PixelFly	L1.5-	160x 60	1.0216	0.1400	0.0600	20	0	 5	150	 200	200	     0
05/10/18 01:08:24	OT	MARKAB         	 0.9665	 1.1441	  193.6	  176.0	 0.291888	 0.165817	 0.1754	 0.1651	 0.1003	 0.1094	 1.0083	 0.9247	PixelFly	L1.5-	160x 60	1.0216	0.1400	0.0600	20	0	 5	150	 200	197	     0
05/10/18 01:08:26	OT	MARKAB         	 1.5990	 1.1442	   84.8	   92.2	 0.661239	 0.392637	 0.0476	 0.0445	 0.0614	 0.0652	 1.6469	 1.5510	PixelFly	L1.5-	160x 60	1.0216	0.1400	0.0600	20	0	 5	150	 200	 10	    12
05/10/18 01:08:29	OT	MARKAB         	 0.0000	 1.1443	    0.0	    0.0	-0.000000	-0.000000	    0.0	    0.0	    0.0	    0.0	 0.0000	 0.0000	PixelFly	L1.5-	160x 60	1.0216	0.1400	0.0600	20	0	 5	150	 200	  0	    12
05/10/18 01:08:30	OT	MARKAB         	 1.5132	 1.1443	   80.1	   62.3	 0.349332	 0.552443	 0.2084	 0.0936	 0.0900	 0.0532	 1.1229	 1.9035	PixelFly	L1.5-	160x 60	1.0216	0.1400	0.0600	20	0	 5	150	 200	  7	    12
05/10/18 01:08:36	OT	MARKAB         	 1.6589	 1.1445	   95.8	   85.0	 0.525436	 0.542811	 0.0743	 0.0563	 0.0705	 0.0537	 1.4344	 1.8833	PixelFly	L1.5-	160x 60	1.0216	0.1400	0.0600	20	0	 5	150	 200	 27	    12
05/10/18 01:08:40	OT	MARKAB         	 1.7030	 1.1447	   73.8	   69.4	 0.539350	 0.574769	 0.0552	 0.0778	 0.0694	 0.0519	 1.4570	 1.9489	PixelFly	L1.5-	160x 60	1.0216	0.1400	0.0600	20	0	 5	150	 200	 18	    12
05/10/18 01:53:47	OT	MIRACH         	 0.8857	 1.0157	 1205.6	 1075.3	 0.223456	 0.127630	 0.1139	 0.1329	 0.1096	 0.1192	 0.9226	 0.8488	PixelFly	L1.5-	160x 60	1.0216	0.1400	0.0600	20	0	 5	150	 200	200	     0
05/10/18 01:54:17	OT	MIRACH         	 0.9915	 1.0159	  511.6	  468.1	 0.291523	 0.140989	 0.7053	 0.7819	 0.0934	 0.1123	 1.0820	 0.9010	PixelFly	L1.5-	160x 60	1.0216	0.1400	0.0600	20	0	 5	150	 200	200	    50
05/10/18 01:54:18	OT	MIRACH         	    0.0	 1.0160	   12.0	   18.0	      0.0	      0.0	    0.0	    0.0	    0.0	    0.0	    0.0	    0.0	PixelFly	L1.5-	160x 60	1.0216	0.1400	0.0600	20	0	 5	150	 200	  1	    12
05/10/18 01:54:20	OT	MIRACH         	 0.0000	 1.0160	    0.0	    0.0	-0.000000	-0.000000	    0.0	    0.0	    0.0	    0.0	 0.0000	 0.0000	PixelFly	L1.5-	160x 60	1.0216	0.1400	0.0600	20	0	 5	150	 200	  0	    12
05/10/18 01:54:23	OT	MIRACH         	15.1488	 1.0160	  145.6	  101.6	 3.120885	37.816985	 0.3244	 0.1902	 0.0225	 0.0039	 4.4872	25.8104	PixelFly	L1.5-	160x 60	1.0216	0.1400	0.0600	20	0	 5	150	 200	 11	    12
05/10/18 01:54:23	OT	MIRACH         	    0.0	 1.0160	   15.0	   69.0	      0.0	      0.0	    0.0	    0.0	    0.0	    0.0	    0.0	    0.0	PixelFly	L1.5-	160x 60	1.0216	0.1400	0.0600	20	0	 5	150	 200	  1	    12
05/10/18 01:54:27	OT	MIRACH         	 0.0000	 1.0160	    0.0	    0.0	-0.000000	-0.000000	    0.0	    0.0	    0.0	    0.0	 0.0000	 0.0000	PixelFly	L1.5-	160x 60	1.0216	0.1400	0.0600	20	0	 5	150	 200	  0	    12
05/10/18 02:02:12	OT	MIRACH         	 0.0000	 1.0201	    0.0	    0.0	-0.000000	-0.000000	    0.0	    0.0	    0.0	    0.0	 0.0000	 0.0000	PixelFly	L1.5-	160x 60	1.0216	0.1400	0.0600	20	0	 5	150	 200	  0	    12
05/10/18 02:02:12	OT	MIRACH         	    0.0	 1.0201	   16.0	   16.0	      0.0	      0.0	    0.0	    0.0	    0.0	    0.0	    0.0	    0.0	PixelFly	L1.5-	160x 60	1.0216	0.1400	0.0600	20	0	 5	150	 200	  1	    12
05/10/18 02:02:15	OT	MIRACH         	 0.0000	 1.0201	    0.0	    0.0	-0.000000	-0.000000	    0.0	    0.0	    0.0	    0.0	 0.0000	 0.0000	PixelFly	L1.5-	160x 60	1.0216	0.1400	0.0600	20	0	 5	150	 200	  0	    12
05/10/18 02:02:17	OT	MIRACH         	 0.0000	 1.0202	    0.0	    0.0	-0.000000	-0.000000	    0.0	    0.0	    0.0	    0.0	 0.0000	 0.0000	PixelFly	L1.5-	160x 60	1.0216	0.1400	0.0600	20	0	 5	150	 200	  0	    12
05/10/18 02:02:18	OT	MIRACH         	 0.0000	 1.0202	    0.0	    0.0	-0.000000	-0.000000	    0.0	    0.0	    0.0	    0.0	 0.0000	 0.0000	PixelFly	L1.5-	160x 60	1.0216	0.1400	0.0600	20	0	 5	150	 200	  0	    12
05/10/18 02:18:56	OT	MIRACH         	 0.0000	 1.0320	    0.0	    0.0	-0.000000	-0.000000	    0.0	    0.0	    0.0	    0.0	 0.0000	 0.0000	PixelFly	L1.5-	160x 60	1.0216	0.1400	0.0600	20	0	 5	150	 200	  0	    12
05/10/18 02:18:56	OT	MIRACH         	    0.0	 1.0320	   15.0	   23.0	      0.0	      0.0	    0.0	    0.0	    0.0	    0.0	    0.0	    0.0	PixelFly	L1.5-	160x 60	1.0216	0.1400	0.0600	20	0	 5	150	 200	  1	    12
05/10/18 02:18:59	OT	MIRACH         	 0.0000	 1.0320	    0.0	    0.0	-0.000000	-0.000000	    0.0	    0.0	    0.0	    0.0	 0.0000	 0.0000	PixelFly	L1.5-	160x 60	1.0216	0.1400	0.0600	20	0	 5	150	 200	  0	    12
05/10/18 02:19:01	OT	MIRACH         	 0.0000	 1.0320	    0.0	    0.0	-0.000000	-0.000000	    0.0	    0.0	    0.0	    0.0	 0.0000	 0.0000	PixelFly	L1.5-	160x 60	1.0216	0.1400	0.0600	20	0	 5	150	 200	  0	    12
05/10/18 02:19:02	OT	MIRACH         	 0.0000	 1.0320	    0.0	    0.0	-0.000000	-0.000000	    0.0	    0.0	    0.0	    0.0	 0.0000	 0.0000	PixelFly	L1.5-	160x 60	1.0216	0.1400	0.0600	20	0	 5	150	 200	  0	    12
