Fecha Hora	Ubicacion	Objeto	Seeing	Maire	Flujo 1	Flujo 2	Var l	Var t	Centelleo 1	Centelleo 2	r0l	r0t	fwhml	fwmlt	CCD	Software	Ventana	EscalaPlaca	Distancia	Diametro	WinSpot	Gain	Texp	Sampling	N	Muestras	Return
01/09/18 22:13:52	OT	VEGA           	 1.7653	 1.0561	11761.2	 9316.8	 0.678452	 0.454099	 0.0912	 0.1069	 0.0576	 0.0570	 1.7548	 1.7758	PixelFly	L1.5-	160x 60	1.0216	0.1400	0.0600	20	0	 5	150	 200	198	     0
01/09/18 22:14:22	OT	VEGA           	 1.5632	 1.0566	11587.1	 9606.5	 0.627233	 0.325158	 0.1303	 0.1176	 0.0604	 0.0696	 1.6736	 1.4529	PixelFly	L1.5-	160x 60	1.0216	0.1400	0.0600	20	0	 5	150	 200	198	     0
01/09/18 22:14:52	OT	VEGA           	 1.6722	 1.0572	11345.5	 9508.1	 0.704747	 0.362430	 0.1052	 0.1065	 0.0563	 0.0653	 1.7942	 1.5501	PixelFly	L1.5-	160x 60	1.0216	0.1400	0.0600	20	0	 5	150	 200	199	     0
01/09/18 22:15:22	OT	VEGA           	 1.5410	 1.0577	11304.2	 9321.1	 0.592642	 0.330198	 0.0943	 0.1074	 0.0625	 0.0690	 1.6166	 1.4654	PixelFly	L1.5-	160x 60	1.0216	0.1400	0.0600	20	0	 5	150	 200	198	     0
01/09/18 22:15:52	OT	VEGA           	 1.7204	 1.0583	11196.3	 9425.8	 0.700659	 0.404171	 0.1129	 0.1102	 0.0566	 0.0612	 1.7869	 1.6539	PixelFly	L1.5-	160x 60	1.0216	0.1400	0.0600	20	0	 5	150	 200	197	     0
01/09/18 22:16:22	OT	VEGA           	 1.5231	 1.0588	11548.6	 9141.0	 0.529796	 0.357357	 0.1252	 0.1173	 0.0669	 0.0659	 1.5105	 1.5356	PixelFly	L1.5-	160x 60	1.0216	0.1400	0.0600	20	0	 5	150	 200	196	     0
01/09/18 22:16:52	OT	VEGA           	 1.4239	 1.0594	11471.8	 9545.7	 0.509696	 0.296509	 0.0995	 0.1051	 0.0685	 0.0737	 1.4754	 1.3725	PixelFly	L1.5-	160x 60	1.0216	0.1400	0.0600	20	0	 5	150	 200	194	     0
01/09/18 22:17:22	OT	VEGA           	 1.3114	 1.0599	11491.9	 9150.1	 0.431725	 0.266779	 0.0821	 0.0849	 0.0757	 0.0786	 1.3350	 1.2878	PixelFly	L1.5-	160x 60	1.0216	0.1400	0.0600	20	0	 5	150	 200	200	     0
01/09/18 22:17:52	OT	VEGA           	 1.3693	 1.0605	11544.8	 9631.7	 0.582458	 0.218282	 0.0799	 0.0864	 0.0633	 0.0886	 1.5973	 1.1414	PixelFly	L1.5-	160x 60	1.0216	0.1400	0.0600	20	0	 5	150	 200	198	    50
01/09/18 22:18:22	OT	VEGA           	 1.2680	 1.0611	11355.3	 9152.1	 0.419841	 0.245393	 0.1028	 0.0815	 0.0770	 0.0827	 1.3120	 1.2240	PixelFly	L1.5-	160x 60	1.0216	0.1400	0.0600	20	0	 5	150	 200	200	     0
01/09/18 22:18:52	OT	VEGA           	 1.4335	 1.0617	11578.9	 9411.2	 0.534688	 0.289289	 0.0675	 0.0908	 0.0667	 0.0749	 1.5164	 1.3506	PixelFly	L1.5-	160x 60	1.0216	0.1400	0.0600	20	0	 5	150	 200	200	     0
01/09/18 22:19:22	OT	VEGA           	 1.3847	 1.0622	11787.7	 9208.2	 0.485928	 0.284988	 0.0838	 0.0800	 0.0706	 0.0756	 1.4314	 1.3381	PixelFly	L1.5-	160x 60	1.0216	0.1400	0.0600	20	0	 5	150	 200	198	     0
01/09/18 22:19:52	OT	VEGA           	 1.4251	 1.0628	11452.4	 9613.3	 0.555791	 0.271453	 0.0877	 0.0735	 0.0652	 0.0779	 1.5510	 1.2991	PixelFly	L1.5-	160x 60	1.0216	0.1400	0.0600	20	0	 5	150	 200	199	     0
01/09/18 22:20:22	OT	VEGA           	 1.5021	 1.0634	11288.0	 9068.8	 0.543235	 0.335570	 0.0879	 0.0937	 0.0661	 0.0686	 1.5294	 1.4749	PixelFly	L1.5-	160x 60	1.0216	0.1400	0.0600	20	0	 5	150	 200	197	     0
01/09/18 22:20:52	OT	VEGA           	 1.2316	 1.0640	11565.7	 9230.8	 0.370949	 0.253861	 0.0988	 0.0824	 0.0831	 0.0811	 1.2161	 1.2471	PixelFly	L1.5-	160x 60	1.0216	0.1400	0.0600	20	0	 5	150	 200	198	     0
01/09/18 22:21:22	OT	VEGA           	 1.2377	 1.0646	11500.2	 9308.5	 0.413059	 0.231233	 0.0897	 0.0694	 0.0780	 0.0858	 1.2967	 1.1788	PixelFly	L1.5-	160x 60	1.0216	0.1400	0.0600	20	0	 5	150	 200	199	     0
01/09/18 22:21:52	OT	VEGA           	 1.2749	 1.0652	11557.0	 9414.2	 0.430945	 0.245038	 0.0600	 0.0663	 0.0760	 0.0829	 1.3296	 1.2201	PixelFly	L1.5-	160x 60	1.0216	0.1400	0.0600	20	0	 5	150	 200	198	     0
01/09/18 22:22:22	OT	VEGA           	 1.4828	 1.0658	11647.8	 9302.8	 0.554239	 0.315623	 0.0610	 0.0883	 0.0654	 0.0713	 1.5458	 1.4197	PixelFly	L1.5-	160x 60	1.0216	0.1400	0.0600	20	0	 5	150	 200	195	     0
01/09/18 22:22:52	OT	VEGA           	 1.1698	 1.0664	11747.8	 9430.3	 0.374977	 0.211826	 0.0795	 0.0739	 0.0827	 0.0906	 1.2223	 1.1172	PixelFly	L1.5-	160x 60	1.0216	0.1400	0.0600	20	0	 5	150	 200	200	     0
01/09/18 22:23:22	OT	VEGA           	 1.3982	 1.0670	11484.8	 9613.7	 0.517038	 0.277970	 0.0809	 0.0718	 0.0682	 0.0770	 1.4817	 1.3147	PixelFly	L1.5-	160x 60	1.0216	0.1400	0.0600	20	0	 5	150	 200	195	     0
01/09/18 22:23:52	OT	VEGA           	 1.2434	 1.0676	11409.1	 9474.0	 0.424569	 0.229297	 0.0641	 0.0550	 0.0768	 0.0864	 1.3160	 1.1708	PixelFly	L1.5-	160x 60	1.0216	0.1400	0.0600	20	0	 5	150	 200	200	     0
01/09/18 22:24:22	OT	VEGA           	 1.4809	 1.0683	11085.7	 9612.6	 0.522395	 0.336008	 0.0689	 0.0672	 0.0679	 0.0687	 1.4898	 1.4720	PixelFly	L1.5-	160x 60	1.0216	0.1400	0.0600	20	0	 5	150	 200	196	     0
01/09/18 22:24:52	OT	VEGA           	 1.3911	 1.0689	11881.5	 9250.3	 0.434291	 0.327526	 0.0772	 0.0661	 0.0758	 0.0698	 1.3331	 1.4491	PixelFly	L1.5-	160x 60	1.0216	0.1400	0.0600	20	0	 5	150	 200	199	     0
01/09/18 22:25:22	OT	VEGA           	 1.3009	 1.0695	11358.1	 9516.5	 0.435233	 0.262153	 0.0749	 0.0893	 0.0758	 0.0798	 1.3343	 1.2675	PixelFly	L1.5-	160x 60	1.0216	0.1400	0.0600	20	0	 5	150	 200	197	     0
01/09/18 22:25:52	OT	VEGA           	 1.3790	 1.0702	11733.7	 9500.5	 0.388232	 0.352173	 0.0800	 0.0767	 0.0812	 0.0669	 1.2454	 1.5125	PixelFly	L1.5-	160x 60	1.0216	0.1400	0.0600	20	0	 5	150	 200	197	     0
01/09/18 22:26:22	OT	VEGA           	 1.3675	 1.0708	11891.0	 9479.7	 0.462416	 0.292387	 0.0681	 0.0906	 0.0731	 0.0748	 1.3827	 1.3523	PixelFly	L1.5-	160x 60	1.0216	0.1400	0.0600	20	0	 5	150	 200	197	     0
01/09/18 22:26:52	OT	VEGA           	 1.5612	 1.0714	11058.5	 9453.4	 0.592131	 0.355199	 0.0889	 0.0900	 0.0630	 0.0666	 1.6033	 1.5192	PixelFly	L1.5-	160x 60	1.0216	0.1400	0.0600	20	0	 5	150	 200	192	     0
01/09/18 22:27:22	OT	VEGA           	 1.4722	 1.0721	11701.6	 9153.0	 0.565211	 0.304971	 0.0929	 0.0811	 0.0649	 0.0730	 1.5586	 1.3859	PixelFly	L1.5-	160x 60	1.0216	0.1400	0.0600	20	0	 5	150	 200	192	     0
01/09/18 22:27:52	OT	VEGA           	 1.3270	 1.0727	11505.7	 9362.9	 0.414314	 0.296020	 0.0727	 0.0657	 0.0782	 0.0744	 1.2931	 1.3609	PixelFly	L1.5-	160x 60	1.0216	0.1400	0.0600	20	0	 5	150	 200	196	     0
01/09/18 22:28:22	OT	VEGA           	 1.3137	 1.0734	11679.6	 9450.6	 0.385970	 0.306306	 0.0660	 0.0579	 0.0816	 0.0729	 1.2388	 1.3885	PixelFly	L1.5-	160x 60	1.0216	0.1400	0.0600	20	0	 5	150	 200	194	     0
01/09/18 22:28:52	OT	VEGA           	 1.5348	 1.0741	11550.3	 9548.0	 0.518958	 0.384346	 0.0593	 0.0622	 0.0683	 0.0636	 1.4791	 1.5905	PixelFly	L1.5-	160x 60	1.0216	0.1400	0.0600	20	0	 5	150	 200	188	     0
01/09/18 22:29:22	OT	VEGA           	 1.2575	 1.0747	11543.2	 9463.8	 0.380536	 0.270406	 0.0533	 0.0638	 0.0824	 0.0786	 1.2274	 1.2875	PixelFly	L1.5-	160x 60	1.0216	0.1400	0.0600	20	0	 5	150	 200	196	     0
01/09/18 22:29:52	OT	VEGA           	 1.4105	 1.0754	11972.8	 9072.7	 0.513020	 0.293950	 0.0694	 0.0636	 0.0689	 0.0748	 1.4678	 1.3531	PixelFly	L1.5-	160x 60	1.0216	0.1400	0.0600	20	0	 5	150	 200	196	     0
01/09/18 22:30:22	OT	VEGA           	 1.9203	 1.0761	11358.2	 9491.7	 0.795912	 0.531990	 0.0557	 0.0765	 0.0529	 0.0524	 1.9097	 1.9309	PixelFly	L1.5-	160x 60	1.0216	0.1400	0.0600	20	0	 5	150	 200	190	     0
01/09/18 22:30:52	OT	VEGA           	 1.3492	 1.0768	11323.8	 9094.3	 0.497226	 0.260945	 0.0590	 0.0703	 0.0702	 0.0804	 1.4395	 1.2589	PixelFly	L1.5-	160x 60	1.0216	0.1400	0.0600	20	0	 5	150	 200	194	     0
01/09/18 22:31:22	OT	VEGA           	 1.4082	 1.0774	11743.8	 9202.1	 0.445975	 0.337463	 0.0578	 0.0596	 0.0750	 0.0689	 1.3480	 1.4683	PixelFly	L1.5-	160x 60	1.0216	0.1400	0.0600	20	0	 5	150	 200	190	     0
01/09/18 22:31:52	OT	VEGA           	 1.3510	 1.0781	11717.3	 9367.4	 0.488179	 0.268432	 0.0650	 0.0539	 0.0711	 0.0791	 1.4226	 1.2794	PixelFly	L1.5-	160x 60	1.0216	0.1400	0.0600	20	0	 5	150	 200	194	     0
01/09/18 22:32:22	OT	VEGA           	 1.1109	 1.0788	11141.1	 9606.2	 0.317586	 0.216176	 0.0506	 0.0487	 0.0920	 0.0901	 1.0987	 1.1231	PixelFly	L1.5-	160x 60	1.0216	0.1400	0.0600	20	0	 5	150	 200	198	     0
01/09/18 22:32:52	OT	VEGA           	 1.4370	 1.0795	11428.3	 9276.2	 0.488464	 0.331872	 0.0725	 0.0799	 0.0711	 0.0697	 1.4220	 1.4520	PixelFly	L1.5-	160x 60	1.0216	0.1400	0.0600	20	0	 5	150	 200	193	     0
01/09/18 22:33:22	OT	VEGA           	 1.1294	 1.0802	11617.8	 9170.5	 0.318543	 0.228076	 0.0740	 0.0657	 0.0919	 0.0873	 1.0999	 1.1589	PixelFly	L1.5-	160x 60	1.0216	0.1400	0.0600	20	0	 5	150	 200	193	     0
01/09/18 22:33:52	OT	VEGA           	 1.4117	 1.0809	11152.0	 9375.0	 0.472549	 0.324164	 0.0834	 0.0630	 0.0726	 0.0707	 1.3929	 1.4305	PixelFly	L1.5-	160x 60	1.0216	0.1400	0.0600	20	0	 5	150	 200	192	     0
01/09/18 22:34:22	OT	VEGA           	 1.2369	 1.0816	11440.4	 9522.8	 0.380414	 0.259509	 0.0780	 0.0861	 0.0827	 0.0809	 1.2225	 1.2513	PixelFly	L1.5-	160x 60	1.0216	0.1400	0.0600	20	0	 5	150	 200	196	     0
01/09/18 22:34:52	OT	VEGA           	 1.1894	 1.0823	11442.9	 9140.1	 0.397312	 0.217324	 0.0709	 0.0789	 0.0806	 0.0900	 1.2543	 1.1245	PixelFly	L1.5-	160x 60	1.0216	0.1400	0.0600	20	0	 5	150	 200	196	     0
01/09/18 22:35:22	OT	VEGA           	 1.1261	 1.0831	11242.0	 9144.2	 0.349388	 0.206892	 0.0685	 0.0651	 0.0871	 0.0927	 1.1607	 1.0914	PixelFly	L1.5-	160x 60	1.0216	0.1400	0.0600	20	0	 5	150	 200	196	     0
01/09/18 22:35:52	OT	VEGA           	 1.3064	 1.0838	11566.6	 9621.7	 0.438005	 0.271435	 0.0707	 0.0695	 0.0761	 0.0788	 1.3288	 1.2840	PixelFly	L1.5-	160x 60	1.0216	0.1400	0.0600	20	0	 5	150	 200	195	     0
01/09/18 22:36:22	OT	VEGA           	 1.0814	 1.0845	11492.1	 9222.3	 0.334454	 0.189022	 0.0650	 0.0639	 0.0895	 0.0980	 1.1298	 1.0330	PixelFly	L1.5-	160x 60	1.0216	0.1400	0.0600	20	0	 5	150	 200	198	     0
01/09/18 22:36:52	OT	VEGA           	 1.1725	 1.0852	11299.1	 9448.2	 0.372742	 0.222885	 0.0633	 0.0543	 0.0839	 0.0888	 1.2052	 1.1399	PixelFly	L1.5-	160x 60	1.0216	0.1400	0.0600	20	0	 5	150	 200	194	     0
01/09/18 22:37:22	OT	VEGA           	 1.1182	 1.0860	11849.3	 9403.7	 0.324130	 0.219374	 0.0655	 0.0625	 0.0912	 0.0897	 1.1079	 1.1286	PixelFly	L1.5-	160x 60	1.0216	0.1400	0.0600	20	0	 5	150	 200	196	     0
01/09/18 22:37:52	OT	VEGA           	 1.1550	 1.0867	11883.9	 9377.3	 0.347212	 0.228462	 0.0683	 0.0789	 0.0876	 0.0875	 1.1541	 1.1559	PixelFly	L1.5-	160x 60	1.0216	0.1400	0.0600	20	0	 5	150	 200	200	     0
01/09/18 22:38:22	OT	VEGA           	 1.0531	 1.0875	11370.3	 8856.7	 0.330924	 0.175240	 0.0810	 0.0910	 0.0902	 0.1027	 1.1208	 0.9855	PixelFly	L1.5-	160x 60	1.0216	0.1400	0.0600	20	0	 5	150	 200	200	     0
01/09/18 22:38:52	OT	VEGA           	 1.0918	 1.0882	11350.0	 9217.5	 0.335279	 0.196295	 0.0805	 0.0725	 0.0895	 0.0960	 1.1292	 1.0545	PixelFly	L1.5-	160x 60	1.0216	0.1400	0.0600	20	0	 5	150	 200	198	     0
01/09/18 22:39:22	OT	VEGA           	 1.2169	 1.0890	11309.7	 9246.1	 0.383714	 0.247053	 0.0998	 0.0876	 0.0826	 0.0836	 1.2239	 1.2100	PixelFly	L1.5-	160x 60	1.0216	0.1400	0.0600	20	0	 5	150	 200	198	     0
01/09/18 22:39:52	OT	VEGA           	 1.2966	 1.0897	11406.8	 9596.1	 0.449529	 0.260261	 0.0546	 0.0698	 0.0751	 0.0811	 1.3453	 1.2479	PixelFly	L1.5-	160x 60	1.0216	0.1400	0.0600	20	0	 5	150	 200	193	     0
01/09/18 22:40:22	OT	VEGA           	 1.2719	 1.0905	11844.4	 9062.3	 0.460895	 0.236866	 0.0479	 0.0590	 0.0741	 0.0858	 1.3650	 1.1788	PixelFly	L1.5-	160x 60	1.0216	0.1400	0.0600	20	0	 5	150	 200	197	     0
01/09/18 22:40:52	OT	VEGA           	 1.3484	 1.0912	11564.9	 9105.9	 0.491110	 0.271715	 0.0582	 0.0539	 0.0713	 0.0791	 1.4174	 1.2795	PixelFly	L1.5-	160x 60	1.0216	0.1400	0.0600	20	0	 5	150	 200	199	     0
01/09/18 22:41:22	OT	VEGA           	 1.2407	 1.0920	11494.2	 9401.2	 0.376216	 0.269986	 0.0727	 0.0852	 0.0837	 0.0794	 1.2074	 1.2740	PixelFly	L1.5-	160x 60	1.0216	0.1400	0.0600	20	0	 5	150	 200	194	     0
01/09/18 22:41:52	OT	VEGA           	 1.2650	 1.0928	11457.7	 9376.6	 0.424629	 0.255508	 0.0662	 0.0723	 0.0779	 0.0821	 1.2978	 1.2321	PixelFly	L1.5-	160x 60	1.0216	0.1400	0.0600	20	0	 5	150	 200	190	     0
01/09/18 22:42:22	OT	VEGA           	 1.3258	 1.0936	11467.5	 9478.9	 0.509955	 0.245963	 0.0514	 0.0575	 0.0698	 0.0841	 1.4479	 1.2037	PixelFly	L1.5-	160x 60	1.0216	0.1400	0.0600	20	0	 5	150	 200	197	    50
01/09/18 22:42:52	OT	VEGA           	 1.3364	 1.0944	11205.2	 9372.8	 0.467662	 0.279342	 0.0682	 0.0681	 0.0736	 0.0779	 1.3741	 1.2987	PixelFly	L1.5-	160x 60	1.0216	0.1400	0.0600	20	0	 5	150	 200	196	     0
01/09/18 22:43:22	OT	VEGA           	 1.4076	 1.0952	11009.7	 9502.1	 0.514138	 0.302433	 0.0604	 0.0806	 0.0695	 0.0743	 1.4538	 1.3615	PixelFly	L1.5-	160x 60	1.0216	0.1400	0.0600	20	0	 5	150	 200	197	     0
01/09/18 22:43:52	OT	VEGA           	 1.2639	 1.0960	11777.6	 9329.8	 0.399947	 0.272305	 0.0717	 0.0693	 0.0809	 0.0792	 1.2499	 1.2778	PixelFly	L1.5-	160x 60	1.0216	0.1400	0.0600	20	0	 5	150	 200	197	     0
01/09/18 22:44:22	OT	VEGA           	 1.3993	 1.0968	11801.8	 9492.5	 0.464957	 0.329119	 0.0580	 0.0703	 0.0739	 0.0707	 1.3675	 1.4311	PixelFly	L1.5-	160x 60	1.0216	0.1400	0.0600	20	0	 5	150	 200	197	     0
01/09/18 22:44:52	OT	VEGA           	 1.2763	 1.0976	11444.1	 9193.3	 0.397458	 0.283717	 0.0599	 0.0577	 0.0813	 0.0773	 1.2441	 1.3086	PixelFly	L1.5-	160x 60	1.0216	0.1400	0.0600	20	0	 5	150	 200	199	     0
01/09/18 22:45:22	OT	VEGA           	 1.3180	 1.0984	11620.8	 9547.5	 0.435082	 0.289217	 0.0673	 0.0603	 0.0770	 0.0765	 1.3129	 1.3231	PixelFly	L1.5-	160x 60	1.0216	0.1400	0.0600	20	0	 5	150	 200	194	     0
01/09/18 22:45:52	OT	VEGA           	 1.2078	 1.0992	11473.4	 9432.1	 0.360896	 0.260636	 0.0947	 0.0888	 0.0862	 0.0814	 1.1731	 1.2425	PixelFly	L1.5-	160x 60	1.0216	0.1400	0.0600	20	0	 5	150	 200	197	     0
01/09/18 22:46:22	OT	VEGA           	 1.2459	 1.1000	11597.2	 9287.2	 0.383572	 0.272532	 0.0581	 0.0428	 0.0831	 0.0793	 1.2162	 1.2757	PixelFly	L1.5-	160x 60	1.0216	0.1400	0.0600	20	0	 5	150	 200	196	     0
01/09/18 22:46:52	OT	VEGA           	 1.4935	 1.1008	11466.1	 9377.8	 0.457269	 0.412930	 0.0654	 0.0727	 0.0748	 0.0618	 1.3509	 1.6361	PixelFly	L1.5-	160x 60	1.0216	0.1400	0.0600	20	0	 5	150	 200	197	     0
01/09/18 22:47:22	OT	VEGA           	 1.2321	 1.1017	11485.3	 9187.3	 0.416659	 0.242167	 0.0548	 0.0598	 0.0792	 0.0852	 1.2770	 1.1873	PixelFly	L1.5-	160x 60	1.0216	0.1400	0.0600	20	0	 5	150	 200	199	     0
01/09/18 22:47:52	OT	VEGA           	 1.4151	 1.1025	11723.2	 9239.0	 0.439433	 0.362738	 0.0718	 0.0530	 0.0767	 0.0669	 1.3178	 1.5123	PixelFly	L1.5-	160x 60	1.0216	0.1400	0.0600	20	0	 5	150	 200	197	     0
01/09/18 22:48:22	OT	VEGA           	 1.0633	 1.1033	11916.6	 9265.0	 0.344879	 0.178443	 0.0629	 0.0547	 0.0888	 0.1024	 1.1390	 0.9876	PixelFly	L1.5-	160x 60	1.0216	0.1400	0.0600	20	0	 5	150	 200	194	     0
01/09/18 22:48:52	OT	VEGA           	 1.3571	 1.1042	11162.2	 9273.1	 0.455882	 0.307421	 0.0660	 0.0675	 0.0751	 0.0740	 1.3460	 1.3682	PixelFly	L1.5-	160x 60	1.0216	0.1400	0.0600	20	0	 5	150	 200	193	     0
01/09/18 22:49:22	OT	VEGA           	 1.3919	 1.1050	11739.7	 9427.1	 0.499458	 0.305619	 0.0677	 0.0606	 0.0711	 0.0742	 1.4211	 1.3627	PixelFly	L1.5-	160x 60	1.0216	0.1400	0.0600	20	0	 5	150	 200	191	     0
01/09/18 22:49:52	OT	VEGA           	 1.3668	 1.1059	11361.5	 9266.9	 0.455603	 0.315862	 0.0578	 0.0723	 0.0752	 0.0728	 1.3442	 1.3893	PixelFly	L1.5-	160x 60	1.0216	0.1400	0.0600	20	0	 5	150	 200	194	     0
01/09/18 22:50:22	OT	VEGA           	 1.5424	 1.1067	11327.2	 9188.3	 0.593836	 0.363039	 0.0641	 0.0683	 0.0642	 0.0670	 1.5751	 1.5096	PixelFly	L1.5-	160x 60	1.0216	0.1400	0.0600	20	0	 5	150	 200	195	     0
01/09/18 22:50:52	OT	VEGA           	 1.1514	 1.1076	11366.4	 9046.4	 0.374411	 0.217299	 0.0639	 0.0736	 0.0847	 0.0912	 1.1938	 1.1090	PixelFly	L1.5-	160x 60	1.0216	0.1400	0.0600	20	0	 5	150	 200	197	     0
01/09/18 22:51:22	OT	VEGA           	 1.2533	 1.1085	11586.4	 9324.7	 0.396137	 0.273463	 0.0620	 0.0642	 0.0819	 0.0795	 1.2343	 1.2724	PixelFly	L1.5-	160x 60	1.0216	0.1400	0.0600	20	0	 5	150	 200	197	     0
01/09/18 22:51:52	OT	VEGA           	 1.1495	 1.1093	11804.2	 9286.7	 0.343866	 0.236504	 0.0662	 0.0643	 0.0892	 0.0868	 1.1333	 1.1657	PixelFly	L1.5-	160x 60	1.0216	0.1400	0.0600	20	0	 5	150	 200	199	     0
01/09/18 22:52:22	OT	VEGA           	 1.4600	 1.1102	11237.1	 9630.1	 0.518234	 0.348889	 0.0742	 0.0658	 0.0698	 0.0688	 1.4488	 1.4713	PixelFly	L1.5-	160x 60	1.0216	0.1400	0.0600	20	0	 5	150	 200	197	     0
01/09/18 22:52:52	OT	VEGA           	 1.2159	 1.1111	11724.7	 9630.2	 0.446987	 0.217216	 0.0604	 0.0778	 0.0763	 0.0914	 1.3252	 1.1066	PixelFly	L1.5-	160x 60	1.0216	0.1400	0.0600	20	0	 5	150	 200	196	     0
01/09/18 22:53:22	OT	VEGA           	 1.2950	 1.1120	11485.9	 9385.7	 0.458497	 0.264576	 0.0749	 0.0644	 0.0752	 0.0813	 1.3449	 1.2451	PixelFly	L1.5-	160x 60	1.0216	0.1400	0.0600	20	0	 5	150	 200	199	     0
01/09/18 22:53:52	OT	VEGA           	 1.4011	 1.1129	11360.9	 9344.0	 0.508636	 0.311159	 0.0829	 0.0784	 0.0707	 0.0738	 1.4306	 1.3716	PixelFly	L1.5-	160x 60	1.0216	0.1400	0.0600	20	0	 5	150	 200	197	     0
01/09/18 22:54:22	OT	VEGA           	 1.1763	 1.1138	11552.2	 9165.2	 0.434112	 0.200262	 0.0732	 0.0622	 0.0777	 0.0961	 1.3002	 1.0524	PixelFly	L1.5-	160x 60	1.0216	0.1400	0.0600	20	0	 5	150	 200	196	    50
01/09/18 22:54:52	OT	VEGA           	 1.4744	 1.1147	11501.9	 8967.9	 0.518299	 0.363126	 0.0602	 0.0665	 0.0699	 0.0673	 1.4454	 1.5034	PixelFly	L1.5-	160x 60	1.0216	0.1400	0.0600	20	0	 5	150	 200	194	     0
01/09/18 22:55:22	OT	VEGA           	 1.8750	 1.1156	11341.7	 8952.9	 0.826848	 0.508000	 0.0753	 0.0850	 0.0529	 0.0551	 1.9120	 1.8380	PixelFly	L1.5-	160x 60	1.0216	0.1400	0.0600	20	0	 5	150	 200	198	     0
01/09/18 22:55:52	OT	VEGA           	 1.8155	 1.1165	11174.7	 9213.9	 0.614286	 0.600960	 0.0823	 0.0856	 0.0632	 0.0498	 1.5990	 2.0319	PixelFly	L1.5-	160x 60	1.0216	0.1400	0.0600	20	0	 5	150	 200	191	    50
01/09/18 22:56:22	OT	VEGA           	 1.8087	 1.1174	11596.5	 9073.3	 0.643460	 0.573161	 0.0761	 0.0649	 0.0615	 0.0513	 1.6433	 1.9740	PixelFly	L1.5-	160x 60	1.0216	0.1400	0.0600	20	0	 5	150	 200	192	     0
01/09/18 22:56:52	OT	VEGA           	 1.6288	 1.1183	11589.1	 9250.4	 0.692457	 0.379695	 0.0768	 0.0783	 0.0589	 0.0657	 1.7165	 1.5411	PixelFly	L1.5-	160x 60	1.0216	0.1400	0.0600	20	0	 5	150	 200	194	     0
01/09/18 22:57:23	OT	VEGA           	 1.5170	 1.1193	11641.6	 9542.7	 0.571134	 0.365581	 0.0929	 0.0910	 0.0661	 0.0672	 1.5283	 1.5057	PixelFly	L1.5-	160x 60	1.0216	0.1400	0.0600	20	0	 5	150	 200	194	     0
01/09/18 22:57:53	OT	VEGA           	 1.6250	 1.1202	11232.8	 9548.0	 0.709971	 0.367341	 0.0719	 0.0812	 0.0581	 0.0670	 1.7406	 1.5093	PixelFly	L1.5-	160x 60	1.0216	0.1400	0.0600	20	0	 5	150	 200	196	     0
01/09/18 22:58:23	OT	VEGA           	 1.4868	 1.1212	11652.4	 9498.6	 0.503656	 0.387527	 0.0988	 0.0797	 0.0714	 0.0650	 1.4159	 1.5577	PixelFly	L1.5-	160x 60	1.0216	0.1400	0.0600	20	0	 5	150	 200	196	     0
01/09/18 22:58:53	OT	VEGA           	 1.5389	 1.1221	11712.2	 9422.1	 0.576402	 0.381898	 0.1009	 0.0829	 0.0659	 0.0656	 1.5345	 1.5434	PixelFly	L1.5-	160x 60	1.0216	0.1400	0.0600	20	0	 5	150	 200	197	     0
01/09/18 22:59:23	OT	VEGA           	 1.4640	 1.1231	11398.2	 9295.7	 0.548883	 0.339975	 0.0733	 0.0683	 0.0679	 0.0703	 1.4893	 1.4386	PixelFly	L1.5-	160x 60	1.0216	0.1400	0.0600	20	0	 5	150	 200	200	     0
01/09/18 22:59:53	OT	VEGA           	 1.6314	 1.1240	11930.3	 9330.8	 0.634842	 0.422658	 0.0643	 0.0675	 0.0622	 0.0618	 1.6243	 1.6385	PixelFly	L1.5-	160x 60	1.0216	0.1400	0.0600	20	0	 5	150	 200	197	     0
01/09/18 23:00:23	OT	VEGA           	 1.8564	 1.1250	11262.0	 9484.0	 0.732993	 0.562045	 0.0664	 0.0541	 0.0571	 0.0521	 1.7698	 1.9431	PixelFly	L1.5-	160x 60	1.0216	0.1400	0.0600	20	0	 5	150	 200	193	     0
01/09/18 23:00:53	OT	VEGA           	 1.4094	 1.1259	11632.9	 9263.6	 0.541081	 0.304517	 0.0493	 0.0472	 0.0686	 0.0753	 1.4743	 1.3445	PixelFly	L1.5-	160x 60	1.0216	0.1400	0.0600	20	0	 5	150	 200	198	     0
01/09/18 23:01:23	OT	VEGA           	 1.5394	 1.1269	11720.2	 9039.2	 0.564479	 0.393550	 0.0545	 0.0562	 0.0669	 0.0646	 1.5115	 1.5674	PixelFly	L1.5-	160x 60	1.0216	0.1400	0.0600	20	0	 5	150	 200	198	     0
01/09/18 23:01:53	OT	VEGA           	 1.7425	 1.1279	11384.9	 9219.3	 0.669607	 0.501256	 0.0588	 0.0459	 0.0604	 0.0559	 1.6737	 1.8113	PixelFly	L1.5-	160x 60	1.0216	0.1400	0.0600	20	0	 5	150	 200	194	     0
01/09/18 23:02:23	OT	VEGA           	 1.7006	 1.1289	11386.1	 9419.6	 0.734728	 0.421956	 0.0526	 0.0551	 0.0572	 0.0620	 1.7686	 1.6327	PixelFly	L1.5-	160x 60	1.0216	0.1400	0.0600	20	0	 5	150	 200	197	     0
01/09/18 23:02:53	OT	VEGA           	 1.3883	 1.1298	11302.4	 9205.9	 0.517651	 0.305342	 0.0527	 0.0528	 0.0706	 0.0753	 1.4327	 1.3439	PixelFly	L1.5-	160x 60	1.0216	0.1400	0.0600	20	0	 5	150	 200	200	     0
01/09/18 23:03:23	OT	VEGA           	 1.6090	 1.1308	11323.7	 9167.1	 0.655901	 0.394999	 0.0597	 0.0578	 0.0612	 0.0645	 1.6505	 1.5676	PixelFly	L1.5-	160x 60	1.0216	0.1400	0.0600	20	0	 5	150	 200	198	     0
01/09/18 23:03:53	OT	VEGA           	 1.5107	 1.1318	11582.0	 9513.5	 0.611203	 0.343299	 0.0578	 0.0719	 0.0639	 0.0703	 1.5812	 1.4403	PixelFly	L1.5-	160x 60	1.0216	0.1400	0.0600	20	0	 5	150	 200	200	     0
01/09/18 23:04:23	OT	VEGA           	 2.0482	 1.1328	11330.5	 9156.5	 0.916150	 0.634827	 0.0662	 0.0648	 0.0502	 0.0486	 2.0148	 2.0817	PixelFly	L1.5-	160x 60	1.0216	0.1400	0.0600	20	0	 5	150	 200	196	     0
01/09/18 23:04:53	OT	VEGA           	 1.7086	 1.1338	11388.7	 9272.4	 0.678446	 0.469321	 0.0607	 0.0598	 0.0601	 0.0583	 1.6816	 1.7357	PixelFly	L1.5-	160x 60	1.0216	0.1400	0.0600	20	0	 5	150	 200	197	     0
01/09/18 23:05:23	OT	VEGA           	 1.7227	 1.1349	11617.2	 9560.9	 0.830295	 0.388219	 0.0588	 0.0627	 0.0533	 0.0654	 1.8972	 1.5481	PixelFly	L1.5-	160x 60	1.0216	0.1400	0.0600	20	0	 5	150	 200	193	    50
01/09/18 23:05:53	OT	VEGA           	 1.2943	 1.1359	11451.7	 9297.5	 0.434407	 0.291582	 0.0545	 0.0473	 0.0786	 0.0776	 1.2855	 1.3031	PixelFly	L1.5-	160x 60	1.0216	0.1400	0.0600	20	0	 5	150	 200	198	     0
01/09/18 23:06:23	OT	VEGA           	 1.6193	 1.1369	11327.5	 9383.0	 0.692161	 0.385290	 0.0585	 0.0574	 0.0595	 0.0657	 1.6992	 1.5394	PixelFly	L1.5-	160x 60	1.0216	0.1400	0.0600	20	0	 5	150	 200	198	     0
01/09/18 23:06:53	OT	VEGA           	 1.4491	 1.1379	11243.0	 9098.9	 0.601494	 0.304939	 0.0384	 0.0510	 0.0648	 0.0757	 1.5610	 1.3371	PixelFly	L1.5-	160x 60	1.0216	0.1400	0.0600	20	0	 5	150	 200	199	     0
01/09/18 23:07:23	OT	VEGA           	 1.3471	 1.1390	11432.0	 9400.1	 0.497315	 0.292066	 0.0452	 0.0504	 0.0726	 0.0777	 1.3919	 1.3023	PixelFly	L1.5-	160x 60	1.0216	0.1400	0.0600	20	0	 5	150	 200	200	     0
01/09/18 23:07:53	OT	VEGA           	 1.5831	 1.1400	11126.4	 9379.5	 0.624494	 0.399815	 0.0500	 0.0466	 0.0634	 0.0644	 1.5948	 1.5714	PixelFly	L1.5-	160x 60	1.0216	0.1400	0.0600	20	0	 5	150	 200	199	     0
01/09/18 23:08:23	OT	VEGA           	 1.3760	 1.1410	11614.7	 9357.8	 0.492288	 0.318437	 0.0440	 0.0573	 0.0731	 0.0738	 1.3819	 1.3701	PixelFly	L1.5-	160x 60	1.0216	0.1400	0.0600	20	0	 5	150	 200	199	     0
01/09/18 23:08:53	OT	VEGA           	 1.3212	 1.1421	11413.1	 9623.0	 0.456703	 0.300288	 0.0498	 0.0545	 0.0766	 0.0765	 1.3204	 1.3220	PixelFly	L1.5-	160x 60	1.0216	0.1400	0.0600	20	0	 5	150	 200	200	     0
01/09/18 23:09:23	OT	VEGA           	 1.3108	 1.1431	11443.3	 9346.4	 0.422393	 0.315997	 0.0707	 0.0670	 0.0803	 0.0743	 1.2592	 1.3623	PixelFly	L1.5-	160x 60	1.0216	0.1400	0.0600	20	0	 5	150	 200	200	     0
01/09/18 23:09:53	OT	VEGA           	 1.0925	 1.1442	11044.9	 8914.4	 0.384078	 0.187784	 0.0696	 0.0711	 0.0850	 0.1016	 1.1887	 0.9963	PixelFly	L1.5-	160x 60	1.0216	0.1400	0.0600	20	0	 5	150	 200	200	     0
01/09/18 23:10:23	OT	VEGA           	 1.4087	 1.1453	11091.5	 9279.5	 0.484879	 0.351690	 0.0578	 0.0541	 0.0740	 0.0697	 1.3664	 1.4510	PixelFly	L1.5-	160x 60	1.0216	0.1400	0.0600	20	0	 5	150	 200	198	     0
01/09/18 23:10:53	OT	VEGA           	 1.4699	 1.1463	11408.0	 9630.8	 0.565637	 0.348340	 0.0550	 0.0659	 0.0675	 0.0702	 1.4979	 1.4419	PixelFly	L1.5-	160x 60	1.0216	0.1400	0.0600	20	0	 5	150	 200	198	     0
01/09/18 23:11:23	OT	VEGA           	 1.4018	 1.1474	11494.7	 9432.5	 0.505373	 0.333705	 0.0783	 0.0726	 0.0722	 0.0720	 1.3992	 1.4044	PixelFly	L1.5-	160x 60	1.0216	0.1400	0.0600	20	0	 5	150	 200	199	     0
01/09/18 23:11:53	OT	VEGA           	 1.1884	 1.1485	11463.3	 9318.2	 0.425033	 0.227821	 0.0690	 0.0702	 0.0802	 0.0906	 1.2604	 1.1163	PixelFly	L1.5-	160x 60	1.0216	0.1400	0.0600	20	0	 5	150	 200	200	     0
01/09/18 23:12:23	OT	VEGA           	 1.3240	 1.1496	11471.3	 9538.1	 0.481471	 0.290368	 0.0593	 0.0483	 0.0745	 0.0784	 1.3575	 1.2905	PixelFly	L1.5-	160x 60	1.0216	0.1400	0.0600	20	0	 5	150	 200	200	     0
01/09/18 23:12:53	OT	VEGA           	 1.3870	 1.1507	11596.5	 9314.2	 0.560385	 0.289653	 0.0613	 0.0618	 0.0680	 0.0786	 1.4861	 1.2879	PixelFly	L1.5-	160x 60	1.0216	0.1400	0.0600	20	0	 5	150	 200	199	     0
01/09/18 23:13:23	OT	VEGA           	 1.4565	 1.1518	11860.0	 9216.3	 0.540113	 0.357461	 0.0731	 0.0744	 0.0696	 0.0693	 1.4528	 1.4603	PixelFly	L1.5-	160x 60	1.0216	0.1400	0.0600	20	0	 5	150	 200	200	     0
01/09/18 23:13:53	OT	VEGA           	 1.2891	 1.1529	11457.3	 9138.4	 0.516634	 0.245371	 0.0712	 0.0688	 0.0715	 0.0869	 1.4138	 1.1645	PixelFly	L1.5-	160x 60	1.0216	0.1400	0.0600	20	0	 5	150	 200	199	    50
01/09/18 23:14:23	OT	VEGA           	 1.2679	 1.1540	11454.9	 9244.0	 0.454596	 0.268066	 0.0802	 0.0552	 0.0773	 0.0824	 1.3085	 1.2273	PixelFly	L1.5-	160x 60	1.0216	0.1400	0.0600	20	0	 5	150	 200	199	     0
01/09/18 23:14:53	OT	VEGA           	 1.2347	 1.1551	11379.1	 9053.7	 0.456737	 0.243564	 0.0986	 0.0852	 0.0771	 0.0874	 1.3115	 1.1580	PixelFly	L1.5-	160x 60	1.0216	0.1400	0.0600	20	0	 5	150	 200	200	     0
01/09/18 23:14:54	OT	VEGA           	 0.0000	 1.1552	    0.0	    0.0	-0.000000	-0.000000	    0.0	    0.0	    0.0	    0.0	 0.0000	 0.0000	PixelFly	L1.5-	160x 60	1.0216	0.1400	0.0600	20	0	 5	150	 200	  0	    31
01/09/18 23:25:57	OT	ALTAIR         	 1.5620	 1.1126	 5592.4	 4565.5	 0.655377	 0.344500	 0.0517	 0.0521	 0.0607	 0.0694	 1.6658	 1.4582	PixelFly	L1.5-	160x 60	1.0216	0.1400	0.0600	20	0	 5	150	 200	188	    99
01/09/18 23:26:30	OT	ALTAIR         	 1.3890	 1.1134	 5755.2	 4602.2	 0.522554	 0.293696	 0.0479	 0.0606	 0.0695	 0.0764	 1.4535	 1.3245	PixelFly	L1.5-	160x 60	1.0216	0.1400	0.0600	20	0	 5	150	 200	200	     0
01/09/18 23:27:00	OT	ALTAIR         	 1.2666	 1.1142	 5441.7	 4577.9	 0.391438	 0.289109	 0.0418	 0.0411	 0.0827	 0.0771	 1.2217	 1.3115	PixelFly	L1.5-	160x 60	1.0216	0.1400	0.0600	20	0	 5	150	 200	200	     0
01/09/18 23:27:30	OT	ALTAIR         	 1.4835	 1.1150	 5540.5	 4479.9	 0.550397	 0.349348	 0.0504	 0.0475	 0.0675	 0.0689	 1.4983	 1.4687	PixelFly	L1.5-	160x 60	1.0216	0.1400	0.0600	20	0	 5	150	 200	197	     0
01/09/18 23:28:00	OT	ALTAIR         	 1.3749	 1.1157	 5601.4	 4453.9	 0.514159	 0.289749	 0.0414	 0.0540	 0.0703	 0.0771	 1.4377	 1.3122	PixelFly	L1.5-	160x 60	1.0216	0.1400	0.0600	20	0	 5	150	 200	199	     0
01/09/18 23:28:30	OT	ALTAIR         	 1.2445	 1.1165	 5777.8	 4578.5	 0.410480	 0.261576	 0.0466	 0.0482	 0.0805	 0.0820	 1.2555	 1.2336	PixelFly	L1.5-	160x 60	1.0216	0.1400	0.0600	20	0	 5	150	 200	197	     0
01/09/18 23:29:00	OT	ALTAIR         	 1.2141	 1.1173	 5737.6	 4449.9	 0.408776	 0.241877	 0.0448	 0.0407	 0.0808	 0.0860	 1.2518	 1.1765	PixelFly	L1.5-	160x 60	1.0216	0.1400	0.0600	20	0	 5	150	 200	199	     0
01/09/18 23:29:30	OT	ALTAIR         	 1.1498	 1.1180	 5637.0	 4391.6	 0.365407	 0.226262	 0.0440	 0.0461	 0.0864	 0.0896	 1.1699	 1.1298	PixelFly	L1.5-	160x 60	1.0216	0.1400	0.0600	20	0	 5	150	 200	200	     0
01/09/18 23:30:00	OT	ALTAIR         	 1.2434	 1.1188	 5575.4	 4575.7	 0.452211	 0.235911	 0.0637	 0.0718	 0.0761	 0.0874	 1.3289	 1.1580	PixelFly	L1.5-	160x 60	1.0216	0.1400	0.0600	20	0	 5	150	 200	198	     0
01/09/18 23:30:30	OT	ALTAIR         	 1.3081	 1.1196	 5622.8	 4530.1	 0.441797	 0.288597	 0.0574	 0.0561	 0.0772	 0.0775	 1.3099	 1.3063	PixelFly	L1.5-	160x 60	1.0216	0.1400	0.0600	20	0	 5	150	 200	198	     0
01/09/18 23:31:00	OT	ALTAIR         	 1.4337	 1.1204	 5620.6	 4469.6	 0.512440	 0.338258	 0.0406	 0.0418	 0.0706	 0.0704	 1.4312	 1.4363	PixelFly	L1.5-	160x 60	1.0216	0.1400	0.0600	20	0	 5	150	 200	199	     0
01/09/18 23:31:30	OT	ALTAIR         	 1.0951	 1.1212	 5708.9	 4457.9	 0.359604	 0.195588	 0.0385	 0.0446	 0.0874	 0.0979	 1.1567	 1.0335	PixelFly	L1.5-	160x 60	1.0216	0.1400	0.0600	20	0	 5	150	 200	200	     0
01/09/18 23:32:00	OT	ALTAIR         	 1.2750	 1.1220	 5649.7	 4428.6	 0.441607	 0.265914	 0.0466	 0.0442	 0.0773	 0.0815	 1.3079	 1.2421	PixelFly	L1.5-	160x 60	1.0216	0.1400	0.0600	20	0	 5	150	 200	200	     0
01/09/18 23:32:30	OT	ALTAIR         	 1.2913	 1.1229	 5834.0	 4558.2	 0.481511	 0.253192	 0.0358	 0.0526	 0.0734	 0.0839	 1.3769	 1.2056	PixelFly	L1.5-	160x 60	1.0216	0.1400	0.0600	20	0	 5	150	 200	199	     0
01/09/18 23:33:00	OT	ALTAIR         	 1.3201	 1.1237	 5808.9	 4448.8	 0.473015	 0.279427	 0.0473	 0.0445	 0.0742	 0.0791	 1.3617	 1.2785	PixelFly	L1.5-	160x 60	1.0216	0.1400	0.0600	20	0	 5	150	 200	200	     0
01/09/18 23:33:30	OT	ALTAIR         	 1.2457	 1.1245	 5726.5	 4450.2	 0.462646	 0.233810	 0.0298	 0.0363	 0.0753	 0.0881	 1.3431	 1.1483	PixelFly	L1.5-	160x 60	1.0216	0.1400	0.0600	20	0	 5	150	 200	199	     0
01/09/18 23:34:00	OT	ALTAIR         	 1.2842	 1.1253	 5749.9	 4509.1	 0.429810	 0.281787	 0.0346	 0.0433	 0.0787	 0.0788	 1.2845	 1.2838	PixelFly	L1.5-	160x 60	1.0216	0.1400	0.0600	20	0	 5	150	 200	199	     0
01/09/18 23:34:30	OT	ALTAIR         	 1.2392	 1.1262	 5779.8	 4460.6	 0.426824	 0.251930	 0.0342	 0.0334	 0.0791	 0.0843	 1.2786	 1.1998	PixelFly	L1.5-	160x 60	1.0216	0.1400	0.0600	20	0	 5	150	 200	199	     0
01/09/18 23:35:00	OT	ALTAIR         	 1.1753	 1.1270	 5709.3	 4430.2	 0.378756	 0.238686	 0.0436	 0.0458	 0.0850	 0.0871	 1.1896	 1.1611	PixelFly	L1.5-	160x 60	1.0216	0.1400	0.0600	20	0	 5	150	 200	199	     0
01/09/18 23:35:30	OT	ALTAIR         	 1.1841	 1.1279	 5668.6	 4399.8	 0.332938	 0.276538	 0.0309	 0.0417	 0.0919	 0.0798	 1.1005	 1.2677	PixelFly	L1.5-	160x 60	1.0216	0.1400	0.0600	20	0	 5	150	 200	200	     0
01/09/18 23:36:00	OT	ALTAIR         	 1.1835	 1.1287	 5626.6	 4519.8	 0.370695	 0.250349	 0.0500	 0.0373	 0.0862	 0.0848	 1.1733	 1.1937	PixelFly	L1.5-	160x 60	1.0216	0.1400	0.0600	20	0	 5	150	 200	200	     0
01/09/18 23:36:30	OT	ALTAIR         	 1.3080	 1.1296	 5553.3	 4571.4	 0.453453	 0.286093	 0.0475	 0.0549	 0.0764	 0.0783	 1.3234	 1.2926	PixelFly	L1.5-	160x 60	1.0216	0.1400	0.0600	20	0	 5	150	 200	199	     0
01/09/18 23:37:00	OT	ALTAIR         	 1.2359	 1.1305	 5730.1	 4598.8	 0.416873	 0.257941	 0.0538	 0.0500	 0.0804	 0.0833	 1.2577	 1.2141	PixelFly	L1.5-	160x 60	1.0216	0.1400	0.0600	20	0	 5	150	 200	200	     0
01/09/18 23:37:30	OT	ALTAIR         	 1.3416	 1.1314	 5681.2	 4664.4	 0.438178	 0.322606	 0.0390	 0.0381	 0.0780	 0.0729	 1.2953	 1.3879	PixelFly	L1.5-	160x 60	1.0216	0.1400	0.0600	20	0	 5	150	 200	199	     0
01/09/18 23:38:00	OT	ALTAIR         	 1.2548	 1.1323	 5749.3	 4515.8	 0.414790	 0.273648	 0.0389	 0.0374	 0.0807	 0.0805	 1.2528	 1.2568	PixelFly	L1.5-	160x 60	1.0216	0.1400	0.0600	20	0	 5	150	 200	200	     0
01/09/18 23:38:30	OT	ALTAIR         	 1.3057	 1.1331	 5611.2	 4474.3	 0.412550	 0.313595	 0.0426	 0.0405	 0.0810	 0.0742	 1.2481	 1.3632	PixelFly	L1.5-	160x 60	1.0216	0.1400	0.0600	20	0	 5	150	 200	199	     0
01/09/18 23:39:00	OT	ALTAIR         	 1.1690	 1.1340	 5879.5	 4491.0	 0.379801	 0.236674	 0.0433	 0.0488	 0.0852	 0.0879	 1.1871	 1.1509	PixelFly	L1.5-	160x 60	1.0216	0.1400	0.0600	20	0	 5	150	 200	199	     0
01/09/18 23:39:30	OT	ALTAIR         	 1.2433	 1.1349	 5728.0	 4527.7	 0.468753	 0.233248	 0.0445	 0.0402	 0.0751	 0.0887	 1.3462	 1.1403	PixelFly	L1.5-	160x 60	1.0216	0.1400	0.0600	20	0	 5	150	 200	199	     0
01/09/18 23:40:00	OT	ALTAIR         	 1.3250	 1.1359	 5584.4	 4535.2	 0.459664	 0.297976	 0.0429	 0.0522	 0.0760	 0.0766	 1.3299	 1.3202	PixelFly	L1.5-	160x 60	1.0216	0.1400	0.0600	20	0	 5	150	 200	198	     0
01/09/18 23:40:30	OT	ALTAIR         	 1.1760	 1.1368	 5725.0	 4509.7	 0.366985	 0.251112	 0.0404	 0.0473	 0.0871	 0.0850	 1.1612	 1.1908	PixelFly	L1.5-	160x 60	1.0216	0.1400	0.0600	20	0	 5	150	 200	200	     0
01/09/18 23:41:00	OT	ALTAIR         	 1.2315	 1.1377	 5628.8	 4462.9	 0.442657	 0.242008	 0.0386	 0.0362	 0.0778	 0.0869	 1.2989	 1.1641	PixelFly	L1.5-	160x 60	1.0216	0.1400	0.0600	20	0	 5	150	 200	200	     0
01/09/18 23:41:30	OT	ALTAIR         	 1.0488	 1.1386	 5787.9	 4466.5	 0.315859	 0.199883	 0.0366	 0.0385	 0.0953	 0.0975	 1.0602	 1.0374	PixelFly	L1.5-	160x 60	1.0216	0.1400	0.0600	20	0	 5	150	 200	200	     0
01/09/18 23:42:00	OT	ALTAIR         	 1.2143	 1.1396	 5620.8	 4582.9	 0.399952	 0.257683	 0.0419	 0.0398	 0.0828	 0.0838	 1.2210	 1.2076	PixelFly	L1.5-	160x 60	1.0216	0.1400	0.0600	20	0	 5	150	 200	197	     0
01/09/18 23:42:30	OT	ALTAIR         	 1.0318	 1.1405	 5669.1	 4443.0	 0.305691	 0.196239	 0.0515	 0.0435	 0.0973	 0.0987	 1.0386	 1.0250	PixelFly	L1.5-	160x 60	1.0216	0.1400	0.0600	20	0	 5	150	 200	200	     0
01/09/18 23:43:00	OT	ALTAIR         	 1.1166	 1.1415	 5611.0	 4518.6	 0.356376	 0.219252	 0.0378	 0.0336	 0.0888	 0.0924	 1.1382	 1.0950	PixelFly	L1.5-	160x 60	1.0216	0.1400	0.0600	20	0	 5	150	 200	200	     0
01/09/18 23:43:30	OT	ALTAIR         	 1.1216	 1.1424	 5592.9	 4503.2	 0.333963	 0.237780	 0.0369	 0.0388	 0.0924	 0.0881	 1.0941	 1.1490	PixelFly	L1.5-	160x 60	1.0216	0.1400	0.0600	20	0	 5	150	 200	200	     0
01/09/18 23:44:00	OT	ALTAIR         	 1.2479	 1.1434	 5618.9	 4591.3	 0.402851	 0.281913	 0.0315	 0.0433	 0.0826	 0.0795	 1.2238	 1.2719	PixelFly	L1.5-	160x 60	1.0216	0.1400	0.0600	20	0	 5	150	 200	199	     0
01/09/18 23:44:30	OT	ALTAIR         	 1.2529	 1.1444	 5578.8	 4583.0	 0.449763	 0.255691	 0.0362	 0.0377	 0.0774	 0.0844	 1.3068	 1.1990	PixelFly	L1.5-	160x 60	1.0216	0.1400	0.0600	20	0	 5	150	 200	198	     0
01/09/18 23:45:00	OT	ALTAIR         	 1.4325	 1.1453	 5644.5	 4460.1	 0.476567	 0.377046	 0.0472	 0.0431	 0.0748	 0.0669	 1.3522	 1.5128	PixelFly	L1.5-	160x 60	1.0216	0.1400	0.0600	20	0	 5	150	 200	197	     0
01/09/18 23:45:30	OT	ALTAIR         	 1.3293	 1.1463	 5524.3	 4483.4	 0.422005	 0.332446	 0.0423	 0.0448	 0.0805	 0.0722	 1.2565	 1.4021	PixelFly	L1.5-	160x 60	1.0216	0.1400	0.0600	20	0	 5	150	 200	197	     0
01/09/18 23:46:00	OT	ALTAIR         	 1.3335	 1.1473	 5811.6	 4530.6	 0.429418	 0.331111	 0.0333	 0.0487	 0.0797	 0.0724	 1.2690	 1.3980	PixelFly	L1.5-	160x 60	1.0216	0.1400	0.0600	20	0	 5	150	 200	200	     0
01/09/18 23:46:30	OT	ALTAIR         	 1.4372	 1.1483	 5538.5	 4436.6	 0.497098	 0.368375	 0.0425	 0.0377	 0.0730	 0.0679	 1.3847	 1.4896	PixelFly	L1.5-	160x 60	1.0216	0.1400	0.0600	20	0	 5	150	 200	199	     0
01/09/18 23:47:00	OT	ALTAIR         	 1.4092	 1.1493	 5600.5	 4539.1	 0.480598	 0.357460	 0.0392	 0.0443	 0.0745	 0.0692	 1.3563	 1.4621	PixelFly	L1.5-	160x 60	1.0216	0.1400	0.0600	20	0	 5	150	 200	198	     0
01/09/18 23:47:30	OT	ALTAIR         	 1.5298	 1.1503	 5568.0	 4442.9	 0.613095	 0.369542	 0.0405	 0.0422	 0.0644	 0.0679	 1.5688	 1.4908	PixelFly	L1.5-	160x 60	1.0216	0.1400	0.0600	20	0	 5	150	 200	191	     0
01/09/18 23:48:00	OT	ALTAIR         	 1.6724	 1.1513	 5443.0	 4365.6	 0.558057	 0.536174	 0.0417	 0.0422	 0.0682	 0.0543	 1.4819	 1.8628	PixelFly	L1.5-	160x 60	1.0216	0.1400	0.0600	20	0	 5	150	 200	194	    50
01/09/18 23:48:30	OT	ALTAIR         	 1.4044	 1.1524	 5471.0	 4489.5	 0.527826	 0.324079	 0.0452	 0.0440	 0.0706	 0.0735	 1.4325	 1.3764	PixelFly	L1.5-	160x 60	1.0216	0.1400	0.0600	20	0	 5	150	 200	199	     0
01/09/18 23:49:00	OT	ALTAIR         	 1.3098	 1.1534	 5669.6	 4389.1	 0.452253	 0.300452	 0.0368	 0.0391	 0.0775	 0.0770	 1.3049	 1.3146	PixelFly	L1.5-	160x 60	1.0216	0.1400	0.0600	20	0	 5	150	 200	200	     0
01/09/18 23:49:30	OT	ALTAIR         	 1.5689	 1.1544	 5531.7	 4460.3	 0.640910	 0.387282	 0.0320	 0.0379	 0.0629	 0.0661	 1.6077	 1.5301	PixelFly	L1.5-	160x 60	1.0216	0.1400	0.0600	20	0	 5	150	 200	199	     0
01/09/18 23:50:00	OT	ALTAIR         	 1.3662	 1.1555	 5551.5	 4497.2	 0.502359	 0.312335	 0.0366	 0.0384	 0.0728	 0.0753	 1.3883	 1.3441	PixelFly	L1.5-	160x 60	1.0216	0.1400	0.0600	20	0	 5	150	 200	200	     0
01/09/18 23:50:01	OT	ALTAIR         	 0.0000	 1.1555	    0.0	    0.0	-0.000000	-0.000000	    0.0	    0.0	    0.0	    0.0	 0.0000	 0.0000	PixelFly	L1.5-	160x 60	1.0216	0.1400	0.0600	20	0	 5	150	 200	  0	    31
02/09/18 01:26:15	OT	MARKAB         	 0.0000	 1.0267	    0.0	    0.0	-0.000000	-0.000000	    0.0	    0.0	    0.0	    0.0	 0.0000	 0.0000	PixelFly	L1.5-	160x 60	1.0216	0.1400	0.0600	20	0	 5	150	 200	  0	    12
02/09/18 01:26:16	OT	MARKAB         	 0.0000	 1.0267	    0.0	    0.0	-0.000000	-0.000000	    0.0	    0.0	    0.0	    0.0	 0.0000	 0.0000	PixelFly	L1.5-	160x 60	1.0216	0.1400	0.0600	20	0	 5	150	 200	  0	    12
02/09/18 01:26:18	OT	MARKAB         	 0.0000	 1.0267	    0.0	    0.0	-0.000000	-0.000000	    0.0	    0.0	    0.0	    0.0	 0.0000	 0.0000	PixelFly	L1.5-	160x 60	1.0216	0.1400	0.0600	20	0	 5	150	 200	  0	    12
02/09/18 01:26:18	OT	MARKAB         	    0.0	 1.0267	   43.0	   18.0	      0.0	      0.0	    0.0	    0.0	    0.0	    0.0	    0.0	    0.0	PixelFly	L1.5-	160x 60	1.0216	0.1400	0.0600	20	0	 5	150	 200	  1	    12
02/09/18 01:26:21	OT	MARKAB         	 0.0000	 1.0267	    0.0	    0.0	-0.000000	-0.000000	    0.0	    0.0	    0.0	    0.0	 0.0000	 0.0000	PixelFly	L1.5-	160x 60	1.0216	0.1400	0.0600	20	0	 5	150	 200	  0	    12
02/09/18 01:26:31	OT	MARKAB         	 0.0000	 1.0267	    0.0	    0.0	-0.000000	-0.000000	    0.0	    0.0	    0.0	    0.0	 0.0000	 0.0000	PixelFly	L1.5-	160x 60	1.0216	0.1400	0.0600	20	0	 5	150	 200	  0	    99
02/09/18 01:26:50	OT	MARKAB         	 1.3180	 1.0267	  609.6	  505.9	 0.551192	 0.186916	 0.0464	 0.0475	 0.0642	 0.0954	 1.5756	 1.0603	PixelFly	L1.5-	160x 60	1.0216	0.1400	0.0600	20	0	 5	150	 200	 47	    99
02/09/18 01:29:46	OT	MARKAB         	 2.5480	 1.0268	  571.0	  457.0	 1.331736	 0.740143	 0.0542	 0.0407	 0.0378	 0.0418	 2.6748	 2.4211	PixelFly	L1.5-	160x 60	1.0216	0.1400	0.0600	20	0	 5	150	 200	197	     0
02/09/18 01:30:17	OT	MARKAB         	 2.8133	 1.0268	  544.9	  438.4	 1.467213	 0.938513	 0.0569	 0.0628	 0.0357	 0.0362	 2.8349	 2.7918	PixelFly	L1.5-	160x 60	1.0216	0.1400	0.0600	20	0	 5	150	 200	195	     0
02/09/18 01:30:47	OT	MARKAB         	 2.7214	 1.0269	  568.0	  442.2	 1.541624	 0.792644	 0.0744	 0.0554	 0.0346	 0.0401	 2.9202	 2.5226	PixelFly	L1.5-	160x 60	1.0216	0.1400	0.0600	20	0	 5	150	 200	196	     0
02/09/18 01:31:17	OT	MARKAB         	 2.6790	 1.0269	  550.3	  445.4	 1.285564	 0.909362	 0.0605	 0.0523	 0.0386	 0.0369	 2.6186	 2.7393	PixelFly	L1.5-	160x 60	1.0216	0.1400	0.0600	20	0	 5	150	 200	198	     0
02/09/18 01:31:47	OT	MARKAB         	 2.5503	 1.0270	  555.9	  462.9	 1.406704	 0.697702	 0.0746	 0.0596	 0.0366	 0.0433	 2.7639	 2.3366	PixelFly	L1.5-	160x 60	1.0216	0.1400	0.0600	20	0	 5	150	 200	196	     0
02/09/18 01:32:17	OT	MARKAB         	 2.3839	 1.0270	  596.4	  458.3	 1.202250	 0.656416	 0.0478	 0.0632	 0.0402	 0.0449	 2.5153	 2.2526	PixelFly	L1.5-	160x 60	1.0216	0.1400	0.0600	20	0	 5	150	 200	199	     0
02/09/18 01:32:47	OT	MARKAB         	 2.7175	 1.0271	  556.9	  437.1	 1.348306	 0.910263	 0.0592	 0.0622	 0.0375	 0.0369	 2.6943	 2.7407	PixelFly	L1.5-	160x 60	1.0216	0.1400	0.0600	20	0	 5	150	 200	196	     0
02/09/18 01:33:17	OT	MARKAB         	 2.8551	 1.0271	  562.6	  430.8	 1.502117	 0.963440	 0.0567	 0.0532	 0.0352	 0.0357	 2.8747	 2.8355	PixelFly	L1.5-	160x 60	1.0216	0.1400	0.0600	20	0	 5	150	 200	195	     0
02/09/18 01:33:47	OT	MARKAB         	 3.1381	 1.0272	  538.3	  438.3	 1.618519	 1.221950	 0.0591	 0.0530	 0.0336	 0.0309	 3.0062	 3.2701	PixelFly	L1.5-	160x 60	1.0216	0.1400	0.0600	20	0	 5	150	 200	197	     0
02/09/18 01:34:17	OT	MARKAB         	 2.3000	 1.0273	  585.2	  471.1	 0.965040	 0.727639	 0.0453	 0.0444	 0.0459	 0.0422	 2.2042	 2.3958	PixelFly	L1.5-	160x 60	1.0216	0.1400	0.0600	20	0	 5	150	 200	199	     0
02/09/18 01:34:47	OT	MARKAB         	 2.5722	 1.0273	  556.3	  460.2	 1.191135	 0.857303	 0.0498	 0.0371	 0.0404	 0.0383	 2.5009	 2.6434	PixelFly	L1.5-	160x 60	1.0216	0.1400	0.0600	20	0	 5	150	 200	198	     0
02/09/18 01:35:17	OT	MARKAB         	 3.1038	 1.0274	  543.7	  423.6	 2.029084	 0.924160	 0.0575	 0.0576	 0.0294	 0.0366	 3.4425	 2.7651	PixelFly	L1.5-	160x 60	1.0216	0.1400	0.0600	20	0	 5	150	 200	193	    50
02/09/18 01:35:47	OT	MARKAB         	 2.5442	 1.0275	  558.3	  454.8	 1.351290	 0.725433	 0.0545	 0.0538	 0.0375	 0.0423	 2.6973	 2.3912	PixelFly	L1.5-	160x 60	1.0216	0.1400	0.0600	20	0	 5	150	 200	197	     0
02/09/18 01:36:17	OT	MARKAB         	 2.4415	 1.0276	  578.7	  457.5	 1.366359	 0.616124	 0.0617	 0.0482	 0.0372	 0.0467	 2.7151	 2.1679	PixelFly	L1.5-	160x 60	1.0216	0.1400	0.0600	20	0	 5	150	 200	198	    50
02/09/18 01:36:47	OT	MARKAB         	 2.5166	 1.0277	  571.4	  466.7	 1.184344	 0.803134	 0.0636	 0.0621	 0.0406	 0.0398	 2.4918	 2.5414	PixelFly	L1.5-	160x 60	1.0216	0.1400	0.0600	20	0	 5	150	 200	199	     0
02/09/18 01:37:17	OT	MARKAB         	 2.3335	 1.0278	  564.5	  448.6	 1.232585	 0.591340	 0.0792	 0.0597	 0.0396	 0.0478	 2.5521	 2.1149	PixelFly	L1.5-	160x 60	1.0216	0.1400	0.0600	20	0	 5	150	 200	196	    50
02/09/18 01:37:47	OT	MARKAB         	 2.5602	 1.0279	  580.0	  450.9	 1.184530	 0.849744	 0.0811	 0.0740	 0.0406	 0.0385	 2.4918	 2.6286	PixelFly	L1.5-	160x 60	1.0216	0.1400	0.0600	20	0	 5	150	 200	197	     0
02/09/18 01:38:17	OT	MARKAB         	 2.7036	 1.0280	  566.4	  434.0	 1.527307	 0.784278	 0.0827	 0.0800	 0.0348	 0.0404	 2.9021	 2.5050	PixelFly	L1.5-	160x 60	1.0216	0.1400	0.0600	20	0	 5	150	 200	195	     0
02/09/18 01:38:47	OT	MARKAB         	 2.9652	 1.0281	  536.1	  456.0	 1.604562	 1.024959	 0.0893	 0.0873	 0.0338	 0.0344	 2.9891	 2.9412	PixelFly	L1.5-	160x 60	1.0216	0.1400	0.0600	20	0	 5	150	 200	195	     0
02/09/18 01:39:17	OT	MARKAB         	 3.3544	 1.0282	  541.5	  434.7	 1.969588	 1.259869	 0.1051	 0.0911	 0.0299	 0.0304	 3.3801	 3.3287	PixelFly	L1.5-	160x 60	1.0216	0.1400	0.0600	20	0	 5	150	 200	192	     0
02/09/18 01:39:47	OT	MARKAB         	 2.8119	 1.0283	  561.5	  468.9	 1.550898	 0.886404	 0.0827	 0.0576	 0.0345	 0.0375	 2.9283	 2.6954	PixelFly	L1.5-	160x 60	1.0216	0.1400	0.0600	20	0	 5	150	 200	194	     0
02/09/18 01:40:18	OT	MARKAB         	 2.9298	 1.0284	  539.5	  423.0	 1.611304	 0.980577	 0.0866	 0.0845	 0.0337	 0.0353	 2.9960	 2.8636	PixelFly	L1.5-	160x 60	1.0216	0.1400	0.0600	20	0	 5	150	 200	191	     0
02/09/18 01:40:48	OT	MARKAB         	 2.8851	 1.0285	  532.2	  432.7	 1.592541	 0.942129	 0.1042	 0.0725	 0.0340	 0.0362	 2.9748	 2.7954	PixelFly	L1.5-	160x 60	1.0216	0.1400	0.0600	20	0	 5	150	 200	196	     0
02/09/18 01:41:16	OT	MARKAB         	 3.0842	 1.0287	  542.9	  438.4	 1.623820	 1.155125	 0.0780	 0.0609	 0.0336	 0.0320	 3.0096	 3.1589	PixelFly	L1.5-	160x 60	1.0216	0.1400	0.0600	20	0	 5	150	 200	178	    12
02/09/18 01:41:46	OT	MARKAB         	 2.9290	 1.0288	  553.7	  441.6	 1.368876	 1.144816	 0.0756	 0.0687	 0.0372	 0.0322	 2.7162	 3.1417	PixelFly	L1.5-	160x 60	1.0216	0.1400	0.0600	20	0	 5	150	 200	196	     0
02/09/18 01:42:16	OT	MARKAB         	 2.6278	 1.0289	  569.4	  440.0	 1.362671	 0.807026	 0.0707	 0.0628	 0.0373	 0.0397	 2.7086	 2.5469	PixelFly	L1.5-	160x 60	1.0216	0.1400	0.0600	20	0	 5	150	 200	196	     0
02/09/18 01:42:46	OT	MARKAB         	 2.4759	 1.0291	  576.3	  454.0	 1.222987	 0.737920	 0.0610	 0.0506	 0.0398	 0.0419	 2.5382	 2.4136	PixelFly	L1.5-	160x 60	1.0216	0.1400	0.0600	20	0	 5	150	 200	193	     0
02/09/18 01:43:16	OT	MARKAB         	 2.5578	 1.0292	  577.4	  453.5	 1.324695	 0.758209	 0.0538	 0.0628	 0.0380	 0.0412	 2.6626	 2.4529	PixelFly	L1.5-	160x 60	1.0216	0.1400	0.0600	20	0	 5	150	 200	198	     0
02/09/18 01:43:46	OT	MARKAB         	 2.7798	 1.0294	  553.8	  449.7	 1.529846	 0.866387	 0.0553	 0.0568	 0.0348	 0.0381	 2.9026	 2.6571	PixelFly	L1.5-	160x 60	1.0216	0.1400	0.0600	20	0	 5	150	 200	198	     0
02/09/18 01:44:16	OT	MARKAB         	 3.2707	 1.0295	  507.5	  397.6	 1.961077	 1.164594	 0.0718	 0.0971	 0.0300	 0.0319	 3.3687	 3.1728	PixelFly	L1.5-	160x 60	1.0216	0.1400	0.0600	20	0	 5	150	 200	191	     0
02/09/18 01:44:46	OT	MARKAB         	 3.3669	 1.0297	  520.1	  416.0	 2.040530	 1.233710	 0.0894	 0.0719	 0.0293	 0.0308	 3.4496	 3.2842	PixelFly	L1.5-	160x 60	1.0216	0.1400	0.0600	20	0	 5	150	 200	190	     0
02/09/18 01:45:16	OT	MARKAB         	 2.9850	 1.0298	  557.2	  432.3	 1.574035	 1.071924	 0.0682	 0.0622	 0.0342	 0.0335	 2.9518	 3.0183	PixelFly	L1.5-	160x 60	1.0216	0.1400	0.0600	20	0	 5	150	 200	196	     0
02/09/18 01:45:46	OT	MARKAB         	 2.4751	 1.0300	  540.2	  453.0	 1.158970	 0.779999	 0.0742	 0.0706	 0.0412	 0.0406	 2.4563	 2.4939	PixelFly	L1.5-	160x 60	1.0216	0.1400	0.0600	20	0	 5	150	 200	198	     0
02/09/18 01:46:16	OT	MARKAB         	 2.9318	 1.0302	  556.1	  437.1	 1.573455	 1.010727	 0.0719	 0.0628	 0.0343	 0.0347	 2.9506	 2.9131	PixelFly	L1.5-	160x 60	1.0216	0.1400	0.0600	20	0	 5	150	 200	195	     0
02/09/18 01:46:46	OT	MARKAB         	 3.5324	 1.0303	  508.8	  422.9	 1.914438	 1.537278	 0.0653	 0.0653	 0.0305	 0.0270	 3.3188	 3.7461	PixelFly	L1.5-	160x 60	1.0216	0.1400	0.0600	20	0	 5	150	 200	191	     0
02/09/18 01:47:16	OT	MARKAB         	 3.4268	 1.0305	  523.4	  425.2	 1.762934	 1.502981	 0.0795	 0.0739	 0.0320	 0.0274	 3.1583	 3.6953	PixelFly	L1.5-	160x 60	1.0216	0.1400	0.0600	20	0	 5	150	 200	187	     0
02/09/18 01:47:46	OT	MARKAB         	 3.3096	 1.0307	  540.0	  413.5	 1.725444	 1.374259	 0.0737	 0.0558	 0.0324	 0.0289	 3.1175	 3.5017	PixelFly	L1.5-	160x 60	1.0216	0.1400	0.0600	20	0	 5	150	 200	194	     0
02/09/18 01:48:16	OT	MARKAB         	 3.0587	 1.0309	  563.3	  419.8	 1.601547	 1.144041	 0.0820	 0.0733	 0.0339	 0.0323	 2.9808	 3.1366	PixelFly	L1.5-	160x 60	1.0216	0.1400	0.0600	20	0	 5	150	 200	195	     0
02/09/18 01:48:46	OT	MARKAB         	 2.8887	 1.0311	  538.8	  455.3	 1.356339	 1.109883	 0.0704	 0.0795	 0.0375	 0.0329	 2.6976	 3.0797	PixelFly	L1.5-	160x 60	1.0216	0.1400	0.0600	20	0	 5	150	 200	192	     0
02/09/18 01:49:16	OT	MARKAB         	 2.1202	 1.0313	  591.1	  473.5	 0.860907	 0.627424	 0.0763	 0.0540	 0.0492	 0.0463	 2.0535	 2.1869	PixelFly	L1.5-	160x 60	1.0216	0.1400	0.0600	20	0	 5	150	 200	199	     0
02/09/18 01:49:46	OT	MARKAB         	 2.6856	 1.0315	  562.7	  443.9	 1.101090	 1.057721	 0.0704	 0.0840	 0.0425	 0.0338	 2.3799	 2.9913	PixelFly	L1.5-	160x 60	1.0216	0.1400	0.0600	20	0	 5	150	 200	195	    50
02/09/18 01:50:16	OT	MARKAB         	 3.5631	 1.0317	  532.7	  413.1	 1.839065	 1.638352	 0.0691	 0.0711	 0.0312	 0.0260	 3.2372	 3.8889	PixelFly	L1.5-	160x 60	1.0216	0.1400	0.0600	20	0	 5	150	 200	193	     0
02/09/18 01:50:46	OT	MARKAB         	 3.0720	 1.0319	  548.5	  456.2	 1.691157	 1.102497	 0.0908	 0.0858	 0.0328	 0.0330	 3.0780	 3.0659	PixelFly	L1.5-	160x 60	1.0216	0.1400	0.0600	20	0	 5	150	 200	193	     0
02/09/18 01:51:11	OT	MARKAB         	 3.1617	 1.0321	  553.2	  399.7	 1.704205	 1.203744	 0.1220	 0.1320	 0.0327	 0.0313	 3.0919	 3.2315	PixelFly	L1.5-	160x 60	1.0216	0.1400	0.0600	20	0	 5	150	 200	156	    12
02/09/18 01:51:41	OT	MARKAB         	 2.9419	 1.0323	  552.2	  450.8	 1.570499	 1.028596	 0.0833	 0.0781	 0.0343	 0.0344	 2.9436	 2.9402	PixelFly	L1.5-	160x 60	1.0216	0.1400	0.0600	20	0	 5	150	 200	193	     0
02/09/18 01:52:11	OT	MARKAB         	 2.4666	 1.0325	  571.1	  452.7	 1.283404	 0.696077	 0.0816	 0.0852	 0.0388	 0.0435	 2.6075	 2.3258	PixelFly	L1.5-	160x 60	1.0216	0.1400	0.0600	20	0	 5	150	 200	198	     0
02/09/18 01:52:41	OT	MARKAB         	 2.2606	 1.0328	  562.3	  462.2	 1.079253	 0.620993	 0.0802	 0.0723	 0.0430	 0.0466	 2.3497	 2.1716	PixelFly	L1.5-	160x 60	1.0216	0.1400	0.0600	20	0	 5	150	 200	199	     0
02/09/18 01:53:11	OT	MARKAB         	 2.7365	 1.0330	  552.0	  440.9	 1.379034	 0.921426	 0.0948	 0.0956	 0.0371	 0.0368	 2.7216	 2.7513	PixelFly	L1.5-	160x 60	1.0216	0.1400	0.0600	20	0	 5	150	 200	197	     0
02/09/18 01:53:41	OT	MARKAB         	 2.8879	 1.0332	  574.0	  470.3	 1.585720	 0.958419	 0.0711	 0.0936	 0.0342	 0.0359	 2.9591	 2.8167	PixelFly	L1.5-	160x 60	1.0216	0.1400	0.0600	20	0	 5	150	 200	194	     0
02/09/18 01:54:11	OT	MARKAB         	 2.7481	 1.0335	  550.0	  469.8	 1.239050	 1.032328	 0.1031	 0.0957	 0.0396	 0.0344	 2.5516	 2.9446	PixelFly	L1.5-	160x 60	1.0216	0.1400	0.0600	20	0	 5	150	 200	190	     0
02/09/18 01:54:41	OT	MARKAB         	 3.1747	 1.0337	  541.6	  433.6	 1.680225	 1.240019	 0.1040	 0.0961	 0.0330	 0.0308	 3.0628	 3.2865	PixelFly	L1.5-	160x 60	1.0216	0.1400	0.0600	20	0	 5	150	 200	194	     0
02/09/18 01:55:11	OT	MARKAB         	 2.7279	 1.0340	  540.8	  450.6	 1.265990	 0.990520	 0.1092	 0.0948	 0.0391	 0.0352	 2.5840	 2.8717	PixelFly	L1.5-	160x 60	1.0216	0.1400	0.0600	20	0	 5	150	 200	193	     0
02/09/18 01:55:41	OT	MARKAB         	 2.8027	 1.0342	  548.2	  466.4	 1.442424	 0.956329	 0.1256	 0.0879	 0.0362	 0.0360	 2.7940	 2.8114	PixelFly	L1.5-	160x 60	1.0216	0.1400	0.0600	20	0	 5	150	 200	194	     0
02/09/18 01:56:11	OT	MARKAB         	 3.0597	 1.0345	  529.2	  443.7	 1.768961	 1.043453	 0.1063	 0.0815	 0.0320	 0.0342	 3.1575	 2.9619	PixelFly	L1.5-	160x 60	1.0216	0.1400	0.0600	20	0	 5	150	 200	193	     0
02/09/18 01:56:41	OT	MARKAB         	 2.8143	 1.0347	  562.3	  440.9	 1.482593	 0.944121	 0.0829	 0.0622	 0.0356	 0.0363	 2.8396	 2.7889	PixelFly	L1.5-	160x 60	1.0216	0.1400	0.0600	20	0	 5	150	 200	190	     0
02/09/18 01:57:04	OT	MARKAB         	 3.3826	 1.0349	  511.0	  437.5	 1.797844	 1.430254	 0.0911	 0.0664	 0.0317	 0.0283	 3.1875	 3.5778	PixelFly	L1.5-	160x 60	1.0216	0.1400	0.0600	20	0	 5	150	 200	143	    12
02/09/18 01:57:30	OT	MARKAB         	 3.1807	 1.0352	  555.6	  444.2	 1.448673	 1.419833	 0.0855	 0.0846	 0.0361	 0.0284	 2.7997	 3.5617	PixelFly	L1.5-	160x 60	1.0216	0.1400	0.0600	20	0	 5	150	 200	160	    12
02/09/18 01:57:55	OT	MARKAB         	 3.4118	 1.0354	  509.6	  413.0	 1.659665	 1.572574	 0.1179	 0.0906	 0.0333	 0.0267	 3.0373	 3.7863	PixelFly	L1.5-	160x 60	1.0216	0.1400	0.0600	20	0	 5	150	 200	156	    12
02/09/18 01:58:18	OT	MARKAB         	 3.3412	 1.0356	  540.6	  438.3	 1.578637	 1.537784	 0.1184	 0.0708	 0.0343	 0.0271	 2.9471	 3.7354	PixelFly	L1.5-	160x 60	1.0216	0.1400	0.0600	20	0	 5	150	 200	139	    12
02/09/18 01:58:48	OT	MARKAB         	 2.6676	 1.0359	  556.7	  441.6	 1.338615	 0.876880	 0.0939	 0.0831	 0.0379	 0.0379	 2.6690	 2.6662	PixelFly	L1.5-	160x 60	1.0216	0.1400	0.0600	20	0	 5	150	 200	193	     0
02/09/18 01:59:18	OT	MARKAB         	 2.5619	 1.0362	  573.0	  442.2	 1.109198	 0.917937	 0.1006	 0.0820	 0.0424	 0.0369	 2.3839	 2.7400	PixelFly	L1.5-	160x 60	1.0216	0.1400	0.0600	20	0	 5	150	 200	191	     0
02/09/18 01:59:42	OT	MARKAB         	 2.8698	 1.0364	  559.8	  406.1	 1.310083	 1.131342	 0.0955	 0.0754	 0.0384	 0.0326	 2.6339	 3.1057	PixelFly	L1.5-	160x 60	1.0216	0.1400	0.0600	20	0	 5	150	 200	151	    12
02/09/18 02:00:11	OT	MARKAB         	 3.0514	 1.0367	  529.3	  419.7	 1.508593	 1.212343	 0.0884	 0.0779	 0.0353	 0.0313	 2.8661	 3.2367	PixelFly	L1.5-	160x 60	1.0216	0.1400	0.0600	20	0	 5	150	 200	182	    12
02/09/18 02:00:30	OT	MARKAB         	 3.3922	 1.0369	  549.5	  405.4	 1.960316	 1.336232	 0.1154	 0.1104	 0.0301	 0.0295	 3.3535	 3.4309	PixelFly	L1.5-	160x 60	1.0216	0.1400	0.0600	20	0	 5	150	 200	115	    12
02/09/18 02:00:48	OT	MARKAB         	 4.1573	 1.0371	  496.5	  382.9	 2.290932	 2.204707	 0.1248	 0.0967	 0.0275	 0.0218	 3.6819	 4.6328	PixelFly	L1.5-	160x 60	1.0216	0.1400	0.0600	20	0	 5	150	 200	104	    12
02/09/18 02:01:13	OT	MARKAB         	 3.6010	 1.0373	  520.6	  417.2	 1.929654	 1.641589	 0.1067	 0.1065	 0.0304	 0.0261	 3.3211	 3.8809	PixelFly	L1.5-	160x 60	1.0216	0.1400	0.0600	20	0	 5	150	 200	156	    12
02/09/18 03:29:24	OT	ALPHERATZ      	 2.4817	 1.0270	 1586.3	 1285.1	 1.155762	 0.784485	 0.0668	 0.0743	 0.0411	 0.0404	 2.4566	 2.5069	PixelFly	L1.5-	160x 60	1.0216	0.1400	0.0600	20	0	 5	150	 200	 69	    99
02/09/18 03:29:57	OT	ALPHERATZ      	 2.5759	 1.0275	 1674.6	 1235.6	 1.458316	 0.693881	 0.0806	 0.0797	 0.0358	 0.0435	 2.8235	 2.3282	PixelFly	L1.5-	160x 60	1.0216	0.1400	0.0600	20	0	 5	150	 200	200	    50
02/09/18 03:30:27	OT	ALPHERATZ      	 3.2214	 1.0279	 1648.1	 1217.4	 1.906854	 1.135109	 0.1103	 0.1223	 0.0305	 0.0324	 3.3155	 3.1272	PixelFly	L1.5-	160x 60	1.0216	0.1400	0.0600	20	0	 5	150	 200	197	     0
02/09/18 03:30:58	OT	ALPHERATZ      	 3.0311	 1.0284	 1650.0	 1298.1	 1.865865	 0.939261	 0.1210	 0.1553	 0.0309	 0.0363	 3.2717	 2.7905	PixelFly	L1.5-	160x 60	1.0216	0.1400	0.0600	20	0	 5	150	 200	199	     0
02/09/18 03:31:28	OT	ALPHERATZ      	 2.6729	 1.0289	 1632.1	 1273.7	 1.516520	 0.760353	 0.1271	 0.1186	 0.0350	 0.0412	 2.8882	 2.4576	PixelFly	L1.5-	160x 60	1.0216	0.1400	0.0600	20	0	 5	150	 200	199	     0
02/09/18 03:31:58	OT	ALPHERATZ      	 2.2034	 1.0294	 1690.3	 1293.9	 1.109370	 0.545594	 0.0892	 0.0988	 0.0422	 0.0503	 2.3936	 2.0132	PixelFly	L1.5-	160x 60	1.0216	0.1400	0.0600	20	0	 5	150	 200	200	     0
02/09/18 03:32:28	OT	ALPHERATZ      	 2.8211	 1.0298	 1732.4	 1279.8	 1.567424	 0.889119	 0.1024	 0.0980	 0.0343	 0.0375	 2.9443	 2.6979	PixelFly	L1.5-	160x 60	1.0216	0.1400	0.0600	20	0	 5	150	 200	199	     0
02/09/18 03:32:58	OT	ALPHERATZ      	 2.4781	 1.0303	 1674.4	 1322.9	 1.234523	 0.734773	 0.0779	 0.1133	 0.0396	 0.0421	 2.5507	 2.4056	PixelFly	L1.5-	160x 60	1.0216	0.1400	0.0600	20	0	 5	150	 200	200	     0
02/09/18 03:33:28	OT	ALPHERATZ      	 2.3093	 1.0308	 1627.5	 1331.2	 1.042895	 0.689078	 0.0844	 0.1028	 0.0439	 0.0437	 2.3045	 2.3140	PixelFly	L1.5-	160x 60	1.0216	0.1400	0.0600	20	0	 5	150	 200	198	     0
02/09/18 03:33:58	OT	ALPHERATZ      	 2.8700	 1.0313	 1592.1	 1231.2	 1.544799	 0.960615	 0.1190	 0.1290	 0.0347	 0.0358	 2.9163	 2.8236	PixelFly	L1.5-	160x 60	1.0216	0.1400	0.0600	20	0	 5	150	 200	199	     0
02/09/18 03:34:28	OT	ALPHERATZ      	 3.7321	 1.0318	 1526.8	 1165.2	 2.494353	 1.425936	 0.1752	 0.1710	 0.0260	 0.0283	 3.8865	 3.5778	PixelFly	L1.5-	160x 60	1.0216	0.1400	0.0600	20	0	 5	150	 200	197	     0
02/09/18 03:34:58	OT	ALPHERATZ      	 3.0572	 1.0323	 1640.1	 1268.8	 1.957639	 0.922799	 0.1225	 0.1447	 0.0301	 0.0367	 3.3596	 2.7548	PixelFly	L1.5-	160x 60	1.0216	0.1400	0.0600	20	0	 5	150	 200	196	    50
02/09/18 03:35:28	OT	ALPHERATZ      	 2.3030	 1.0328	 1710.0	 1281.8	 1.178830	 0.600698	 0.0809	 0.0964	 0.0408	 0.0475	 2.4774	 2.1286	PixelFly	L1.5-	160x 60	1.0216	0.1400	0.0600	20	0	 5	150	 200	200	     0
02/09/18 03:35:58	OT	ALPHERATZ      	 2.5177	 1.0333	 1674.4	 1227.8	 1.327357	 0.721904	 0.0816	 0.0969	 0.0380	 0.0426	 2.6594	 2.3761	PixelFly	L1.5-	160x 60	1.0216	0.1400	0.0600	20	0	 5	150	 200	198	     0
02/09/18 03:36:28	OT	ALPHERATZ      	 2.4139	 1.0339	 1728.2	 1309.6	 1.305222	 0.633303	 0.0878	 0.0993	 0.0384	 0.0461	 2.6319	 2.1959	PixelFly	L1.5-	160x 60	1.0216	0.1400	0.0600	20	0	 5	150	 200	200	     0
02/09/18 03:36:58	OT	ALPHERATZ      	 2.5755	 1.0344	 1657.9	 1323.4	 1.375888	 0.752927	 0.0919	 0.1067	 0.0372	 0.0415	 2.7157	 2.4353	PixelFly	L1.5-	160x 60	1.0216	0.1400	0.0600	20	0	 5	150	 200	199	     0
02/09/18 03:37:28	OT	ALPHERATZ      	 2.9177	 1.0349	 1669.6	 1305.5	 1.542474	 1.023904	 0.1058	 0.1163	 0.0348	 0.0346	 2.9076	 2.9277	PixelFly	L1.5-	160x 60	1.0216	0.1400	0.0600	20	0	 5	150	 200	198	     0
02/09/18 03:37:58	OT	ALPHERATZ      	 2.5185	 1.0354	 1622.4	 1312.6	 1.196512	 0.809084	 0.0973	 0.1007	 0.0405	 0.0398	 2.4958	 2.5412	PixelFly	L1.5-	160x 60	1.0216	0.1400	0.0600	20	0	 5	150	 200	197	     0
02/09/18 03:38:28	OT	ALPHERATZ      	 2.3154	 1.0360	 1610.0	 1334.7	 1.248579	 0.575668	 0.1157	 0.1253	 0.0395	 0.0489	 2.5597	 2.0712	PixelFly	L1.5-	160x 60	1.0216	0.1400	0.0600	20	0	 5	150	 200	196	    50
02/09/18 03:38:58	OT	ALPHERATZ      	 2.2760	 1.0365	 1695.4	 1338.3	 0.935455	 0.736361	 0.0880	 0.0859	 0.0470	 0.0422	 2.1518	 2.4001	PixelFly	L1.5-	160x 60	1.0216	0.1400	0.0600	20	0	 5	150	 200	200	     0
02/09/18 03:39:28	OT	ALPHERATZ      	 2.4067	 1.0371	 1705.6	 1349.7	 1.238910	 0.670079	 0.0829	 0.0598	 0.0397	 0.0446	 2.5462	 2.2673	PixelFly	L1.5-	160x 60	1.0216	0.1400	0.0600	20	0	 5	150	 200	199	     0
02/09/18 03:39:58	OT	ALPHERATZ      	 2.3157	 1.0376	 1663.2	 1331.8	 1.053812	 0.697420	 0.0999	 0.1021	 0.0438	 0.0436	 2.3098	 2.3216	PixelFly	L1.5-	160x 60	1.0216	0.1400	0.0600	20	0	 5	150	 200	200	     0
02/09/18 03:40:28	OT	ALPHERATZ      	 2.4935	 1.0381	 1608.5	 1306.1	 1.240192	 0.758503	 0.0860	 0.1028	 0.0397	 0.0415	 2.5461	 2.4408	PixelFly	L1.5-	160x 60	1.0216	0.1400	0.0600	20	0	 5	150	 200	199	     0
02/09/18 03:40:58	OT	ALPHERATZ      	 2.2860	 1.0387	 1672.6	 1305.3	 1.105429	 0.636585	 0.0634	 0.0842	 0.0426	 0.0461	 2.3756	 2.1965	PixelFly	L1.5-	160x 60	1.0216	0.1400	0.0600	20	0	 5	150	 200	200	     0
02/09/18 03:41:29	OT	ALPHERATZ      	 2.6257	 1.0393	 1621.7	 1304.1	 1.505589	 0.734739	 0.0944	 0.0864	 0.0354	 0.0423	 2.8584	 2.3931	PixelFly	L1.5-	160x 60	1.0216	0.1400	0.0600	20	0	 5	150	 200	199	     0
02/09/18 03:41:59	OT	ALPHERATZ      	 2.1991	 1.0398	 1717.0	 1263.7	 1.096067	 0.561719	 0.0601	 0.0763	 0.0428	 0.0497	 2.3619	 2.0363	PixelFly	L1.5-	160x 60	1.0216	0.1400	0.0600	20	0	 5	150	 200	200	     0
02/09/18 03:42:29	OT	ALPHERATZ      	 2.2237	 1.0404	 1719.0	 1333.4	 1.018786	 0.633291	 0.0759	 0.0917	 0.0447	 0.0463	 2.2598	 2.1875	PixelFly	L1.5-	160x 60	1.0216	0.1400	0.0600	20	0	 5	150	 200	200	     0
02/09/18 03:42:59	OT	ALPHERATZ      	 2.6287	 1.0410	 1646.2	 1242.3	 1.509999	 0.737806	 0.1037	 0.1264	 0.0353	 0.0422	 2.8606	 2.3967	PixelFly	L1.5-	160x 60	1.0216	0.1400	0.0600	20	0	 5	150	 200	200	     0
02/09/18 03:43:29	OT	ALPHERATZ      	 2.2141	 1.0416	 1668.4	 1332.6	 0.968365	 0.658371	 0.0852	 0.0664	 0.0461	 0.0452	 2.1905	 2.2376	PixelFly	L1.5-	160x 60	1.0216	0.1400	0.0600	20	0	 5	150	 200	200	     0
02/09/18 03:43:59	OT	ALPHERATZ      	 2.4908	 1.0421	 1692.0	 1284.1	 1.310085	 0.718001	 0.0926	 0.0848	 0.0385	 0.0429	 2.6252	 2.3563	PixelFly	L1.5-	160x 60	1.0216	0.1400	0.0600	20	0	 5	150	 200	200	     0
02/09/18 03:44:29	OT	ALPHERATZ      	 2.8494	 1.0427	 1547.4	 1306.4	 1.521773	 0.973610	 0.0852	 0.1298	 0.0352	 0.0358	 2.8711	 2.8278	PixelFly	L1.5-	160x 60	1.0216	0.1400	0.0600	20	0	 5	150	 200	197	     0
02/09/18 03:44:59	OT	ALPHERATZ      	 2.4180	 1.0433	 1654.3	 1309.4	 1.186252	 0.722848	 0.0689	 0.0990	 0.0409	 0.0428	 2.4717	 2.3643	PixelFly	L1.5-	160x 60	1.0216	0.1400	0.0600	20	0	 5	150	 200	199	     0
02/09/18 03:45:29	OT	ALPHERATZ      	 2.4759	 1.0439	 1603.0	 1284.2	 1.173762	 0.791990	 0.0817	 0.0980	 0.0412	 0.0405	 2.4552	 2.4966	PixelFly	L1.5-	160x 60	1.0216	0.1400	0.0600	20	0	 5	150	 200	199	     0
02/09/18 03:45:59	OT	ALPHERATZ      	 2.6510	 1.0445	 1639.4	 1277.1	 1.568211	 0.732548	 0.0752	 0.0727	 0.0346	 0.0425	 2.9203	 2.3816	PixelFly	L1.5-	160x 60	1.0216	0.1400	0.0600	20	0	 5	150	 200	199	    50
02/09/18 03:46:29	OT	ALPHERATZ      	 2.6177	 1.0451	 1655.1	 1288.5	 1.292198	 0.868154	 0.0835	 0.0934	 0.0389	 0.0384	 2.5992	 2.6362	PixelFly	L1.5-	160x 60	1.0216	0.1400	0.0600	20	0	 5	150	 200	200	     0
02/09/18 03:46:59	OT	ALPHERATZ      	 2.3269	 1.0457	 1736.0	 1290.0	 1.089491	 0.696154	 0.0935	 0.1052	 0.0431	 0.0438	 2.3454	 2.3083	PixelFly	L1.5-	160x 60	1.0216	0.1400	0.0600	20	0	 5	150	 200	199	     0
02/09/18 03:47:29	OT	ALPHERATZ      	 2.9043	 1.0463	 1637.5	 1284.2	 1.806538	 0.867366	 0.0820	 0.1182	 0.0318	 0.0384	 3.1757	 2.6329	PixelFly	L1.5-	160x 60	1.0216	0.1400	0.0600	20	0	 5	150	 200	200	    50
02/09/18 03:47:59	OT	ALPHERATZ      	 4.2082	 1.0470	 1564.9	 1163.7	 2.725365	 2.006575	 0.1405	 0.1517	 0.0249	 0.0232	 4.0629	 4.3534	PixelFly	L1.5-	160x 60	1.0216	0.1400	0.0600	20	0	 5	150	 200	188	     0
02/09/18 03:48:29	OT	ALPHERATZ      	 3.0830	 1.0476	 1605.5	 1258.6	 1.656455	 1.172980	 0.0960	 0.0922	 0.0336	 0.0321	 3.0126	 3.1534	PixelFly	L1.5-	160x 60	1.0216	0.1400	0.0600	20	0	 5	150	 200	197	     0
02/09/18 03:48:59	OT	ALPHERATZ      	 2.9191	 1.0482	 1672.0	 1321.8	 1.863350	 0.854340	 0.0809	 0.0942	 0.0313	 0.0388	 3.2318	 2.6063	PixelFly	L1.5-	160x 60	1.0216	0.1400	0.0600	20	0	 5	150	 200	197	    50
02/09/18 03:49:30	OT	ALPHERATZ      	 2.6421	 1.0489	 1668.5	 1276.2	 1.409492	 0.825281	 0.0960	 0.0955	 0.0370	 0.0397	 2.7324	 2.5518	PixelFly	L1.5-	160x 60	1.0216	0.1400	0.0600	20	0	 5	150	 200	197	     0
02/09/18 03:50:00	OT	ALPHERATZ      	 2.7309	 1.0495	 1654.6	 1295.2	 1.332760	 0.975759	 0.0806	 0.0817	 0.0383	 0.0359	 2.6412	 2.8205	PixelFly	L1.5-	160x 60	1.0216	0.1400	0.0600	20	0	 5	150	 200	200	     0
02/09/18 03:50:30	OT	ALPHERATZ      	 2.8738	 1.0501	 1623.4	 1297.6	 1.420962	 1.084452	 0.0818	 0.0795	 0.0368	 0.0337	 2.7437	 3.0040	PixelFly	L1.5-	160x 60	1.0216	0.1400	0.0600	20	0	 5	150	 200	198	     0
02/09/18 03:51:00	OT	ALPHERATZ      	 3.0705	 1.0508	 1675.1	 1239.9	 1.764799	 1.093253	 0.0748	 0.0996	 0.0324	 0.0335	 3.1236	 3.0175	PixelFly	L1.5-	160x 60	1.0216	0.1400	0.0600	20	0	 5	150	 200	197	     0
02/09/18 03:51:30	OT	ALPHERATZ      	 2.3528	 1.0514	 1671.1	 1249.0	 1.050977	 0.756133	 0.0623	 0.0705	 0.0442	 0.0418	 2.2878	 2.4177	PixelFly	L1.5-	160x 60	1.0216	0.1400	0.0600	20	0	 5	150	 200	200	     0
02/09/18 03:52:00	OT	ALPHERATZ      	 2.5341	 1.0521	 1710.1	 1294.2	 1.380079	 0.734533	 0.0886	 0.0732	 0.0375	 0.0426	 2.6931	 2.3752	PixelFly	L1.5-	160x 60	1.0216	0.1400	0.0600	20	0	 5	150	 200	198	     0
02/09/18 03:52:30	OT	ALPHERATZ      	 2.7531	 1.0528	 1694.9	 1289.5	 1.562404	 0.857922	 0.0951	 0.0937	 0.0349	 0.0388	 2.9002	 2.6061	PixelFly	L1.5-	160x 60	1.0216	0.1400	0.0600	20	0	 5	150	 200	200	     0
02/09/18 03:53:00	OT	ALPHERATZ      	 2.8312	 1.0534	 1706.1	 1286.7	 1.508000	 0.981628	 0.0914	 0.0953	 0.0356	 0.0358	 2.8381	 2.8244	PixelFly	L1.5-	160x 60	1.0216	0.1400	0.0600	20	0	 5	150	 200	199	     0
02/09/18 03:53:30	OT	ALPHERATZ      	 3.1899	 1.0541	 1664.5	 1257.5	 1.811150	 1.217803	 0.0924	 0.0971	 0.0319	 0.0315	 3.1666	 3.2132	PixelFly	L1.5-	160x 60	1.0216	0.1400	0.0600	20	0	 5	150	 200	198	     0
02/09/18 03:54:00	OT	ALPHERATZ      	 2.7764	 1.0548	 1617.2	 1278.1	 1.573290	 0.880471	 0.0833	 0.0837	 0.0348	 0.0383	 2.9089	 2.6440	PixelFly	L1.5-	160x 60	1.0216	0.1400	0.0600	20	0	 5	150	 200	199	     0
02/09/18 03:54:30	OT	ALPHERATZ      	 2.6408	 1.0554	 1673.9	 1350.7	 1.388123	 0.848074	 0.0782	 0.0947	 0.0375	 0.0392	 2.6974	 2.5842	PixelFly	L1.5-	160x 60	1.0216	0.1400	0.0600	20	0	 5	150	 200	198	     0
02/09/18 03:55:02	OT	ALPHERATZ      	 2.9662	 1.0562	 1677.3	 1249.1	 1.775093	 0.974399	 0.0834	 0.1164	 0.0323	 0.0360	 3.1249	 2.8075	PixelFly	L1.5-	160x 60	1.0216	0.1400	0.0600	20	0	 5	150	 200	196	     0
02/09/18 03:55:35	OT	ALPHERATZ      	 3.3337	 1.0569	 1634.8	 1242.4	 1.949653	 1.317377	 0.1183	 0.1486	 0.0306	 0.0301	 3.3044	 3.3629	PixelFly	L1.5-	160x 60	1.0216	0.1400	0.0600	20	0	 5	150	 200	197	     0
02/09/18 03:56:09	OT	ALPHERATZ      	 2.8736	 1.0577	 1623.8	 1229.6	 1.464127	 1.069258	 0.0934	 0.1119	 0.0363	 0.0341	 2.7814	 2.9658	PixelFly	L1.5-	160x 60	1.0216	0.1400	0.0600	20	0	 5	150	 200	194	     0
02/09/18 03:56:39	OT	ALPHERATZ      	 2.6796	 1.0584	 1625.1	 1276.4	 1.314971	 0.944779	 0.0886	 0.1232	 0.0388	 0.0368	 2.6068	 2.7525	PixelFly	L1.5-	160x 60	1.0216	0.1400	0.0600	20	0	 5	150	 200	199	     0
02/09/18 03:57:09	OT	ALPHERATZ      	 2.3854	 1.0591	 1670.9	 1295.8	 1.256992	 0.668010	 0.1021	 0.0939	 0.0399	 0.0453	 2.5362	 2.2347	PixelFly	L1.5-	160x 60	1.0216	0.1400	0.0600	20	0	 5	150	 200	200	     0
02/09/18 03:57:41	OT	ALPHERATZ      	 3.2015	 1.0599	 1504.9	 1194.0	 1.919521	 1.175104	 0.1347	 0.1631	 0.0309	 0.0323	 3.2682	 3.1348	PixelFly	L1.5-	160x 60	1.0216	0.1400	0.0600	20	0	 5	150	 200	194	     0
02/09/18 03:58:12	OT	ALPHERATZ      	 3.2119	 1.0606	 1542.5	 1269.9	 1.986711	 1.147356	 0.1485	 0.1567	 0.0303	 0.0328	 3.3350	 3.0889	PixelFly	L1.5-	160x 60	1.0216	0.1400	0.0600	20	0	 5	150	 200	195	     0
02/09/18 03:58:42	OT	ALPHERATZ      	 2.7344	 1.0613	 1672.3	 1285.6	 1.320824	 1.009558	 0.1280	 0.1486	 0.0387	 0.0354	 2.6094	 2.8595	PixelFly	L1.5-	160x 60	1.0216	0.1400	0.0600	20	0	 5	150	 200	200	     0
02/09/18 03:59:13	OT	ALPHERATZ      	 2.4631	 1.0621	 1666.6	 1313.6	 1.370749	 0.682148	 0.1140	 0.1107	 0.0379	 0.0448	 2.6670	 2.2592	PixelFly	L1.5-	160x 60	1.0216	0.1400	0.0600	20	0	 5	150	 200	200	     0
02/09/18 03:59:45	OT	ALPHERATZ      	 2.7412	 1.0628	 1636.6	 1281.4	 1.564862	 0.860654	 0.1238	 0.1054	 0.0350	 0.0390	 2.8863	 2.5962	PixelFly	L1.5-	160x 60	1.0216	0.1400	0.0600	20	0	 5	150	 200	199	     0
02/09/18 04:00:15	OT	ALPHERATZ      	 3.0288	 1.0636	 1651.1	 1269.5	 1.829325	 1.029261	 0.1135	 0.1116	 0.0319	 0.0350	 3.1685	 2.8892	PixelFly	L1.5-	160x 60	1.0216	0.1400	0.0600	20	0	 5	150	 200	199	     0
02/09/18 04:00:45	OT	ALPHERATZ      	 2.8518	 1.0643	 1689.4	 1294.8	 1.624799	 0.950850	 0.1142	 0.1349	 0.0343	 0.0367	 2.9497	 2.7539	PixelFly	L1.5-	160x 60	1.0216	0.1400	0.0600	20	0	 5	150	 200	200	     0
02/09/18 04:01:15	OT	ALPHERATZ      	 2.9161	 1.0651	 1596.3	 1318.0	 1.774278	 0.934271	 0.0839	 0.1183	 0.0325	 0.0371	 3.1084	 2.7238	PixelFly	L1.5-	160x 60	1.0216	0.1400	0.0600	20	0	 5	150	 200	200	     0
02/09/18 04:01:46	OT	ALPHERATZ      	 2.6440	 1.0658	 1688.4	 1264.0	 1.608059	 0.735762	 0.1032	 0.0908	 0.0345	 0.0429	 2.9289	 2.3591	PixelFly	L1.5-	160x 60	1.0216	0.1400	0.0600	20	0	 5	150	 200	197	    50
02/09/18 04:02:17	OT	ALPHERATZ      	 3.2003	 1.0666	 1663.2	 1322.8	 2.229522	 1.002401	 0.1340	 0.1391	 0.0284	 0.0356	 3.5618	 2.8388	PixelFly	L1.5-	160x 60	1.0216	0.1400	0.0600	20	0	 5	150	 200	198	    50
02/09/18 04:02:50	OT	ALPHERATZ      	 3.2152	 1.0674	 1635.1	 1250.9	 2.011329	 1.151508	 0.1505	 0.1802	 0.0302	 0.0328	 3.3468	 3.0837	PixelFly	L1.5-	160x 60	1.0216	0.1400	0.0600	20	0	 5	150	 200	198	     0
02/09/18 04:03:22	OT	ALPHERATZ      	 3.6429	 1.0683	 1581.2	 1274.0	 2.334023	 1.511050	 0.1737	 0.2063	 0.0276	 0.0279	 3.6576	 3.6281	PixelFly	L1.5-	160x 60	1.0216	0.1400	0.0600	20	0	 5	150	 200	197	     0
02/09/18 04:03:54	OT	ALPHERATZ      	 3.2697	 1.0691	 1670.0	 1348.9	 2.237541	 1.086257	 0.1964	 0.2032	 0.0284	 0.0340	 3.5645	 2.9749	PixelFly	L1.5-	160x 60	1.0216	0.1400	0.0600	20	0	 5	150	 200	196	     0
02/09/18 04:04:27	OT	ALPHERATZ      	 3.4817	 1.0699	 1535.4	 1222.2	 2.396486	 1.260347	 0.1692	 0.1883	 0.0272	 0.0311	 3.7126	 3.2509	PixelFly	L1.5-	160x 60	1.0216	0.1400	0.0600	20	0	 5	150	 200	191	     0
02/09/18 04:04:59	OT	ALPHERATZ      	 3.3830	 1.0708	 1562.8	 1267.8	 2.045622	 1.353564	 0.1596	 0.1749	 0.0300	 0.0298	 3.3746	 3.3915	PixelFly	L1.5-	160x 60	1.0216	0.1400	0.0600	20	0	 5	150	 200	196	     0
02/09/18 04:05:30	OT	ALPHERATZ      	 2.6622	 1.0716	 1672.1	 1281.2	 1.523610	 0.813692	 0.1276	 0.1748	 0.0358	 0.0405	 2.8265	 2.4979	PixelFly	L1.5-	160x 60	1.0216	0.1400	0.0600	20	0	 5	150	 200	197	     0
02/09/18 04:06:01	OT	ALPHERATZ      	 2.4657	 1.0724	 1679.3	 1307.3	 1.376305	 0.696039	 0.1224	 0.1461	 0.0380	 0.0445	 2.6580	 2.2735	PixelFly	L1.5-	160x 60	1.0216	0.1400	0.0600	20	0	 5	150	 200	200	     0
02/09/18 04:06:34	OT	ALPHERATZ      	 2.3339	 1.0733	 1592.4	 1361.7	 1.156013	 0.697442	 0.1179	 0.1323	 0.0422	 0.0445	 2.3927	 2.2751	PixelFly	L1.5-	160x 60	1.0216	0.1400	0.0600	20	0	 5	150	 200	197	     0
02/09/18 04:07:06	OT	ALPHERATZ      	 2.1853	 1.0741	 1719.6	 1344.3	 1.028322	 0.630878	 0.1145	 0.1195	 0.0453	 0.0473	 2.2294	 2.1412	PixelFly	L1.5-	160x 60	1.0216	0.1400	0.0600	20	0	 5	150	 200	198	     0
02/09/18 04:07:37	OT	ALPHERATZ      	 2.5007	 1.0749	 1634.0	 1291.1	 1.242299	 0.820368	 0.1669	 0.1546	 0.0405	 0.0404	 2.4960	 2.5055	PixelFly	L1.5-	160x 60	1.0216	0.1400	0.0600	20	0	 5	150	 200	200	     0
02/09/18 04:08:07	OT	ALPHERATZ      	 2.9715	 1.0758	 1642.6	 1313.4	 1.753379	 1.032683	 0.1497	 0.1361	 0.0329	 0.0352	 3.0679	 2.8752	PixelFly	L1.5-	160x 60	1.0216	0.1400	0.0600	20	0	 5	150	 200	200	     0
02/09/18 04:08:37	OT	ALPHERATZ      	 2.7884	 1.0766	 1743.4	 1322.1	 1.612037	 0.908462	 0.1658	 0.1674	 0.0347	 0.0380	 2.9157	 2.6612	PixelFly	L1.5-	160x 60	1.0216	0.1400	0.0600	20	0	 5	150	 200	199	     0
02/09/18 04:09:07	OT	ALPHERATZ      	 2.5986	 1.0774	 1675.0	 1308.6	 1.539060	 0.745662	 0.1194	 0.1651	 0.0357	 0.0428	 2.8345	 2.3628	PixelFly	L1.5-	160x 60	1.0216	0.1400	0.0600	20	0	 5	150	 200	200	     0
02/09/18 04:09:37	OT	ALPHERATZ      	 2.7557	 1.0782	 1621.9	 1292.2	 1.587685	 0.889220	 0.1332	 0.1297	 0.0350	 0.0385	 2.8865	 2.6248	PixelFly	L1.5-	160x 60	1.0216	0.1400	0.0600	20	0	 5	150	 200	197	     0
02/09/18 04:10:07	OT	ALPHERATZ      	 3.2633	 1.0790	 1657.2	 1244.7	 2.075529	 1.198488	 0.1458	 0.1626	 0.0298	 0.0322	 3.3884	 3.1381	PixelFly	L1.5-	160x 60	1.0216	0.1400	0.0600	20	0	 5	150	 200	200	     0
02/09/18 04:10:37	OT	ALPHERATZ      	 2.8226	 1.0799	 1602.2	 1302.1	 1.558900	 0.987641	 0.1165	 0.1677	 0.0354	 0.0362	 2.8524	 2.7929	PixelFly	L1.5-	160x 60	1.0216	0.1400	0.0600	20	0	 5	150	 200	200	     0
02/09/18 04:11:07	OT	ALPHERATZ      	 2.5036	 1.0807	 1686.0	 1335.9	 1.244319	 0.831039	 0.1142	 0.1303	 0.0406	 0.0402	 2.4904	 2.5169	PixelFly	L1.5-	160x 60	1.0216	0.1400	0.0600	20	0	 5	150	 200	200	     0
02/09/18 04:11:37	OT	ALPHERATZ      	 2.8609	 1.0816	 1583.6	 1298.4	 1.433062	 1.122173	 0.1151	 0.1314	 0.0373	 0.0336	 2.7094	 3.0124	PixelFly	L1.5-	160x 60	1.0216	0.1400	0.0600	20	0	 5	150	 200	197	     0
02/09/18 04:12:08	OT	ALPHERATZ      	 3.0139	 1.0825	 1690.4	 1275.4	 1.759074	 1.093933	 0.1503	 0.1424	 0.0330	 0.0341	 3.0624	 2.9653	PixelFly	L1.5-	160x 60	1.0216	0.1400	0.0600	20	0	 5	150	 200	198	     0
02/09/18 04:12:38	OT	ALPHERATZ      	 2.7554	 1.0833	 1623.3	 1284.8	 1.618838	 0.878616	 0.1464	 0.1219	 0.0347	 0.0389	 2.9121	 2.5986	PixelFly	L1.5-	160x 60	1.0216	0.1400	0.0600	20	0	 5	150	 200	199	     0
02/09/18 04:13:09	OT	ALPHERATZ      	 2.3946	 1.0842	 1671.3	 1301.7	 1.200279	 0.747218	 0.1149	 0.1140	 0.0416	 0.0429	 2.4324	 2.3568	PixelFly	L1.5-	160x 60	1.0216	0.1400	0.0600	20	0	 5	150	 200	199	     0
02/09/18 04:13:39	OT	ALPHERATZ      	 3.0216	 1.0851	 1639.8	 1261.0	 1.728016	 1.129041	 0.1308	 0.1611	 0.0334	 0.0335	 3.0255	 3.0176	PixelFly	L1.5-	160x 60	1.0216	0.1400	0.0600	20	0	 5	150	 200	199	     0
02/09/18 04:14:09	OT	ALPHERATZ      	 2.8652	 1.0859	 1664.0	 1312.2	 1.692492	 0.964307	 0.1283	 0.1688	 0.0338	 0.0369	 2.9866	 2.7439	PixelFly	L1.5-	160x 60	1.0216	0.1400	0.0600	20	0	 5	150	 200	199	     0
02/09/18 04:14:40	OT	ALPHERATZ      	 3.1308	 1.0869	 1623.8	 1250.7	 2.073764	 1.052014	 0.1594	 0.1475	 0.0300	 0.0350	 3.3720	 2.8895	PixelFly	L1.5-	160x 60	1.0216	0.1400	0.0600	20	0	 5	150	 200	197	     0
02/09/18 04:15:10	OT	ALPHERATZ      	 3.9050	 1.0877	 1567.6	 1201.9	 2.803721	 1.640953	 0.2054	 0.2151	 0.0250	 0.0268	 4.0389	 3.7710	PixelFly	L1.5-	160x 60	1.0216	0.1400	0.0600	20	0	 5	150	 200	195	     0
02/09/18 04:15:40	OT	ALPHERATZ      	 3.5063	 1.0886	 1676.4	 1248.3	 2.363248	 1.361077	 0.1679	 0.2132	 0.0277	 0.0300	 3.6435	 3.3691	PixelFly	L1.5-	160x 60	1.0216	0.1400	0.0600	20	0	 5	150	 200	195	     0
02/09/18 04:16:10	OT	ALPHERATZ      	 3.1583	 1.0895	 1643.7	 1275.3	 1.831640	 1.244480	 0.1397	 0.1719	 0.0323	 0.0317	 3.1254	 3.1913	PixelFly	L1.5-	160x 60	1.0216	0.1400	0.0600	20	0	 5	150	 200	198	     0
02/09/18 04:16:41	OT	ALPHERATZ      	 2.6317	 1.0905	 1567.4	 1325.2	 1.663455	 0.729469	 0.1229	 0.1801	 0.0343	 0.0437	 2.9484	 2.3150	PixelFly	L1.5-	160x 60	1.0216	0.1400	0.0600	20	0	 5	150	 200	200	    50
02/09/18 04:17:11	OT	ALPHERATZ      	 2.5661	 1.0914	 1683.4	 1293.7	 1.538568	 0.732705	 0.1603	 0.1561	 0.0359	 0.0436	 2.8121	 2.3200	PixelFly	L1.5-	160x 60	1.0216	0.1400	0.0600	20	0	 5	150	 200	199	    50
02/09/18 04:17:41	OT	ALPHERATZ      	 2.1456	 1.0923	 1652.9	 1291.7	 1.029093	 0.612851	 0.1119	 0.1235	 0.0458	 0.0486	 2.2081	 2.0832	PixelFly	L1.5-	160x 60	1.0216	0.1400	0.0600	20	0	 5	150	 200	200	     0
02/09/18 04:18:11	OT	ALPHERATZ      	 2.0670	 1.0932	 1750.8	 1294.0	 0.982066	 0.567444	 0.1264	 0.1096	 0.0471	 0.0509	 2.1459	 1.9882	PixelFly	L1.5-	160x 60	1.0216	0.1400	0.0600	20	0	 5	150	 200	200	     0
02/09/18 04:18:41	OT	ALPHERATZ      	 3.3734	 1.0941	 1674.7	 1203.5	 2.121746	 1.349457	 0.1613	 0.1545	 0.0297	 0.0303	 3.4050	 3.3418	PixelFly	L1.5-	160x 60	1.0216	0.1400	0.0600	20	0	 5	150	 200	196	     0
02/09/18 04:19:11	OT	ALPHERATZ      	 3.1042	 1.0950	 1586.6	 1271.5	 2.230345	 0.947553	 0.1503	 0.1972	 0.0288	 0.0375	 3.5068	 2.7016	PixelFly	L1.5-	160x 60	1.0216	0.1400	0.0600	20	0	 5	150	 200	194	    50
02/09/18 04:19:41	OT	ALPHERATZ      	 2.7448	 1.0960	 1719.0	 1277.4	 1.663270	 0.861535	 0.1492	 0.1293	 0.0344	 0.0397	 2.9393	 2.5504	PixelFly	L1.5-	160x 60	1.0216	0.1400	0.0600	20	0	 5	150	 200	199	     0
02/09/18 04:20:11	OT	ALPHERATZ      	 2.6584	 1.0969	 1588.8	 1296.4	 1.572628	 0.820841	 0.1448	 0.1472	 0.0356	 0.0409	 2.8406	 2.4761	PixelFly	L1.5-	160x 60	1.0216	0.1400	0.0600	20	0	 5	150	 200	197	     0
02/09/18 04:20:41	OT	ALPHERATZ      	 2.8131	 1.0979	 1627.5	 1291.2	 1.580192	 0.995672	 0.1201	 0.1436	 0.0355	 0.0364	 2.8473	 2.7788	PixelFly	L1.5-	160x 60	1.0216	0.1400	0.0600	20	0	 5	150	 200	197	     0
02/09/18 04:21:11	OT	ALPHERATZ      	 2.0576	 1.0988	 1696.2	 1298.2	 0.830190	 0.665556	 0.1190	 0.1249	 0.0523	 0.0464	 1.9342	 2.1811	PixelFly	L1.5-	160x 60	1.0216	0.1400	0.0600	20	0	 5	150	 200	200	     0
02/09/18 04:21:41	OT	ALPHERATZ      	 2.6720	 1.0998	 1662.6	 1302.5	 1.597442	 0.825738	 0.1374	 0.2176	 0.0353	 0.0408	 2.8630	 2.4811	PixelFly	L1.5-	160x 60	1.0216	0.1400	0.0600	20	0	 5	150	 200	200	     0
02/09/18 04:22:11	OT	ALPHERATZ      	 2.4721	 1.1007	 1700.8	 1320.2	 1.234813	 0.832670	 0.1683	 0.1665	 0.0412	 0.0406	 2.4519	 2.4923	PixelFly	L1.5-	160x 60	1.0216	0.1400	0.0600	20	0	 5	150	 200	199	     0
02/09/18 04:22:41	OT	ALPHERATZ      	 2.9370	 1.1017	 1621.4	 1245.2	 1.710133	 1.069468	 0.1094	 0.1046	 0.0339	 0.0350	 2.9794	 2.8946	PixelFly	L1.5-	160x 60	1.0216	0.1400	0.0600	20	0	 5	150	 200	197	     0
02/09/18 04:23:11	OT	ALPHERATZ      	 3.0287	 1.1027	 1635.3	 1223.9	 1.824662	 1.112008	 0.1525	 0.1163	 0.0327	 0.0342	 3.0959	 2.9615	PixelFly	L1.5-	160x 60	1.0216	0.1400	0.0600	20	0	 5	150	 200	193	     0
02/09/18 04:23:41	OT	ALPHERATZ      	 2.3533	 1.1036	 1704.0	 1278.3	 1.243372	 0.703277	 0.1030	 0.1045	 0.0411	 0.0450	 2.4581	 2.2485	PixelFly	L1.5-	160x 60	1.0216	0.1400	0.0600	20	0	 5	150	 200	198	     0
02/09/18 04:24:11	OT	ALPHERATZ      	 2.5618	 1.1046	 1637.7	 1318.0	 1.602277	 0.711465	 0.1230	 0.1458	 0.0353	 0.0447	 2.8606	 2.2630	PixelFly	L1.5-	160x 60	1.0216	0.1400	0.0600	20	0	 5	150	 200	200	    50
02/09/18 04:24:41	OT	ALPHERATZ      	 2.2650	 1.1056	 1700.1	 1301.8	 1.036959	 0.746517	 0.1221	 0.1300	 0.0459	 0.0435	 2.2021	 2.3280	PixelFly	L1.5-	160x 60	1.0216	0.1400	0.0600	20	0	 5	150	 200	199	     0
02/09/18 04:25:11	OT	ALPHERATZ      	 2.3600	 1.1066	 1635.2	 1336.7	 1.195145	 0.744721	 0.1113	 0.1505	 0.0422	 0.0435	 2.3966	 2.3234	PixelFly	L1.5-	160x 60	1.0216	0.1400	0.0600	20	0	 5	150	 200	199	     0
02/09/18 04:25:41	OT	ALPHERATZ      	 3.3373	 1.1076	 1504.5	 1261.2	 1.869211	 1.505234	 0.1583	 0.1680	 0.0323	 0.0286	 3.1326	 3.5420	PixelFly	L1.5-	160x 60	1.0216	0.1400	0.0600	20	0	 5	150	 200	194	     0
02/09/18 04:26:11	OT	ALPHERATZ      	 2.4816	 1.1086	 1688.7	 1351.6	 1.363351	 0.772504	 0.1271	 0.1074	 0.0390	 0.0426	 2.5908	 2.3724	PixelFly	L1.5-	160x 60	1.0216	0.1400	0.0600	20	0	 5	150	 200	199	     0
02/09/18 04:26:41	OT	ALPHERATZ      	 3.5438	 1.1096	 1596.3	 1319.3	 2.171672	 1.595387	 0.1245	 0.1332	 0.0295	 0.0276	 3.4238	 3.6638	PixelFly	L1.5-	160x 60	1.0216	0.1400	0.0600	20	0	 5	150	 200	196	     0
02/09/18 04:27:11	OT	ALPHERATZ      	 2.7473	 1.1107	 1643.7	 1290.4	 1.699809	 0.867431	 0.1142	 0.1371	 0.0342	 0.0398	 2.9542	 2.5405	PixelFly	L1.5-	160x 60	1.0216	0.1400	0.0600	20	0	 5	150	 200	199	     0
02/09/18 04:27:41	OT	ALPHERATZ      	 2.3585	 1.1117	 1668.2	 1334.0	 1.111804	 0.805369	 0.1265	 0.1184	 0.0442	 0.0417	 2.2886	 2.4284	PixelFly	L1.5-	160x 60	1.0216	0.1400	0.0600	20	0	 5	150	 200	199	     0
02/09/18 04:28:11	OT	ALPHERATZ      	 2.6351	 1.1127	 1621.5	 1267.4	 1.302595	 0.994662	 0.1014	 0.1086	 0.0402	 0.0367	 2.5154	 2.7548	PixelFly	L1.5-	160x 60	1.0216	0.1400	0.0600	20	0	 5	150	 200	199	     0
02/09/18 04:28:41	OT	ALPHERATZ      	 2.1858	 1.1137	 1652.0	 1327.3	 1.105306	 0.630061	 0.1036	 0.1172	 0.0444	 0.0483	 2.2780	 2.0935	PixelFly	L1.5-	160x 60	1.0216	0.1400	0.0600	20	0	 5	150	 200	200	     0
02/09/18 04:29:11	OT	ALPHERATZ      	 2.2135	 1.1148	 1633.1	 1344.5	 1.138771	 0.638505	 0.1190	 0.1082	 0.0436	 0.0480	 2.3179	 2.1091	PixelFly	L1.5-	160x 60	1.0216	0.1400	0.0600	20	0	 5	150	 200	200	     0
02/09/18 04:29:41	OT	ALPHERATZ      	 2.6942	 1.1158	 1637.0	 1263.6	 1.489859	 0.944781	 0.1382	 0.1160	 0.0371	 0.0379	 2.7219	 2.6666	PixelFly	L1.5-	160x 60	1.0216	0.1400	0.0600	20	0	 5	150	 200	198	     0
02/09/18 04:30:11	OT	ALPHERATZ      	 2.6892	 1.1169	 1612.3	 1258.6	 1.604197	 0.868949	 0.1254	 0.1183	 0.0355	 0.0399	 2.8437	 2.5346	PixelFly	L1.5-	160x 60	1.0216	0.1400	0.0600	20	0	 5	150	 200	199	     0
02/09/18 04:30:41	OT	ALPHERATZ      	 2.3401	 1.1179	 1702.4	 1335.6	 1.100248	 0.801706	 0.0992	 0.1128	 0.0446	 0.0419	 2.2666	 2.4136	PixelFly	L1.5-	160x 60	1.0216	0.1400	0.0600	20	0	 5	150	 200	199	     0
02/09/18 04:31:11	OT	ALPHERATZ      	 2.1681	 1.1190	 1702.6	 1299.0	 1.113997	 0.613232	 0.1019	 0.1498	 0.0443	 0.0493	 2.2823	 2.0540	PixelFly	L1.5-	160x 60	1.0216	0.1400	0.0600	20	0	 5	150	 200	200	     0
02/09/18 04:31:41	OT	ALPHERATZ      	 3.0522	 1.1201	 1652.8	 1254.9	 1.832917	 1.172949	 0.1191	 0.1128	 0.0329	 0.0334	 3.0752	 3.0292	PixelFly	L1.5-	160x 60	1.0216	0.1400	0.0600	20	0	 5	150	 200	198	     0
02/09/18 04:32:11	OT	ALPHERATZ      	 2.6813	 1.1212	 1610.9	 1274.0	 1.488335	 0.939503	 0.1178	 0.1128	 0.0373	 0.0382	 2.7124	 2.6501	PixelFly	L1.5-	160x 60	1.0216	0.1400	0.0600	20	0	 5	150	 200	198	     0
02/09/18 04:32:41	OT	ALPHERATZ      	 2.2401	 1.1222	 1632.7	 1284.4	 1.160184	 0.661450	 0.0865	 0.1022	 0.0433	 0.0472	 2.3346	 2.1457	PixelFly	L1.5-	160x 60	1.0216	0.1400	0.0600	20	0	 5	150	 200	200	     0
02/09/18 04:33:11	OT	ALPHERATZ      	 2.9279	 1.1233	 1597.8	 1243.5	 1.874704	 0.997706	 0.1481	 0.1500	 0.0325	 0.0369	 3.1117	 2.7442	PixelFly	L1.5-	160x 60	1.0216	0.1400	0.0600	20	0	 5	150	 200	199	     0
02/09/18 04:33:41	OT	ALPHERATZ      	 3.3332	 1.1244	 1561.5	 1273.0	 2.088590	 1.391393	 0.1563	 0.1391	 0.0305	 0.0302	 3.3181	 3.3483	PixelFly	L1.5-	160x 60	1.0216	0.1400	0.0600	20	0	 5	150	 200	196	     0
02/09/18 04:34:11	OT	ALPHERATZ      	 3.8126	 1.1255	 1536.7	 1227.4	 2.764576	 1.646010	 0.2394	 0.1992	 0.0258	 0.0273	 3.9238	 3.7014	PixelFly	L1.5-	160x 60	1.0216	0.1400	0.0600	20	0	 5	150	 200	193	     0
02/09/18 04:34:41	OT	ALPHERATZ      	 2.7487	 1.1266	 1550.7	 1265.1	 1.628470	 0.939765	 0.1248	 0.1379	 0.0354	 0.0383	 2.8546	 2.6428	PixelFly	L1.5-	160x 60	1.0216	0.1400	0.0600	20	0	 5	150	 200	197	     0
02/09/18 04:35:11	OT	ALPHERATZ      	 2.5321	 1.1278	 1583.0	 1203.2	 1.331652	 0.878058	 0.1037	 0.1191	 0.0400	 0.0399	 2.5284	 2.5357	PixelFly	L1.5-	160x 60	1.0216	0.1400	0.0600	20	0	 5	150	 200	199	     0
02/09/18 04:35:41	OT	ALPHERATZ      	 2.6590	 1.1289	 1633.9	 1311.3	 1.499141	 0.919240	 0.1341	 0.1324	 0.0373	 0.0388	 2.7131	 2.6049	PixelFly	L1.5-	160x 60	1.0216	0.1400	0.0600	20	0	 5	150	 200	198	     0
02/09/18 04:36:11	OT	ALPHERATZ      	 2.1448	 1.1300	 1708.6	 1301.5	 1.097350	 0.612836	 0.0811	 0.0749	 0.0450	 0.0496	 2.2485	 2.0412	PixelFly	L1.5-	160x 60	1.0216	0.1400	0.0600	20	0	 5	150	 200	200	     0
02/09/18 04:36:41	OT	ALPHERATZ      	 2.9261	 1.1311	 1583.4	 1310.9	 1.697073	 1.122464	 0.1005	 0.0997	 0.0346	 0.0345	 2.9191	 2.9330	PixelFly	L1.5-	160x 60	1.0216	0.1400	0.0600	20	0	 5	150	 200	199	     0
02/09/18 04:37:11	OT	ALPHERATZ      	 2.9985	 1.1323	 1670.3	 1282.8	 1.878975	 1.100024	 0.1213	 0.1325	 0.0326	 0.0349	 3.1011	 2.8959	PixelFly	L1.5-	160x 60	1.0216	0.1400	0.0600	20	0	 5	150	 200	199	     0
02/09/18 04:37:41	OT	ALPHERATZ      	 2.6179	 1.1334	 1619.1	 1254.1	 1.501121	 0.877496	 0.1058	 0.1349	 0.0373	 0.0400	 2.7087	 2.5271	PixelFly	L1.5-	160x 60	1.0216	0.1400	0.0600	20	0	 5	150	 200	196	     0
02/09/18 04:38:11	OT	ALPHERATZ      	 2.5518	 1.1346	 1586.3	 1307.2	 1.200150	 1.003156	 0.0939	 0.0935	 0.0427	 0.0370	 2.3669	 2.7368	PixelFly	L1.5-	160x 60	1.0216	0.1400	0.0600	20	0	 5	150	 200	200	     0
02/09/18 04:38:41	OT	ALPHERATZ      	 3.4242	 1.1357	 1538.8	 1201.1	 2.258815	 1.435602	 0.0763	 0.0914	 0.0292	 0.0298	 3.4570	 3.3913	PixelFly	L1.5-	160x 60	1.0216	0.1400	0.0600	20	0	 5	150	 200	195	     0
02/09/18 04:39:11	OT	ALPHERATZ      	 2.1064	 1.1369	 1661.5	 1272.6	 0.970268	 0.662957	 0.0570	 0.0739	 0.0486	 0.0475	 2.0809	 2.1319	PixelFly	L1.5-	160x 60	1.0216	0.1400	0.0600	20	0	 5	150	 200	199	     0
02/09/18 04:39:41	OT	ALPHERATZ      	 2.3577	 1.1381	 1640.5	 1276.2	 1.334807	 0.697803	 0.0749	 0.0611	 0.0401	 0.0461	 2.5182	 2.1971	PixelFly	L1.5-	160x 60	1.0216	0.1400	0.0600	20	0	 5	150	 200	198	     0
02/09/18 04:40:11	OT	ALPHERATZ      	 2.2695	 1.1392	 1605.5	 1330.3	 1.146415	 0.722392	 0.0769	 0.0895	 0.0440	 0.0451	 2.2971	 2.2419	PixelFly	L1.5-	160x 60	1.0216	0.1400	0.0600	20	0	 5	150	 200	200	     0
02/09/18 04:40:41	OT	ALPHERATZ      	 2.9018	 1.1404	 1601.0	 1273.4	 1.838713	 1.019942	 0.0826	 0.0799	 0.0332	 0.0367	 3.0480	 2.7556	PixelFly	L1.5-	160x 60	1.0216	0.1400	0.0600	20	0	 5	150	 200	198	     0
02/09/18 04:41:11	OT	ALPHERATZ      	 2.7492	 1.1416	 1612.3	 1254.6	 1.693290	 0.926347	 0.0798	 0.0775	 0.0349	 0.0389	 2.8991	 2.5994	PixelFly	L1.5-	160x 60	1.0216	0.1400	0.0600	20	0	 5	150	 200	198	     0
02/09/18 04:41:41	OT	ALPHERATZ      	 2.6190	 1.1428	 1604.5	 1269.4	 1.483923	 0.904778	 0.1067	 0.0860	 0.0378	 0.0395	 2.6767	 2.5613	PixelFly	L1.5-	160x 60	1.0216	0.1400	0.0600	20	0	 5	150	 200	199	     0
02/09/18 04:42:11	OT	ALPHERATZ      	 2.1974	 1.1440	 1614.6	 1277.8	 1.084723	 0.691461	 0.0983	 0.1126	 0.0456	 0.0464	 2.2165	 2.1783	PixelFly	L1.5-	160x 60	1.0216	0.1400	0.0600	20	0	 5	150	 200	200	     0
02/09/18 04:42:41	OT	ALPHERATZ      	 2.7428	 1.1452	 1654.6	 1223.6	 1.573133	 1.000345	 0.1022	 0.0968	 0.0365	 0.0372	 2.7686	 2.7169	PixelFly	L1.5-	160x 60	1.0216	0.1400	0.0600	20	0	 5	150	 200	197	     0
02/09/18 04:43:11	OT	ALPHERATZ      	 3.0235	 1.1464	 1614.1	 1228.0	 1.804712	 1.209268	 0.0949	 0.1204	 0.0336	 0.0333	 3.0045	 3.0424	PixelFly	L1.5-	160x 60	1.0216	0.1400	0.0600	20	0	 5	150	 200	199	     0
02/09/18 04:43:41	OT	ALPHERATZ      	 2.5580	 1.1477	 1610.2	 1257.8	 1.305938	 0.957572	 0.1196	 0.1418	 0.0409	 0.0383	 2.4729	 2.6432	PixelFly	L1.5-	160x 60	1.0216	0.1400	0.0600	20	0	 5	150	 200	196	     0
02/09/18 04:44:11	OT	ALPHERATZ      	 2.6315	 1.1489	 1645.1	 1304.1	 1.523735	 0.904111	 0.1001	 0.1200	 0.0373	 0.0396	 2.7109	 2.5520	PixelFly	L1.5-	160x 60	1.0216	0.1400	0.0600	20	0	 5	150	 200	198	     0
02/09/18 04:44:42	OT	ALPHERATZ      	 3.3202	 1.1502	 1540.6	 1242.2	 2.084193	 1.439543	 0.1196	 0.1133	 0.0309	 0.0300	 3.2692	 3.3713	PixelFly	L1.5-	160x 60	1.0216	0.1400	0.0600	20	0	 5	150	 200	188	     0
02/09/18 04:45:12	OT	ALPHERATZ      	 3.0384	 1.1514	 1571.7	 1285.3	 1.552615	 1.418071	 0.1162	 0.1534	 0.0369	 0.0303	 2.7380	 3.3388	PixelFly	L1.5-	160x 60	1.0216	0.1400	0.0600	20	0	 5	150	 200	190	     0
02/09/18 04:45:42	OT	ALPHERATZ      	 2.8686	 1.1527	 1542.8	 1270.0	 1.772443	 1.042783	 0.0766	 0.0994	 0.0341	 0.0365	 2.9625	 2.7747	PixelFly	L1.5-	160x 60	1.0216	0.1400	0.0600	20	0	 5	150	 200	194	     0
02/09/18 04:46:12	OT	ALPHERATZ      	 2.5830	 1.1539	 1587.6	 1248.3	 1.409072	 0.928429	 0.0720	 0.1039	 0.0392	 0.0391	 2.5798	 2.5862	PixelFly	L1.5-	160x 60	1.0216	0.1400	0.0600	20	0	 5	150	 200	194	     0
02/09/18 04:46:42	OT	ALPHERATZ      	 2.4758	 1.1552	 1622.6	 1292.8	 1.156940	 0.974780	 0.0826	 0.0881	 0.0441	 0.0380	 2.2905	 2.6611	PixelFly	L1.5-	160x 60	1.0216	0.1400	0.0600	20	0	 5	150	 200	196	     0
02/09/18 04:46:43	OT	ALPHERATZ      	 0.0000	 1.1552	    0.0	    0.0	-0.000000	-0.000000	    0.0	    0.0	    0.0	    0.0	 0.0000	 0.0000	PixelFly	L1.5-	160x 60	1.0216	0.1400	0.0600	20	0	 5	150	 200	  0	    31
