Fecha Hora	Ubicacion	Objeto	Seeing	Maire	Flujo 1	Flujo 2	Var l	Var t	Centelleo 1	Centelleo 2	r0l	r0t	fwhml	fwmlt	CCD	Software	Ventana	EscalaPlaca	Distancia	Diametro	WinSpot	Gain	Texp	Sampling	N	Muestras	Return
12/02/19 19:56:27	OT	MIRFAK         	 0.6544	 1.0954	 2315.6	 2390.6	 0.126747	 0.101051	 0.0653	 0.0707	 0.1641	 0.1461	 0.6162	 0.6925	PixelFly	L1.5-	160x 60	1.0063	0.1400	0.0600	20	0	 5	150	 200	200	     0
12/02/19 19:56:57	OT	MIRFAK         	 0.6484	 1.0957	 2416.2	 2347.6	 0.134940	 0.092612	 0.0800	 0.0844	 0.1580	 0.1540	 0.6396	 0.6571	PixelFly	L1.5-	160x 60	1.0063	0.1400	0.0600	20	0	 5	150	 200	200	     0
12/02/19 19:57:27	OT	MIRFAK         	 0.7114	 1.0961	 2397.1	 2305.0	 0.165493	 0.102955	 0.1097	 0.1185	 0.1398	 0.1445	 0.7228	 0.7001	PixelFly	L1.5-	160x 60	1.0063	0.1400	0.0600	20	0	 5	150	 200	200	     0
12/02/19 19:57:57	OT	MIRFAK         	 0.7935	 1.0965	 2399.3	 2355.0	 0.222590	 0.108867	 0.1537	 0.1223	 0.1171	 0.1398	 0.8633	 0.7238	PixelFly	L1.5-	160x 60	1.0063	0.1400	0.0600	20	0	 5	150	 200	200	     0
12/02/19 19:58:27	OT	MIRFAK         	 0.6881	 1.0968	 2353.9	 2348.9	 0.166186	 0.091471	 0.1094	 0.0822	 0.1396	 0.1552	 0.7243	 0.6518	PixelFly	L1.5-	160x 60	1.0063	0.1400	0.0600	20	0	 5	150	 200	200	     0
12/02/19 19:58:57	OT	MIRFAK         	 0.6599	 1.0972	 2400.3	 2417.8	 0.137432	 0.096655	 0.1018	 0.0992	 0.1564	 0.1502	 0.6462	 0.6736	PixelFly	L1.5-	160x 60	1.0063	0.1400	0.0600	20	0	 5	150	 200	200	     0
12/02/19 19:59:27	OT	MIRFAK         	 0.7115	 1.0976	 2388.4	 2299.1	 0.140358	 0.120474	 0.0915	 0.0887	 0.1545	 0.1316	 0.6543	 0.7686	PixelFly	L1.5-	160x 60	1.0063	0.1400	0.0600	20	0	 5	150	 200	200	     0
12/02/19 19:59:57	OT	MIRFAK         	 0.6480	 1.0980	 2422.4	 2384.8	 0.132744	 0.094296	 0.0904	 0.1019	 0.1598	 0.1525	 0.6326	 0.6634	PixelFly	L1.5-	160x 60	1.0063	0.1400	0.0600	20	0	 5	150	 200	200	     0
12/02/19 20:00:27	OT	MIRFAK         	 0.6502	 1.0984	 2419.2	 2326.3	 0.131436	 0.096273	 0.0817	 0.0850	 0.1608	 0.1507	 0.6287	 0.6716	PixelFly	L1.5-	160x 60	1.0063	0.1400	0.0600	20	0	 5	150	 200	200	     0
12/02/19 20:00:57	OT	MIRFAK         	 0.6519	 1.0988	 2418.1	 2379.3	 0.153872	 0.082688	 0.0835	 0.0931	 0.1463	 0.1651	 0.6909	 0.6129	PixelFly	L1.5-	160x 60	1.0063	0.1400	0.0600	20	0	 5	150	 200	200	     0
12/02/19 20:01:27	OT	MIRFAK         	 0.6075	 1.0992	 2405.2	 2395.0	 0.132013	 0.076541	 0.0696	 0.0615	 0.1604	 0.1730	 0.6301	 0.5850	PixelFly	L1.5-	160x 60	1.0063	0.1400	0.0600	20	0	 5	150	 200	200	     0
12/02/19 20:01:57	OT	MIRFAK         	 0.6169	 1.0996	 2400.2	 2304.6	 0.140998	 0.075136	 0.0663	 0.0604	 0.1542	 0.1749	 0.6554	 0.5784	PixelFly	L1.5-	160x 60	1.0063	0.1400	0.0600	20	0	 5	150	 200	200	     0
12/02/19 20:02:27	OT	MIRFAK         	 0.4796	 1.1000	 2415.7	 2302.8	 0.078872	 0.058356	 0.0836	 0.0717	 0.2186	 0.2036	 0.4624	 0.4969	PixelFly	L1.5-	160x 60	1.0063	0.1400	0.0600	20	0	 5	150	 200	200	     0
12/02/19 20:02:58	OT	MIRFAK         	 0.5103	 1.1004	 2406.6	 2283.2	 0.092559	 0.061294	 0.0695	 0.0614	 0.1987	 0.1978	 0.5089	 0.5117	PixelFly	L1.5-	160x 60	1.0063	0.1400	0.0600	20	0	 5	150	 200	199	     0
12/02/19 20:03:28	OT	MIRFAK         	 0.4998	 1.1008	 2420.0	 2454.6	 0.090132	 0.058786	 0.0628	 0.0648	 0.2019	 0.2028	 0.5007	 0.4989	PixelFly	L1.5-	160x 60	1.0063	0.1400	0.0600	20	0	 5	150	 200	200	     0
12/02/19 20:03:58	OT	MIRFAK         	 0.6517	 1.1012	 2409.0	 2378.9	 0.147833	 0.086720	 0.0752	 0.0830	 0.1501	 0.1607	 0.6736	 0.6298	PixelFly	L1.5-	160x 60	1.0063	0.1400	0.0600	20	0	 5	150	 200	200	     0
12/02/19 20:04:28	OT	MIRFAK         	 0.5947	 1.1016	 2383.4	 2298.9	 0.121156	 0.078170	 0.0771	 0.0759	 0.1691	 0.1710	 0.5977	 0.5916	PixelFly	L1.5-	160x 60	1.0063	0.1400	0.0600	20	0	 5	150	 200	200	     0
12/02/19 20:04:58	OT	MIRFAK         	 0.5757	 1.1020	 2371.9	 2345.9	 0.119497	 0.071079	 0.0477	 0.0443	 0.1706	 0.1811	 0.5926	 0.5587	PixelFly	L1.5-	160x 60	1.0063	0.1400	0.0600	20	0	 5	150	 200	200	     0
12/02/19 20:05:28	OT	MIRFAK         	 0.4814	 1.1025	 2400.7	 2357.6	 0.082449	 0.056850	 0.0463	 0.0409	 0.2132	 0.2071	 0.4742	 0.4885	PixelFly	L1.5-	160x 60	1.0063	0.1400	0.0600	20	0	 5	150	 200	200	     0
12/02/19 20:05:58	OT	MIRFAK         	 0.4453	 1.1029	 2358.9	 2347.2	 0.084740	 0.042245	 0.0374	 0.0351	 0.2097	 0.2476	 0.4820	 0.4087	PixelFly	L1.5-	160x 60	1.0063	0.1400	0.0600	20	0	 5	150	 200	200	     0
12/02/19 20:06:27	OT	MIRFAK         	 0.4238	 1.1033	 2441.8	 2368.3	 0.069099	 0.044441	 0.0404	 0.0381	 0.2371	 0.2402	 0.4263	 0.4212	PixelFly	L1.5-	160x 60	1.0063	0.1400	0.0600	20	0	 5	150	 200	200	     0
12/02/19 20:06:57	OT	MIRFAK         	 0.4074	 1.1037	 2364.7	 2354.6	 0.059509	 0.045164	 0.0461	 0.0396	 0.2594	 0.2380	 0.3897	 0.4252	PixelFly	L1.5-	160x 60	1.0063	0.1400	0.0600	20	0	 5	150	 200	200	     0
12/02/19 20:07:27	OT	MIRFAK         	 0.4296	 1.1042	 2439.0	 2440.8	 0.065429	 0.049078	 0.0405	 0.0443	 0.2451	 0.2264	 0.4124	 0.4469	PixelFly	L1.5-	160x 60	1.0063	0.1400	0.0600	20	0	 5	150	 200	200	     0
12/02/19 20:07:57	OT	MIRFAK         	 0.4626	 1.1046	 2449.1	 2357.2	 0.077933	 0.052902	 0.0413	 0.0405	 0.2208	 0.2165	 0.4579	 0.4673	PixelFly	L1.5-	160x 60	1.0063	0.1400	0.0600	20	0	 5	150	 200	200	     0
12/02/19 20:08:27	OT	MIRFAK         	 0.4139	 1.1051	 2354.6	 2361.3	 0.060585	 0.046811	 0.0262	 0.0320	 0.2568	 0.2331	 0.3936	 0.4341	PixelFly	L1.5-	160x 60	1.0063	0.1400	0.0600	20	0	 5	150	 200	200	     0
12/02/19 20:08:57	OT	MIRFAK         	 0.3524	 1.1055	 2397.9	 2318.9	 0.047200	 0.035232	 0.0273	 0.0266	 0.2984	 0.2764	 0.3388	 0.3660	PixelFly	L1.5-	160x 60	1.0063	0.1400	0.0600	20	0	 5	150	 200	200	     0
12/02/19 20:09:27	OT	MIRFAK         	 0.3989	 1.1060	 2452.2	 2370.6	 0.058191	 0.043261	 0.0275	 0.0288	 0.2632	 0.2445	 0.3840	 0.4139	PixelFly	L1.5-	160x 60	1.0063	0.1400	0.0600	20	0	 5	150	 200	200	     0
12/02/19 20:09:57	OT	MIRFAK         	 0.3990	 1.1064	 2361.6	 2359.4	 0.051770	 0.047932	 0.0258	 0.0258	 0.2824	 0.2299	 0.3579	 0.4400	PixelFly	L1.5-	160x 60	1.0063	0.1400	0.0600	20	0	 5	150	 200	200	     0
12/02/19 20:10:27	OT	MIRFAK         	 0.3330	 1.1069	 2379.3	 2324.4	 0.046343	 0.029855	 0.0269	 0.0254	 0.3019	 0.3056	 0.3348	 0.3311	PixelFly	L1.5-	160x 60	1.0063	0.1400	0.0600	20	0	 5	150	 200	200	     0
12/02/19 20:10:57	OT	MIRFAK         	 0.3701	 1.1073	 2364.8	 2374.7	 0.053869	 0.036559	 0.0329	 0.0297	 0.2759	 0.2707	 0.3664	 0.3738	PixelFly	L1.5-	160x 60	1.0063	0.1400	0.0600	20	0	 5	150	 200	200	     0
12/02/19 20:11:27	OT	MIRFAK         	 0.4407	 1.1078	 2370.9	 2293.5	 0.061292	 0.056550	 0.0402	 0.0340	 0.2554	 0.2084	 0.3958	 0.4856	PixelFly	L1.5-	160x 60	1.0063	0.1400	0.0600	20	0	 5	150	 200	200	     0
12/02/19 20:11:57	OT	MIRFAK         	 0.3971	 1.1083	 2368.7	 2372.0	 0.060627	 0.041150	 0.0336	 0.0358	 0.2572	 0.2522	 0.3931	 0.4011	PixelFly	L1.5-	160x 60	1.0063	0.1400	0.0600	20	0	 5	150	 200	200	     0
12/02/19 20:12:27	OT	MIRFAK         	 0.4236	 1.1087	 2368.3	 2345.8	 0.066436	 0.046592	 0.0355	 0.0314	 0.2435	 0.2342	 0.4152	 0.4321	PixelFly	L1.5-	160x 60	1.0063	0.1400	0.0600	20	0	 5	150	 200	200	     0
12/02/19 20:12:58	OT	MIRFAK         	 0.4307	 1.1092	 2384.6	 2319.3	 0.064974	 0.050241	 0.0461	 0.0434	 0.2468	 0.2239	 0.4095	 0.4519	PixelFly	L1.5-	160x 60	1.0063	0.1400	0.0600	20	0	 5	150	 200	199	     0
12/02/19 20:13:28	OT	MIRFAK         	 0.3972	 1.1097	 2388.7	 2394.4	 0.056303	 0.044257	 0.0514	 0.0392	 0.2690	 0.2416	 0.3757	 0.4187	PixelFly	L1.5-	160x 60	1.0063	0.1400	0.0600	20	0	 5	150	 200	200	     0
12/02/19 20:13:58	OT	MIRFAK         	 0.4066	 1.1102	 2396.6	 2373.2	 0.063011	 0.042988	 0.0439	 0.0404	 0.2515	 0.2460	 0.4019	 0.4114	PixelFly	L1.5-	160x 60	1.0063	0.1400	0.0600	20	0	 5	150	 200	200	     0
12/02/19 20:14:28	OT	MIRFAK         	 0.4089	 1.1107	 2406.4	 2358.9	 0.071651	 0.038333	 0.0369	 0.0476	 0.2329	 0.2635	 0.4340	 0.3839	PixelFly	L1.5-	160x 60	1.0063	0.1400	0.0600	20	0	 5	150	 200	200	     0
12/02/19 20:14:58	OT	MIRFAK         	 0.4017	 1.1112	 2374.0	 2406.9	 0.062689	 0.041574	 0.0320	 0.0381	 0.2524	 0.2511	 0.4004	 0.4030	PixelFly	L1.5-	160x 60	1.0063	0.1400	0.0600	20	0	 5	150	 200	200	     0
12/02/19 20:15:28	OT	MIRFAK         	 0.4034	 1.1117	 2390.5	 2335.9	 0.063269	 0.041830	 0.0285	 0.0268	 0.2511	 0.2502	 0.4025	 0.4044	PixelFly	L1.5-	160x 60	1.0063	0.1400	0.0600	20	0	 5	150	 200	200	     0
12/02/19 20:15:58	OT	MIRFAK         	 0.3655	 1.1122	 2398.8	 2305.2	 0.048717	 0.038883	 0.0271	 0.0337	 0.2938	 0.2615	 0.3440	 0.3869	PixelFly	L1.5-	160x 60	1.0063	0.1400	0.0600	20	0	 5	150	 200	200	     0
12/02/19 20:16:27	OT	MIRFAK         	 0.3594	 1.1127	 2433.1	 2325.2	 0.054505	 0.033055	 0.0312	 0.0286	 0.2748	 0.2884	 0.3679	 0.3509	PixelFly	L1.5-	160x 60	1.0063	0.1400	0.0600	20	0	 5	150	 200	200	     0
12/02/19 20:16:57	OT	MIRFAK         	 0.3875	 1.1132	 2364.2	 2413.5	 0.065911	 0.034960	 0.0293	 0.0332	 0.2452	 0.2789	 0.4122	 0.3628	PixelFly	L1.5-	160x 60	1.0063	0.1400	0.0600	20	0	 5	150	 200	200	     0
12/02/19 20:17:27	OT	MIRFAK         	 0.4156	 1.1137	 2381.3	 2359.1	 0.061876	 0.047232	 0.0301	 0.0305	 0.2548	 0.2329	 0.3968	 0.4345	PixelFly	L1.5-	160x 60	1.0063	0.1400	0.0600	20	0	 5	150	 200	200	     0
12/02/19 20:17:57	OT	MIRFAK         	 0.4030	 1.1142	 2410.1	 2349.3	 0.058939	 0.044790	 0.0298	 0.0308	 0.2624	 0.2405	 0.3853	 0.4207	PixelFly	L1.5-	160x 60	1.0063	0.1400	0.0600	20	0	 5	150	 200	200	     0
12/02/19 20:18:27	OT	MIRFAK         	 0.3853	 1.1147	 2364.8	 2380.9	 0.052999	 0.042777	 0.0269	 0.0330	 0.2797	 0.2473	 0.3614	 0.4092	PixelFly	L1.5-	160x 60	1.0063	0.1400	0.0600	20	0	 5	150	 200	200	     0
12/02/19 20:18:57	OT	MIRFAK         	 0.3607	 1.1152	 2373.8	 2357.2	 0.052176	 0.035155	 0.0243	 0.0244	 0.2825	 0.2783	 0.3579	 0.3636	PixelFly	L1.5-	160x 60	1.0063	0.1400	0.0600	20	0	 5	150	 200	200	     0
12/02/19 20:19:27	OT	MIRFAK         	 0.3554	 1.1157	 2384.7	 2370.3	 0.063091	 0.026930	 0.0260	 0.0235	 0.2521	 0.3266	 0.4010	 0.3098	PixelFly	L1.5-	160x 60	1.0063	0.1400	0.0600	20	0	 5	150	 200	200	    50
12/02/19 20:19:57	OT	MIRFAK         	 0.4041	 1.1163	 2434.5	 2325.1	 0.068261	 0.039194	 0.0278	 0.0275	 0.2405	 0.2608	 0.4203	 0.3879	PixelFly	L1.5-	160x 60	1.0063	0.1400	0.0600	20	0	 5	150	 200	200	     0
12/02/19 20:20:27	OT	MIRFAK         	 0.4021	 1.1168	 2378.4	 2346.1	 0.069424	 0.037869	 0.0283	 0.0220	 0.2382	 0.2664	 0.4244	 0.3799	PixelFly	L1.5-	160x 60	1.0063	0.1400	0.0600	20	0	 5	150	 200	200	     0
12/02/19 20:20:57	OT	MIRFAK         	 0.4293	 1.1173	 2430.6	 2286.5	 0.066134	 0.049610	 0.0266	 0.0257	 0.2453	 0.2266	 0.4121	 0.4466	PixelFly	L1.5-	160x 60	1.0063	0.1400	0.0600	20	0	 5	150	 200	200	     0
12/02/19 20:21:27	OT	MIRFAK         	 0.4033	 1.1179	 2424.9	 2349.0	 0.071771	 0.036921	 0.0244	 0.0266	 0.2336	 0.2706	 0.4327	 0.3739	PixelFly	L1.5-	160x 60	1.0063	0.1400	0.0600	20	0	 5	150	 200	200	     0
12/02/19 20:21:52	OT	MIRFAK         	 0.4159	 1.1183	 2433.1	 2361.2	 0.068132	 0.043508	 0.0242	 0.0260	 0.2411	 0.2453	 0.4193	 0.4125	PixelFly	L1.5-	160x 60	1.0063	0.1400	0.0600	20	0	 5	150	 200	170	    12
12/02/19 20:22:24	OT	MIRFAK         	 0.3868	 1.1189	 2383.9	 2326.0	 0.058578	 0.039777	 0.0286	 0.0227	 0.2640	 0.2589	 0.3829	 0.3908	PixelFly	L1.5-	160x 60	1.0063	0.1400	0.0600	20	0	 5	150	 200	200	     0
12/02/19 20:22:55	OT	MIRFAK         	 0.3978	 1.1195	 2380.9	 2349.4	 0.064376	 0.039754	 0.0225	 0.0286	 0.2496	 0.2591	 0.4050	 0.3905	PixelFly	L1.5-	160x 60	1.0063	0.1400	0.0600	20	0	 5	150	 200	199	     0
12/02/19 20:23:25	OT	MIRFAK         	 0.4990	 1.1200	 2384.8	 2381.9	 0.084369	 0.064448	 0.0220	 0.0232	 0.2122	 0.1939	 0.4763	 0.5217	PixelFly	L1.5-	160x 60	1.0063	0.1400	0.0600	20	0	 5	150	 200	200	     0
12/02/19 20:23:55	OT	MIRFAK         	 0.3799	 1.1206	 2435.9	 2340.3	 0.057239	 0.038460	 0.0193	 0.0258	 0.2680	 0.2644	 0.3772	 0.3826	PixelFly	L1.5-	160x 60	1.0063	0.1400	0.0600	20	0	 5	150	 200	200	     0
12/02/19 20:24:25	OT	MIRFAK         	 0.3902	 1.1211	 2423.2	 2346.2	 0.051628	 0.046015	 0.0220	 0.0228	 0.2852	 0.2375	 0.3545	 0.4260	PixelFly	L1.5-	160x 60	1.0063	0.1400	0.0600	20	0	 5	150	 200	200	     0
12/02/19 20:24:55	OT	MIRFAK         	 0.4174	 1.1217	 2365.0	 2378.3	 0.059982	 0.049887	 0.0288	 0.0253	 0.2607	 0.2263	 0.3878	 0.4470	PixelFly	L1.5-	160x 60	1.0063	0.1400	0.0600	20	0	 5	150	 200	200	     0
12/02/19 20:25:25	OT	MIRFAK         	 0.4316	 1.1223	 2416.8	 2317.3	 0.065691	 0.051199	 0.0293	 0.0259	 0.2469	 0.2229	 0.4094	 0.4539	PixelFly	L1.5-	160x 60	1.0063	0.1400	0.0600	20	0	 5	150	 200	200	     0
12/02/19 20:25:55	OT	MIRFAK         	 0.4390	 1.1228	 2475.5	 2353.5	 0.081584	 0.043581	 0.0275	 0.0283	 0.2169	 0.2456	 0.4661	 0.4119	PixelFly	L1.5-	160x 60	1.0063	0.1400	0.0600	20	0	 5	150	 200	200	     0
12/02/19 20:26:25	OT	MIRFAK         	 0.5424	 1.1234	 2405.7	 2369.4	 0.093432	 0.076991	 0.0356	 0.0347	 0.2000	 0.1746	 0.5054	 0.5794	PixelFly	L1.5-	160x 60	1.0063	0.1400	0.0600	20	0	 5	150	 200	200	     0
12/02/19 20:26:55	OT	MIRFAK         	 0.4848	 1.1240	 2448.3	 2370.2	 0.082681	 0.060273	 0.0324	 0.0361	 0.2153	 0.2023	 0.4695	 0.5001	PixelFly	L1.5-	160x 60	1.0063	0.1400	0.0600	20	0	 5	150	 200	200	     0
12/02/19 20:27:25	OT	MIRFAK         	 0.4870	 1.1246	 2423.4	 2337.3	 0.083941	 0.060337	 0.0378	 0.0390	 0.2134	 0.2023	 0.4737	 0.5003	PixelFly	L1.5-	160x 60	1.0063	0.1400	0.0600	20	0	 5	150	 200	200	     0
12/02/19 20:27:55	OT	MIRFAK         	 0.4145	 1.1252	 2399.2	 2369.0	 0.071265	 0.041550	 0.0331	 0.0333	 0.2355	 0.2531	 0.4292	 0.3998	PixelFly	L1.5-	160x 60	1.0063	0.1400	0.0600	20	0	 5	150	 200	200	     0
12/02/19 20:28:24	OT	MIRFAK         	 0.4100	 1.1257	 2450.8	 2319.5	 0.066250	 0.043214	 0.0482	 0.0364	 0.2461	 0.2472	 0.4107	 0.4092	PixelFly	L1.5-	160x 60	1.0063	0.1400	0.0600	20	0	 5	150	 200	200	     0
12/02/19 20:28:54	OT	MIRFAK         	 0.3950	 1.1263	 2427.2	 2396.3	 0.060157	 0.042067	 0.0417	 0.0431	 0.2609	 0.2514	 0.3875	 0.4025	PixelFly	L1.5-	160x 60	1.0063	0.1400	0.0600	20	0	 5	150	 200	200	     0
12/02/19 20:29:24	OT	MIRFAK         	 0.4009	 1.1269	 2454.6	 2370.0	 0.068073	 0.039017	 0.0461	 0.0398	 0.2423	 0.2630	 0.4172	 0.3847	PixelFly	L1.5-	160x 60	1.0063	0.1400	0.0600	20	0	 5	150	 200	200	     0
12/02/19 20:29:54	OT	MIRFAK         	 0.4851	 1.1275	 2445.6	 2361.1	 0.079059	 0.063284	 0.0393	 0.0552	 0.2216	 0.1969	 0.4562	 0.5140	PixelFly	L1.5-	160x 60	1.0063	0.1400	0.0600	20	0	 5	150	 200	200	     0
12/02/19 20:30:24	OT	MIRFAK         	 0.4017	 1.1281	 2436.6	 2396.5	 0.061213	 0.043853	 0.0392	 0.0402	 0.2584	 0.2454	 0.3912	 0.4123	PixelFly	L1.5-	160x 60	1.0063	0.1400	0.0600	20	0	 5	150	 200	200	     0
12/02/19 20:30:54	OT	MIRFAK         	 0.4304	 1.1287	 2449.2	 2356.7	 0.063447	 0.052889	 0.0326	 0.0310	 0.2530	 0.2194	 0.3995	 0.4612	PixelFly	L1.5-	160x 60	1.0063	0.1400	0.0600	20	0	 5	150	 200	200	     0
12/02/19 20:31:24	OT	MIRFAK         	 0.3824	 1.1294	 2393.5	 2382.9	 0.063082	 0.036114	 0.0324	 0.0326	 0.2540	 0.2759	 0.3980	 0.3667	PixelFly	L1.5-	160x 60	1.0063	0.1400	0.0600	20	0	 5	150	 200	200	     0
12/02/19 20:31:54	OT	MIRFAK         	 0.4623	 1.1300	 2435.9	 2353.0	 0.064504	 0.064936	 0.0410	 0.0375	 0.2507	 0.1941	 0.4033	 0.5213	PixelFly	L1.5-	160x 60	1.0063	0.1400	0.0600	20	0	 5	150	 200	200	    50
12/02/19 20:32:24	OT	MIRFAK         	 0.5402	 1.1306	 2400.7	 2319.0	 0.077406	 0.089222	 0.0355	 0.0372	 0.2248	 0.1605	 0.4497	 0.6306	PixelFly	L1.5-	160x 60	1.0063	0.1400	0.0600	20	0	 5	150	 200	200	    50
12/02/19 20:32:55	OT	MIRFAK         	 0.4802	 1.1312	 2451.1	 2320.0	 0.072697	 0.066304	 0.0400	 0.0371	 0.2335	 0.1918	 0.4330	 0.5275	PixelFly	L1.5-	160x 60	1.0063	0.1400	0.0600	20	0	 5	150	 200	199	     0
12/02/19 20:33:25	OT	MIRFAK         	 0.4433	 1.1319	 2403.3	 2352.2	 0.074353	 0.050503	 0.0369	 0.0405	 0.2304	 0.2259	 0.4387	 0.4479	PixelFly	L1.5-	160x 60	1.0063	0.1400	0.0600	20	0	 5	150	 200	200	     0
12/02/19 20:33:55	OT	MIRFAK         	 0.4361	 1.1325	 2390.9	 2359.5	 0.071235	 0.049957	 0.0317	 0.0429	 0.2365	 0.2275	 0.4274	 0.4448	PixelFly	L1.5-	160x 60	1.0063	0.1400	0.0600	20	0	 5	150	 200	200	     0
12/02/19 20:34:25	OT	MIRFAK         	 0.3794	 1.1331	 2438.6	 2332.7	 0.056799	 0.039414	 0.0294	 0.0312	 0.2710	 0.2623	 0.3730	 0.3857	PixelFly	L1.5-	160x 60	1.0063	0.1400	0.0600	20	0	 5	150	 200	200	     0
12/02/19 20:34:55	OT	MIRFAK         	 0.4239	 1.1338	 2444.5	 2450.4	 0.071240	 0.045566	 0.0364	 0.0408	 0.2366	 0.2405	 0.4272	 0.4206	PixelFly	L1.5-	160x 60	1.0063	0.1400	0.0600	20	0	 5	150	 200	200	     0
12/02/19 20:35:25	OT	MIRFAK         	 0.3478	 1.1344	 2412.5	 2349.9	 0.055309	 0.030239	 0.0286	 0.0291	 0.2756	 0.3077	 0.3669	 0.3288	PixelFly	L1.5-	160x 60	1.0063	0.1400	0.0600	20	0	 5	150	 200	200	     0
12/02/19 20:35:55	OT	MIRFAK         	 0.3995	 1.1351	 2427.7	 2349.2	 0.059137	 0.044997	 0.0268	 0.0263	 0.2648	 0.2425	 0.3817	 0.4172	PixelFly	L1.5-	160x 60	1.0063	0.1400	0.0600	20	0	 5	150	 200	200	     0
12/02/19 20:36:25	OT	MIRFAK         	 0.4112	 1.1357	 2457.8	 2357.0	 0.068894	 0.042696	 0.0263	 0.0266	 0.2417	 0.2504	 0.4182	 0.4041	PixelFly	L1.5-	160x 60	1.0063	0.1400	0.0600	20	0	 5	150	 200	200	     0
12/02/19 20:36:55	OT	MIRFAK         	 0.3908	 1.1364	 2480.0	 2421.0	 0.069903	 0.035203	 0.0280	 0.0275	 0.2397	 0.2812	 0.4218	 0.3598	PixelFly	L1.5-	160x 60	1.0063	0.1400	0.0600	20	0	 5	150	 200	200	     0
12/02/19 20:37:25	OT	MIRFAK         	 0.3881	 1.1370	 2463.3	 2341.3	 0.063876	 0.038047	 0.0327	 0.0293	 0.2531	 0.2685	 0.3994	 0.3769	PixelFly	L1.5-	160x 60	1.0063	0.1400	0.0600	20	0	 5	150	 200	200	     0
12/02/19 20:37:55	OT	MIRFAK         	 0.4365	 1.1377	 2480.6	 2363.3	 0.067902	 0.052862	 0.0286	 0.0302	 0.2441	 0.2205	 0.4142	 0.4589	PixelFly	L1.5-	160x 60	1.0063	0.1400	0.0600	20	0	 5	150	 200	200	     0
12/02/19 20:38:24	OT	MIRFAK         	 0.3232	 1.1384	 2448.2	 2371.8	 0.042734	 0.030964	 0.0283	 0.0239	 0.3223	 0.3040	 0.3136	 0.3328	PixelFly	L1.5-	160x 60	1.0063	0.1400	0.0600	20	0	 5	150	 200	200	     0
12/02/19 20:38:54	OT	MIRFAK         	 0.3658	 1.1390	 2383.3	 2378.3	 0.066882	 0.029244	 0.0354	 0.0263	 0.2465	 0.3147	 0.4102	 0.3215	PixelFly	L1.5-	160x 60	1.0063	0.1400	0.0600	20	0	 5	150	 200	200	    50
12/02/19 20:39:24	OT	MIRFAK         	 0.3890	 1.1397	 2376.9	 2285.7	 0.062419	 0.039455	 0.0331	 0.0420	 0.2570	 0.2631	 0.3934	 0.3846	PixelFly	L1.5-	160x 60	1.0063	0.1400	0.0600	20	0	 5	150	 200	200	     0
12/02/19 20:39:54	OT	MIRFAK         	 0.4067	 1.1404	 2405.4	 2369.2	 0.068581	 0.041690	 0.0382	 0.0422	 0.2430	 0.2546	 0.4161	 0.3974	PixelFly	L1.5-	160x 60	1.0063	0.1400	0.0600	20	0	 5	150	 200	200	     0
12/02/19 20:40:24	OT	MIRFAK         	 0.4266	 1.1411	 2422.1	 2387.2	 0.074837	 0.044814	 0.0335	 0.0401	 0.2306	 0.2439	 0.4383	 0.4149	PixelFly	L1.5-	160x 60	1.0063	0.1400	0.0600	20	0	 5	150	 200	200	     0
12/02/19 20:40:54	OT	MIRFAK         	 0.4003	 1.1418	 2404.7	 2348.1	 0.063764	 0.042645	 0.0359	 0.0436	 0.2540	 0.2513	 0.3980	 0.4026	PixelFly	L1.5-	160x 60	1.0063	0.1400	0.0600	20	0	 5	150	 200	200	     0
12/02/19 20:41:24	OT	MIRFAK         	 0.4016	 1.1424	 2387.1	 2384.0	 0.074845	 0.036280	 0.0373	 0.0431	 0.2308	 0.2770	 0.4380	 0.3652	PixelFly	L1.5-	160x 60	1.0063	0.1400	0.0600	20	0	 5	150	 200	200	     0
12/02/19 20:41:54	OT	MIRFAK         	 0.4210	 1.1431	 2394.1	 2307.5	 0.073012	 0.044149	 0.0329	 0.0302	 0.2343	 0.2463	 0.4314	 0.4107	PixelFly	L1.5-	160x 60	1.0063	0.1400	0.0600	20	0	 5	150	 200	200	     0
12/02/19 20:42:24	OT	MIRFAK         	 0.4468	 1.1438	 2400.0	 2374.0	 0.090760	 0.042675	 0.0317	 0.0362	 0.2057	 0.2515	 0.4914	 0.4023	PixelFly	L1.5-	160x 60	1.0063	0.1400	0.0600	20	0	 5	150	 200	200	    50
12/02/19 20:42:55	OT	MIRFAK         	 0.4021	 1.1446	 2391.8	 2351.6	 0.069351	 0.039909	 0.0312	 0.0296	 0.2419	 0.2619	 0.4179	 0.3863	PixelFly	L1.5-	160x 60	1.0063	0.1400	0.0600	20	0	 5	150	 200	199	     0
12/02/19 20:43:25	OT	MIRFAK         	 0.4213	 1.1453	 2392.3	 2384.2	 0.063273	 0.050973	 0.0349	 0.0349	 0.2556	 0.2262	 0.3954	 0.4472	PixelFly	L1.5-	160x 60	1.0063	0.1400	0.0600	20	0	 5	150	 200	200	     0
12/02/19 20:43:55	OT	MIRFAK         	 0.4476	 1.1460	 2386.3	 2369.9	 0.076722	 0.051819	 0.0322	 0.0344	 0.2278	 0.2241	 0.4437	 0.4515	PixelFly	L1.5-	160x 60	1.0063	0.1400	0.0600	20	0	 5	150	 200	200	     0
12/02/19 20:44:25	OT	MIRFAK         	 0.3945	 1.1467	 2473.6	 2356.2	 0.066667	 0.039140	 0.0377	 0.0340	 0.2479	 0.2653	 0.4077	 0.3814	PixelFly	L1.5-	160x 60	1.0063	0.1400	0.0600	20	0	 5	150	 200	200	     0
12/02/19 20:44:55	OT	MIRFAK         	 0.3599	 1.1474	 2349.3	 2360.6	 0.053325	 0.036123	 0.0333	 0.0293	 0.2836	 0.2785	 0.3565	 0.3633	PixelFly	L1.5-	160x 60	1.0063	0.1400	0.0600	20	0	 5	150	 200	200	     0
12/02/19 20:45:25	OT	MIRFAK         	 0.4235	 1.1482	 2391.7	 2352.2	 0.063383	 0.051976	 0.0312	 0.0262	 0.2558	 0.2240	 0.3952	 0.4518	PixelFly	L1.5-	160x 60	1.0063	0.1400	0.0600	20	0	 5	150	 200	200	     0
12/02/19 20:45:55	OT	MIRFAK         	 0.3851	 1.1489	 2402.8	 2303.3	 0.058552	 0.041295	 0.0342	 0.0314	 0.2683	 0.2572	 0.3767	 0.3934	PixelFly	L1.5-	160x 60	1.0063	0.1400	0.0600	20	0	 5	150	 200	200	     0
12/02/19 20:46:25	OT	MIRFAK         	 0.4396	 1.1496	 2371.8	 2370.6	 0.068919	 0.054410	 0.0355	 0.0449	 0.2434	 0.2181	 0.4153	 0.4640	PixelFly	L1.5-	160x 60	1.0063	0.1400	0.0600	20	0	 5	150	 200	200	     0
12/02/19 20:46:55	OT	MIRFAK         	 0.4041	 1.1504	 2428.3	 2368.0	 0.076169	 0.036880	 0.0515	 0.0561	 0.2293	 0.2755	 0.4408	 0.3673	PixelFly	L1.5-	160x 60	1.0063	0.1400	0.0600	20	0	 5	150	 200	200	    50
12/02/19 20:47:25	OT	MIRFAK         	 0.3878	 1.1511	 2378.2	 2282.9	 0.068046	 0.036305	 0.0414	 0.0334	 0.2455	 0.2782	 0.4118	 0.3637	PixelFly	L1.5-	160x 60	1.0063	0.1400	0.0600	20	0	 5	150	 200	200	     0
12/02/19 20:47:55	OT	MIRFAK         	 0.3805	 1.1518	 2416.4	 2326.1	 0.058140	 0.040184	 0.0359	 0.0351	 0.2699	 0.2618	 0.3746	 0.3864	PixelFly	L1.5-	160x 60	1.0063	0.1400	0.0600	20	0	 5	150	 200	200	     0
12/02/19 20:48:25	OT	MIRFAK         	 0.3939	 1.1526	 2431.8	 2350.2	 0.057575	 0.045377	 0.0475	 0.0422	 0.2716	 0.2435	 0.3722	 0.4155	PixelFly	L1.5-	160x 60	1.0063	0.1400	0.0600	20	0	 5	150	 200	200	     0
12/02/19 20:48:55	OT	MIRFAK         	 0.3991	 1.1533	 2433.8	 2330.8	 0.059953	 0.045674	 0.0365	 0.0396	 0.2652	 0.2427	 0.3812	 0.4169	PixelFly	L1.5-	160x 60	1.0063	0.1400	0.0600	20	0	 5	150	 200	200	     0
12/02/19 20:49:24	OT	MIRFAK         	 0.4379	 1.1541	 2443.3	 2340.9	 0.083443	 0.044639	 0.0325	 0.0379	 0.2175	 0.2461	 0.4647	 0.4111	PixelFly	L1.5-	160x 60	1.0063	0.1400	0.0600	20	0	 5	150	 200	200	     0
12/02/19 20:49:54	OT	MIRFAK         	 0.4467	 1.1548	 2314.9	 2321.9	 0.084254	 0.047442	 0.0463	 0.0474	 0.2164	 0.2374	 0.4672	 0.4262	PixelFly	L1.5-	160x 60	1.0063	0.1400	0.0600	20	0	 5	150	 200	200	     0
12/02/19 20:50:24	OT	MIRFAK         	 0.4331	 1.1556	 2374.8	 2331.6	 0.068841	 0.052433	 0.0528	 0.0571	 0.2443	 0.2236	 0.4137	 0.4524	PixelFly	L1.5-	160x 60	1.0063	0.1400	0.0600	20	0	 5	150	 200	200	     0
12/02/19 20:50:25	OT	MIRFAK         	 0.0000	 1.1556	    0.0	    0.0	-0.000000	-0.000000	    0.0	    0.0	    0.0	    0.0	 0.0000	 0.0000	PixelFly	L1.5-	160x 60	1.0063	0.1400	0.0600	20	0	 5	150	 200	  0	    31
12/02/19 21:09:14	OT	CAPELLA        	 0.5230	 1.0515	12712.7	12505.4	 0.094268	 0.059641	 0.0355	 0.0348	 0.1912	 0.1956	 0.5287	 0.5172	PixelFly	L1.5-	160x 60	1.0063	0.1400	0.0600	20	0	 5	150	 200	200	     0
12/02/19 21:09:44	OT	CAPELLA        	 0.4120	 1.0516	12653.4	12382.3	 0.066432	 0.038123	 0.0526	 0.0397	 0.2359	 0.2559	 0.4285	 0.3954	PixelFly	L1.5-	160x 60	1.0063	0.1400	0.0600	20	0	 5	150	 200	200	     0
12/02/19 21:10:14	OT	CAPELLA        	 0.3903	 1.0518	12678.2	12635.0	 0.064524	 0.032536	 0.0387	 0.0378	 0.2401	 0.2814	 0.4211	 0.3595	PixelFly	L1.5-	160x 60	1.0063	0.1400	0.0600	20	0	 5	150	 200	200	     0
12/02/19 21:10:44	OT	CAPELLA        	 0.3596	 1.0519	12687.8	12562.0	 0.056564	 0.028236	 0.0389	 0.0361	 0.2598	 0.3064	 0.3891	 0.3302	PixelFly	L1.5-	160x 60	1.0063	0.1400	0.0600	20	0	 5	150	 200	200	     0
12/02/19 21:11:14	OT	CAPELLA        	 0.3800	 1.0520	12870.3	12474.4	 0.053219	 0.036466	 0.0299	 0.0353	 0.2695	 0.2629	 0.3751	 0.3849	PixelFly	L1.5-	160x 60	1.0063	0.1400	0.0600	20	0	 5	150	 200	200	     0
12/02/19 21:11:43	OT	CAPELLA        	 0.3917	 1.0521	12902.2	12313.3	 0.058442	 0.036761	 0.0299	 0.0351	 0.2548	 0.2616	 0.3967	 0.3868	PixelFly	L1.5-	160x 60	1.0063	0.1400	0.0600	20	0	 5	150	 200	200	     0
12/02/19 21:12:13	OT	CAPELLA        	 0.4412	 1.0522	12932.1	12308.5	 0.073667	 0.043276	 0.0479	 0.0500	 0.2218	 0.2372	 0.4558	 0.4265	PixelFly	L1.5-	160x 60	1.0063	0.1400	0.0600	20	0	 5	150	 200	200	     0
12/02/19 21:12:43	OT	CAPELLA        	 0.4903	 1.0524	12605.6	12472.5	 0.086427	 0.052499	 0.0431	 0.0527	 0.2015	 0.2113	 0.5016	 0.4789	PixelFly	L1.5-	160x 60	1.0063	0.1400	0.0600	20	0	 5	150	 200	200	     0
12/02/19 21:13:15	OT	CAPELLA        	 0.4503	 1.0525	13264.8	12296.7	 0.080081	 0.042450	 0.0475	 0.0453	 0.2110	 0.2400	 0.4791	 0.4215	PixelFly	L1.5-	160x 60	1.0063	0.1400	0.0600	20	0	 5	150	 200	199	     0
12/02/19 21:13:45	OT	CAPELLA        	 0.4109	 1.0527	13095.3	12600.9	 0.070905	 0.035144	 0.0385	 0.0319	 0.2270	 0.2688	 0.4454	 0.3763	PixelFly	L1.5-	160x 60	1.0063	0.1400	0.0600	20	0	 5	150	 200	200	     0
12/02/19 21:14:14	OT	CAPELLA        	 0.3925	 1.0528	12808.3	12320.3	 0.055686	 0.038877	 0.0348	 0.0348	 0.2624	 0.2531	 0.3852	 0.3998	PixelFly	L1.5-	160x 60	1.0063	0.1400	0.0600	20	0	 5	150	 200	200	     0
12/02/19 21:14:44	OT	CAPELLA        	 0.3673	 1.0529	12922.9	12638.8	 0.063953	 0.026287	 0.0362	 0.0273	 0.2415	 0.3201	 0.4186	 0.3161	PixelFly	L1.5-	160x 60	1.0063	0.1400	0.0600	20	0	 5	150	 200	200	    50
12/02/19 21:15:14	OT	CAPELLA        	 0.4153	 1.0531	12918.0	12202.5	 0.082358	 0.030200	 0.0460	 0.0479	 0.2075	 0.2945	 0.4871	 0.3435	PixelFly	L1.5-	160x 60	1.0063	0.1400	0.0600	20	0	 5	150	 200	200	    50
12/02/19 21:15:44	OT	CAPELLA        	 0.4861	 1.0532	12786.3	11960.1	 0.073888	 0.059469	 0.0361	 0.0390	 0.2215	 0.1961	 0.4564	 0.5158	PixelFly	L1.5-	160x 60	1.0063	0.1400	0.0600	20	0	 5	150	 200	200	     0
12/02/19 21:16:14	OT	CAPELLA        	 0.4936	 1.0534	12726.5	12584.2	 0.099485	 0.045914	 0.0352	 0.0392	 0.1853	 0.2291	 0.5455	 0.4416	PixelFly	L1.5-	160x 60	1.0063	0.1400	0.0600	20	0	 5	150	 200	200	    50
12/02/19 21:16:44	OT	CAPELLA        	 0.4672	 1.0535	12861.0	12473.1	 0.071037	 0.054374	 0.0320	 0.0275	 0.2268	 0.2070	 0.4456	 0.4888	PixelFly	L1.5-	160x 60	1.0063	0.1400	0.0600	20	0	 5	150	 200	200	     0
12/02/19 21:17:14	OT	CAPELLA        	 0.4457	 1.0537	12913.6	12498.0	 0.066369	 0.049799	 0.0198	 0.0184	 0.2363	 0.2182	 0.4278	 0.4636	PixelFly	L1.5-	160x 60	1.0063	0.1400	0.0600	20	0	 5	150	 200	200	     0
12/02/19 21:17:44	OT	CAPELLA        	 0.3841	 1.0539	13005.4	12279.2	 0.057741	 0.034920	 0.0183	 0.0176	 0.2569	 0.2701	 0.3935	 0.3746	PixelFly	L1.5-	160x 60	1.0063	0.1400	0.0600	20	0	 5	150	 200	200	     0
12/02/19 21:18:14	OT	CAPELLA        	 0.4076	 1.0540	12659.7	12288.8	 0.050732	 0.047612	 0.0212	 0.0193	 0.2777	 0.2242	 0.3640	 0.4512	PixelFly	L1.5-	160x 60	1.0063	0.1400	0.0600	20	0	 5	150	 200	200	     0
12/02/19 21:18:44	OT	CAPELLA        	 0.4403	 1.0542	12823.4	12402.1	 0.062578	 0.050587	 0.0204	 0.0195	 0.2449	 0.2163	 0.4128	 0.4679	PixelFly	L1.5-	160x 60	1.0063	0.1400	0.0600	20	0	 5	150	 200	200	     0
12/02/19 21:19:14	OT	CAPELLA        	 0.4594	 1.0544	12670.1	12300.7	 0.072001	 0.050943	 0.0220	 0.0244	 0.2251	 0.2154	 0.4490	 0.4698	PixelFly	L1.5-	160x 60	1.0063	0.1400	0.0600	20	0	 5	150	 200	200	     0
12/02/19 21:19:44	OT	CAPELLA        	 0.4468	 1.0546	13051.2	12151.7	 0.079135	 0.042006	 0.0216	 0.0202	 0.2127	 0.2418	 0.4752	 0.4184	PixelFly	L1.5-	160x 60	1.0063	0.1400	0.0600	20	0	 5	150	 200	200	     0
12/02/19 21:20:14	OT	CAPELLA        	 0.3920	 1.0547	12774.2	12277.4	 0.061391	 0.035160	 0.0173	 0.0148	 0.2478	 0.2691	 0.4080	 0.3760	PixelFly	L1.5-	160x 60	1.0063	0.1400	0.0600	20	0	 5	150	 200	200	     0
12/02/19 21:20:44	OT	CAPELLA        	 0.4558	 1.0549	12851.3	12532.8	 0.067873	 0.052529	 0.0252	 0.0210	 0.2333	 0.2115	 0.4333	 0.4784	PixelFly	L1.5-	160x 60	1.0063	0.1400	0.0600	20	0	 5	150	 200	200	     0
12/02/19 21:21:14	OT	CAPELLA        	 0.4078	 1.0551	12903.7	12471.7	 0.052662	 0.046310	 0.0219	 0.0208	 0.2717	 0.2281	 0.3720	 0.4435	PixelFly	L1.5-	160x 60	1.0063	0.1400	0.0600	20	0	 5	150	 200	200	     0
12/02/19 21:21:44	OT	CAPELLA        	 0.3714	 1.0553	12767.0	12570.0	 0.055321	 0.032669	 0.0275	 0.0292	 0.2638	 0.2813	 0.3832	 0.3597	PixelFly	L1.5-	160x 60	1.0063	0.1400	0.0600	20	0	 5	150	 200	200	     0
12/02/19 21:22:13	OT	CAPELLA        	 0.4255	 1.0555	12909.5	12303.3	 0.067999	 0.041873	 0.0314	 0.0313	 0.2331	 0.2424	 0.4336	 0.4174	PixelFly	L1.5-	160x 60	1.0063	0.1400	0.0600	20	0	 5	150	 200	200	     0
12/02/19 21:22:43	OT	CAPELLA        	 0.4007	 1.0557	12780.8	12563.8	 0.060868	 0.038307	 0.0225	 0.0184	 0.2492	 0.2557	 0.4057	 0.3956	PixelFly	L1.5-	160x 60	1.0063	0.1400	0.0600	20	0	 5	150	 200	200	     0
12/02/19 21:23:15	OT	CAPELLA        	 0.3565	 1.0559	12791.4	12342.9	 0.047628	 0.033171	 0.0236	 0.0244	 0.2887	 0.2788	 0.3501	 0.3629	PixelFly	L1.5-	160x 60	1.0063	0.1400	0.0600	20	0	 5	150	 200	199	     0
12/02/19 21:23:45	OT	CAPELLA        	 0.4100	 1.0561	12821.5	12409.2	 0.061053	 0.041276	 0.0225	 0.0210	 0.2488	 0.2446	 0.4063	 0.4137	PixelFly	L1.5-	160x 60	1.0063	0.1400	0.0600	20	0	 5	150	 200	200	     0
12/02/19 21:24:15	OT	CAPELLA        	 0.4570	 1.0563	12702.2	12659.8	 0.083189	 0.043164	 0.0263	 0.0351	 0.2067	 0.2381	 0.4892	 0.4249	PixelFly	L1.5-	160x 60	1.0063	0.1400	0.0600	20	0	 5	150	 200	200	     0
12/02/19 21:24:45	OT	CAPELLA        	 0.3984	 1.0565	12849.7	12354.0	 0.063693	 0.035873	 0.0285	 0.0298	 0.2426	 0.2661	 0.4167	 0.3802	PixelFly	L1.5-	160x 60	1.0063	0.1400	0.0600	20	0	 5	150	 200	200	     0
12/02/19 21:25:14	OT	CAPELLA        	 0.4999	 1.0567	12653.1	12446.1	 0.075991	 0.063741	 0.0293	 0.0304	 0.2182	 0.1885	 0.4632	 0.5367	PixelFly	L1.5-	160x 60	1.0063	0.1400	0.0600	20	0	 5	150	 200	200	     0
12/02/19 21:25:44	OT	CAPELLA        	 0.4348	 1.0569	12828.3	12517.4	 0.062818	 0.048687	 0.0202	 0.0239	 0.2447	 0.2216	 0.4131	 0.4565	PixelFly	L1.5-	160x 60	1.0063	0.1400	0.0600	20	0	 5	150	 200	200	     0
12/02/19 21:26:14	OT	CAPELLA        	 0.3667	 1.0571	12805.6	12521.4	 0.051149	 0.034019	 0.0178	 0.0186	 0.2768	 0.2748	 0.3652	 0.3681	PixelFly	L1.5-	160x 60	1.0063	0.1400	0.0600	20	0	 5	150	 200	200	     0
12/02/19 21:26:44	OT	CAPELLA        	 0.3455	 1.0574	12769.5	12361.8	 0.050815	 0.027959	 0.0174	 0.0164	 0.2779	 0.3092	 0.3637	 0.3272	PixelFly	L1.5-	160x 60	1.0063	0.1400	0.0600	20	0	 5	150	 200	200	     0
12/02/19 21:27:14	OT	CAPELLA        	 0.4292	 1.0576	12783.9	12435.8	 0.071643	 0.040979	 0.0149	 0.0121	 0.2262	 0.2459	 0.4469	 0.4115	PixelFly	L1.5-	160x 60	1.0063	0.1400	0.0600	20	0	 5	150	 200	200	     0
12/02/19 21:27:44	OT	CAPELLA        	 0.3139	 1.0578	13023.9	12338.2	 0.041449	 0.025009	 0.0170	 0.0158	 0.3142	 0.3307	 0.3218	 0.3060	PixelFly	L1.5-	160x 60	1.0063	0.1400	0.0600	20	0	 5	150	 200	200	     0
12/02/19 21:28:14	OT	CAPELLA        	 0.4415	 1.0581	12838.5	12344.6	 0.069349	 0.046693	 0.0183	 0.0201	 0.2307	 0.2274	 0.4381	 0.4449	PixelFly	L1.5-	160x 60	1.0063	0.1400	0.0600	20	0	 5	150	 200	200	     0
12/02/19 21:28:44	OT	CAPELLA        	 0.4349	 1.0583	12762.0	12276.3	 0.065265	 0.047150	 0.0302	 0.0245	 0.2393	 0.2261	 0.4224	 0.4475	PixelFly	L1.5-	160x 60	1.0063	0.1400	0.0600	20	0	 5	150	 200	200	     0
12/02/19 21:29:14	OT	CAPELLA        	 0.4614	 1.0585	12840.1	12109.1	 0.086732	 0.042748	 0.0277	 0.0279	 0.2018	 0.2398	 0.5009	 0.4219	PixelFly	L1.5-	160x 60	1.0063	0.1400	0.0600	20	0	 5	150	 200	200	     0
12/02/19 21:29:44	OT	CAPELLA        	 0.4292	 1.0588	12801.3	12396.9	 0.066676	 0.044241	 0.0272	 0.0270	 0.2363	 0.2350	 0.4277	 0.4306	PixelFly	L1.5-	160x 60	1.0063	0.1400	0.0600	20	0	 5	150	 200	200	     0
12/02/19 21:30:14	OT	CAPELLA        	 0.3678	 1.0590	12633.2	12178.0	 0.051785	 0.034062	 0.0265	 0.0219	 0.2751	 0.2749	 0.3675	 0.3680	PixelFly	L1.5-	160x 60	1.0063	0.1400	0.0600	20	0	 5	150	 200	200	     0
12/02/19 21:30:44	OT	CAPELLA        	 0.3749	 1.0593	12829.9	12266.5	 0.064710	 0.028386	 0.0329	 0.0271	 0.2407	 0.3068	 0.4200	 0.3298	PixelFly	L1.5-	160x 60	1.0063	0.1400	0.0600	20	0	 5	150	 200	200	    50
12/02/19 21:31:14	OT	CAPELLA        	 0.3746	 1.0595	12861.0	12243.0	 0.055719	 0.033663	 0.0206	 0.0255	 0.2633	 0.2770	 0.3839	 0.3653	PixelFly	L1.5-	160x 60	1.0063	0.1400	0.0600	20	0	 5	150	 200	200	     0
12/02/19 21:31:44	OT	CAPELLA        	 0.4022	 1.0598	12916.9	12506.1	 0.062889	 0.037802	 0.0243	 0.0209	 0.2449	 0.2584	 0.4128	 0.3916	PixelFly	L1.5-	160x 60	1.0063	0.1400	0.0600	20	0	 5	150	 200	200	     0
12/02/19 21:32:14	OT	CAPELLA        	 0.4139	 1.0600	12648.4	12475.1	 0.063858	 0.041039	 0.0228	 0.0227	 0.2427	 0.2460	 0.4165	 0.4113	PixelFly	L1.5-	160x 60	1.0063	0.1400	0.0600	20	0	 5	150	 200	200	     0
12/02/19 21:32:44	OT	CAPELLA        	 0.4204	 1.0603	12747.9	12212.0	 0.073642	 0.037102	 0.0213	 0.0260	 0.2228	 0.2614	 0.4536	 0.3871	PixelFly	L1.5-	160x 60	1.0063	0.1400	0.0600	20	0	 5	150	 200	200	     0
12/02/19 21:33:15	OT	CAPELLA        	 0.4298	 1.0606	12550.7	12386.1	 0.076754	 0.038318	 0.0227	 0.0257	 0.2174	 0.2564	 0.4650	 0.3946	PixelFly	L1.5-	160x 60	1.0063	0.1400	0.0600	20	0	 5	150	 200	199	     0
12/02/19 21:33:45	OT	CAPELLA        	 0.4500	 1.0609	12741.7	12270.0	 0.062808	 0.054580	 0.0199	 0.0203	 0.2452	 0.2074	 0.4122	 0.4878	PixelFly	L1.5-	160x 60	1.0063	0.1400	0.0600	20	0	 5	150	 200	200	     0
12/02/19 21:34:15	OT	CAPELLA        	 0.4311	 1.0611	12844.2	12288.6	 0.074429	 0.040174	 0.0229	 0.0181	 0.2215	 0.2493	 0.4563	 0.4058	PixelFly	L1.5-	160x 60	1.0063	0.1400	0.0600	20	0	 5	150	 200	200	     0
12/02/19 21:34:45	OT	CAPELLA        	 0.4132	 1.0614	12966.0	12314.9	 0.061296	 0.042619	 0.0195	 0.0211	 0.2489	 0.2407	 0.4061	 0.4204	PixelFly	L1.5-	160x 60	1.0063	0.1400	0.0600	20	0	 5	150	 200	200	     0
12/02/19 21:35:15	OT	CAPELLA        	 0.4318	 1.0617	12795.6	12666.9	 0.061190	 0.049154	 0.0221	 0.0215	 0.2492	 0.2210	 0.4056	 0.4579	PixelFly	L1.5-	160x 60	1.0063	0.1400	0.0600	20	0	 5	150	 200	200	     0
12/02/19 21:35:45	OT	CAPELLA        	 0.4856	 1.0620	12759.4	12445.5	 0.076613	 0.058283	 0.0194	 0.0209	 0.2178	 0.1995	 0.4641	 0.5071	PixelFly	L1.5-	160x 60	1.0063	0.1400	0.0600	20	0	 5	150	 200	200	     0
12/02/19 21:36:15	OT	CAPELLA        	 0.4043	 1.0623	12842.1	12282.2	 0.061403	 0.039648	 0.0220	 0.0195	 0.2488	 0.2514	 0.4063	 0.4024	PixelFly	L1.5-	160x 60	1.0063	0.1400	0.0600	20	0	 5	150	 200	200	     0
12/02/19 21:36:45	OT	CAPELLA        	 0.4918	 1.0625	12859.5	12326.9	 0.085981	 0.054410	 0.0186	 0.0245	 0.2033	 0.2080	 0.4972	 0.4865	PixelFly	L1.5-	160x 60	1.0063	0.1400	0.0600	20	0	 5	150	 200	200	     0
12/02/19 21:37:14	OT	CAPELLA        	 0.4740	 1.0628	12924.9	12455.4	 0.079695	 0.051927	 0.0254	 0.0201	 0.2128	 0.2139	 0.4750	 0.4729	PixelFly	L1.5-	160x 60	1.0063	0.1400	0.0600	20	0	 5	150	 200	200	     0
12/02/19 21:37:44	OT	CAPELLA        	 0.4790	 1.0631	12857.3	12631.0	 0.086244	 0.049602	 0.0227	 0.0221	 0.2030	 0.2199	 0.4979	 0.4600	PixelFly	L1.5-	160x 60	1.0063	0.1400	0.0600	20	0	 5	150	 200	200	     0
12/02/19 21:38:14	OT	CAPELLA        	 0.4920	 1.0634	12751.6	12284.8	 0.094571	 0.049209	 0.0212	 0.0224	 0.1921	 0.2210	 0.5261	 0.4578	PixelFly	L1.5-	160x 60	1.0063	0.1400	0.0600	20	0	 5	150	 200	200	     0
12/02/19 21:38:44	OT	CAPELLA        	 0.4267	 1.0637	12582.6	12399.6	 0.074204	 0.039095	 0.0251	 0.0217	 0.2223	 0.2538	 0.4548	 0.3987	PixelFly	L1.5-	160x 60	1.0063	0.1400	0.0600	20	0	 5	150	 200	200	     0
12/02/19 21:39:14	OT	CAPELLA        	 0.4168	 1.0640	12624.3	12532.4	 0.053205	 0.049854	 0.0252	 0.0274	 0.2714	 0.2194	 0.3725	 0.4612	PixelFly	L1.5-	160x 60	1.0063	0.1400	0.0600	20	0	 5	150	 200	200	     0
12/02/19 21:39:44	OT	CAPELLA        	 0.4359	 1.0644	12674.8	12648.3	 0.072358	 0.043323	 0.0212	 0.0219	 0.2257	 0.2387	 0.4478	 0.4239	PixelFly	L1.5-	160x 60	1.0063	0.1400	0.0600	20	0	 5	150	 200	200	     0
12/02/19 21:40:14	OT	CAPELLA        	 0.4361	 1.0647	12532.0	12296.5	 0.071939	 0.043710	 0.0215	 0.0226	 0.2266	 0.2375	 0.4462	 0.4261	PixelFly	L1.5-	160x 60	1.0063	0.1400	0.0600	20	0	 5	150	 200	200	     0
12/02/19 21:40:44	OT	CAPELLA        	 0.4732	 1.0650	12918.8	12491.9	 0.071592	 0.057397	 0.0174	 0.0158	 0.2272	 0.2017	 0.4448	 0.5016	PixelFly	L1.5-	160x 60	1.0063	0.1400	0.0600	20	0	 5	150	 200	200	     0
12/02/19 21:41:14	OT	CAPELLA        	 0.3783	 1.0653	12963.9	12435.8	 0.056636	 0.034604	 0.0181	 0.0161	 0.2616	 0.2733	 0.3864	 0.3702	PixelFly	L1.5-	160x 60	1.0063	0.1400	0.0600	20	0	 5	150	 200	200	     0
12/02/19 21:41:44	OT	CAPELLA        	 0.3911	 1.0656	12802.8	12291.3	 0.059140	 0.037059	 0.0209	 0.0171	 0.2549	 0.2623	 0.3965	 0.3857	PixelFly	L1.5-	160x 60	1.0063	0.1400	0.0600	20	0	 5	150	 200	200	     0
12/02/19 21:42:14	OT	CAPELLA        	 0.3673	 1.0660	12785.3	12639.3	 0.046073	 0.038299	 0.0145	 0.0129	 0.2962	 0.2573	 0.3413	 0.3933	PixelFly	L1.5-	160x 60	1.0063	0.1400	0.0600	20	0	 5	150	 200	200	     0
12/02/19 21:42:44	OT	CAPELLA        	 0.4313	 1.0663	12788.7	12349.0	 0.076731	 0.039263	 0.0190	 0.0179	 0.2182	 0.2535	 0.4634	 0.3991	PixelFly	L1.5-	160x 60	1.0063	0.1400	0.0600	20	0	 5	150	 200	200	     0
12/02/19 21:43:15	OT	CAPELLA        	 0.3924	 1.0666	12835.7	12551.3	 0.061348	 0.036135	 0.0160	 0.0201	 0.2495	 0.2665	 0.4051	 0.3797	PixelFly	L1.5-	160x 60	1.0063	0.1400	0.0600	20	0	 5	150	 200	199	     0
12/02/19 21:43:45	OT	CAPELLA        	 0.4572	 1.0670	12984.7	12300.9	 0.063452	 0.057393	 0.0183	 0.0243	 0.2446	 0.2019	 0.4133	 0.5010	PixelFly	L1.5-	160x 60	1.0063	0.1400	0.0600	20	0	 5	150	 200	200	     0
12/02/19 21:44:15	OT	CAPELLA        	 0.4321	 1.0673	12695.4	12508.8	 0.063972	 0.047800	 0.0179	 0.0185	 0.2434	 0.2254	 0.4152	 0.4489	PixelFly	L1.5-	160x 60	1.0063	0.1400	0.0600	20	0	 5	150	 200	200	     0
12/02/19 21:44:45	OT	CAPELLA        	 0.4211	 1.0677	12839.8	12701.1	 0.068227	 0.041228	 0.0223	 0.0186	 0.2343	 0.2464	 0.4315	 0.4107	PixelFly	L1.5-	160x 60	1.0063	0.1400	0.0600	20	0	 5	150	 200	200	     0
12/02/19 21:45:15	OT	CAPELLA        	 0.3581	 1.0680	12694.8	12276.1	 0.052268	 0.031376	 0.0233	 0.0212	 0.2749	 0.2903	 0.3677	 0.3486	PixelFly	L1.5-	160x 60	1.0063	0.1400	0.0600	20	0	 5	150	 200	200	     0
12/02/19 21:45:45	OT	CAPELLA        	 0.4139	 1.0684	12810.9	12448.3	 0.065152	 0.040845	 0.0215	 0.0202	 0.2409	 0.2479	 0.4196	 0.4082	PixelFly	L1.5-	160x 60	1.0063	0.1400	0.0600	20	0	 5	150	 200	200	     0
12/02/19 21:46:15	OT	CAPELLA        	 0.3887	 1.0687	12927.5	12283.8	 0.052958	 0.040651	 0.0184	 0.0170	 0.2729	 0.2486	 0.3704	 0.4070	PixelFly	L1.5-	160x 60	1.0063	0.1400	0.0600	20	0	 5	150	 200	200	     0
12/02/19 21:46:45	OT	CAPELLA        	 0.3584	 1.0691	12914.0	12200.0	 0.047602	 0.034584	 0.0174	 0.0171	 0.2910	 0.2740	 0.3474	 0.3693	PixelFly	L1.5-	160x 60	1.0063	0.1400	0.0600	20	0	 5	150	 200	200	     0
12/02/19 21:47:14	OT	CAPELLA        	 0.4036	 1.0694	12709.2	12480.5	 0.065771	 0.037148	 0.0170	 0.0182	 0.2397	 0.2625	 0.4217	 0.3854	PixelFly	L1.5-	160x 60	1.0063	0.1400	0.0600	20	0	 5	150	 200	200	     0
12/02/19 21:47:44	OT	CAPELLA        	 0.4165	 1.0698	13212.0	12416.1	 0.072723	 0.037124	 0.0198	 0.0152	 0.2257	 0.2627	 0.4478	 0.3852	PixelFly	L1.5-	160x 60	1.0063	0.1400	0.0600	20	0	 5	150	 200	200	     0
12/02/19 21:48:14	OT	CAPELLA        	 0.3973	 1.0702	12762.2	12370.9	 0.059790	 0.038980	 0.0216	 0.0183	 0.2539	 0.2552	 0.3981	 0.3965	PixelFly	L1.5-	160x 60	1.0063	0.1400	0.0600	20	0	 5	150	 200	200	     0
12/02/19 21:48:44	OT	CAPELLA        	 0.4440	 1.0705	12651.5	12648.9	 0.070351	 0.047983	 0.0158	 0.0218	 0.2304	 0.2253	 0.4388	 0.4491	PixelFly	L1.5-	160x 60	1.0063	0.1400	0.0600	20	0	 5	150	 200	200	     0
12/02/19 21:49:14	OT	CAPELLA        	 0.4227	 1.0709	12854.9	12458.2	 0.072605	 0.039300	 0.0206	 0.0180	 0.2261	 0.2540	 0.4471	 0.3983	PixelFly	L1.5-	160x 60	1.0063	0.1400	0.0600	20	0	 5	150	 200	200	     0
12/02/19 21:49:44	OT	CAPELLA        	 0.3993	 1.0713	12537.6	12277.9	 0.056539	 0.041903	 0.0203	 0.0230	 0.2628	 0.2445	 0.3847	 0.4139	PixelFly	L1.5-	160x 60	1.0063	0.1400	0.0600	20	0	 5	150	 200	200	     0
12/02/19 21:50:14	OT	CAPELLA        	 0.4487	 1.0717	12789.2	12309.5	 0.065300	 0.053288	 0.0248	 0.0196	 0.2411	 0.2117	 0.4194	 0.4780	PixelFly	L1.5-	160x 60	1.0063	0.1400	0.0600	20	0	 5	150	 200	200	     0
12/02/19 21:50:44	OT	CAPELLA        	 0.5073	 1.0721	12762.6	12392.5	 0.089045	 0.059295	 0.0382	 0.0337	 0.2002	 0.1986	 0.5050	 0.5095	PixelFly	L1.5-	160x 60	1.0063	0.1400	0.0600	20	0	 5	150	 200	200	     0
12/02/19 21:51:14	OT	CAPELLA        	 0.4539	 1.0725	12819.7	12450.3	 0.068887	 0.052777	 0.0260	 0.0279	 0.2335	 0.2130	 0.4328	 0.4750	PixelFly	L1.5-	160x 60	1.0063	0.1400	0.0600	20	0	 5	150	 200	200	     0
12/02/19 21:51:44	OT	CAPELLA        	 0.4127	 1.0728	12739.7	12511.0	 0.069978	 0.037773	 0.0262	 0.0255	 0.2314	 0.2604	 0.4368	 0.3885	PixelFly	L1.5-	160x 60	1.0063	0.1400	0.0600	20	0	 5	150	 200	200	     0
12/02/19 21:52:14	OT	CAPELLA        	 0.4776	 1.0732	12657.3	12737.7	 0.080838	 0.053565	 0.0288	 0.0300	 0.2123	 0.2112	 0.4762	 0.4790	PixelFly	L1.5-	160x 60	1.0063	0.1400	0.0600	20	0	 5	150	 200	200	     0
12/02/19 21:52:44	OT	CAPELLA        	 0.5042	 1.0736	12701.6	12242.6	 0.086876	 0.059713	 0.0296	 0.0277	 0.2033	 0.1979	 0.4972	 0.5112	PixelFly	L1.5-	160x 60	1.0063	0.1400	0.0600	20	0	 5	150	 200	200	     0
12/02/19 21:53:15	OT	CAPELLA        	 0.5185	 1.0741	12842.2	12262.5	 0.103691	 0.054572	 0.0247	 0.0255	 0.1829	 0.2090	 0.5527	 0.4842	PixelFly	L1.5-	160x 60	1.0063	0.1400	0.0600	20	0	 5	150	 200	199	     0
12/02/19 21:53:45	OT	CAPELLA        	 0.5336	 1.0745	12861.9	12484.0	 0.104857	 0.059698	 0.0264	 0.0270	 0.1817	 0.1981	 0.5563	 0.5109	PixelFly	L1.5-	160x 60	1.0063	0.1400	0.0600	20	0	 5	150	 200	200	     0
12/02/19 21:54:15	OT	CAPELLA        	 0.4742	 1.0749	12688.5	12361.8	 0.084275	 0.050228	 0.0307	 0.0300	 0.2072	 0.2197	 0.4878	 0.4605	PixelFly	L1.5-	160x 60	1.0063	0.1400	0.0600	20	0	 5	150	 200	200	     0
12/02/19 21:54:45	OT	CAPELLA        	 0.4514	 1.0753	12870.3	12429.0	 0.076641	 0.046954	 0.0267	 0.0234	 0.2194	 0.2289	 0.4607	 0.4421	PixelFly	L1.5-	160x 60	1.0063	0.1400	0.0600	20	0	 5	150	 200	200	     0
12/02/19 21:55:15	OT	CAPELLA        	 0.4230	 1.0757	12917.3	12420.5	 0.076051	 0.037715	 0.0313	 0.0250	 0.2205	 0.2611	 0.4585	 0.3876	PixelFly	L1.5-	160x 60	1.0063	0.1400	0.0600	20	0	 5	150	 200	200	     0
12/02/19 21:55:45	OT	CAPELLA        	 0.4337	 1.0761	12839.5	12455.5	 0.066708	 0.047288	 0.0253	 0.0281	 0.2386	 0.2280	 0.4237	 0.4438	PixelFly	L1.5-	160x 60	1.0063	0.1400	0.0600	20	0	 5	150	 200	200	     0
12/02/19 21:56:15	OT	CAPELLA        	 0.4387	 1.0766	12974.6	12366.5	 0.065278	 0.050093	 0.0240	 0.0305	 0.2418	 0.2203	 0.4181	 0.4593	PixelFly	L1.5-	160x 60	1.0063	0.1400	0.0600	20	0	 5	150	 200	200	     0
12/02/19 21:56:45	OT	CAPELLA        	 0.4331	 1.0770	12821.2	12399.2	 0.076852	 0.040667	 0.0237	 0.0229	 0.2193	 0.2497	 0.4610	 0.4052	PixelFly	L1.5-	160x 60	1.0063	0.1400	0.0600	20	0	 5	150	 200	200	     0
12/02/19 21:57:14	OT	CAPELLA        	 0.4567	 1.0774	12850.8	12442.9	 0.061334	 0.059844	 0.0309	 0.0267	 0.2511	 0.1981	 0.4026	 0.5108	PixelFly	L1.5-	160x 60	1.0063	0.1400	0.0600	20	0	 5	150	 200	200	    50
12/02/19 21:57:44	OT	CAPELLA        	 0.3982	 1.0779	12730.3	12364.5	 0.065148	 0.036419	 0.0270	 0.0254	 0.2422	 0.2669	 0.4173	 0.3791	PixelFly	L1.5-	160x 60	1.0063	0.1400	0.0600	20	0	 5	150	 200	200	     0
12/02/19 21:58:14	OT	CAPELLA        	 0.3800	 1.0783	13175.7	12385.8	 0.063657	 0.031670	 0.0278	 0.0301	 0.2457	 0.2903	 0.4115	 0.3485	PixelFly	L1.5-	160x 60	1.0063	0.1400	0.0600	20	0	 5	150	 200	200	     0
12/02/19 21:58:44	OT	CAPELLA        	 0.4323	 1.0787	12816.3	12321.9	 0.070674	 0.044363	 0.0271	 0.0249	 0.2308	 0.2372	 0.4380	 0.4265	PixelFly	L1.5-	160x 60	1.0063	0.1400	0.0600	20	0	 5	150	 200	200	     0
12/02/19 21:59:14	OT	CAPELLA        	 0.4170	 1.0792	12506.6	12375.5	 0.067468	 0.041236	 0.0246	 0.0243	 0.2374	 0.2479	 0.4259	 0.4081	PixelFly	L1.5-	160x 60	1.0063	0.1400	0.0600	20	0	 5	150	 200	200	     0
12/02/19 21:59:44	OT	CAPELLA        	 0.3636	 1.0796	12913.7	12387.7	 0.064351	 0.026547	 0.0260	 0.0227	 0.2443	 0.3230	 0.4138	 0.3133	PixelFly	L1.5-	160x 60	1.0063	0.1400	0.0600	20	0	 5	150	 200	200	    50
12/02/19 22:00:14	OT	CAPELLA        	 0.3727	 1.0801	12648.1	12574.5	 0.062613	 0.030206	 0.0296	 0.0254	 0.2484	 0.2990	 0.4070	 0.3384	PixelFly	L1.5-	160x 60	1.0063	0.1400	0.0600	20	0	 5	150	 200	200	    50
12/02/19 22:00:44	OT	CAPELLA        	 0.3737	 1.0806	12529.4	12304.1	 0.051047	 0.037847	 0.0243	 0.0243	 0.2808	 0.2612	 0.3600	 0.3873	PixelFly	L1.5-	160x 60	1.0063	0.1400	0.0600	20	0	 5	150	 200	200	     0
12/02/19 22:01:14	OT	CAPELLA        	 0.3358	 1.0810	12912.4	12344.1	 0.049611	 0.027238	 0.0245	 0.0196	 0.2857	 0.3183	 0.3538	 0.3179	PixelFly	L1.5-	160x 60	1.0063	0.1400	0.0600	20	0	 5	150	 200	200	     0
12/02/19 22:01:44	OT	CAPELLA        	 0.4072	 1.0815	12863.4	12421.9	 0.062429	 0.041375	 0.0213	 0.0189	 0.2490	 0.2477	 0.4060	 0.4084	PixelFly	L1.5-	160x 60	1.0063	0.1400	0.0600	20	0	 5	150	 200	200	     0
12/02/19 22:02:14	OT	CAPELLA        	 0.3991	 1.0820	12744.0	12452.8	 0.063534	 0.037999	 0.0208	 0.0190	 0.2465	 0.2608	 0.4102	 0.3880	PixelFly	L1.5-	160x 60	1.0063	0.1400	0.0600	20	0	 5	150	 200	200	     0
12/02/19 22:02:44	OT	CAPELLA        	 0.3730	 1.0824	12904.1	12538.5	 0.057492	 0.033531	 0.0192	 0.0189	 0.2618	 0.2812	 0.3862	 0.3598	PixelFly	L1.5-	160x 60	1.0063	0.1400	0.0600	20	0	 5	150	 200	200	     0
12/02/19 22:03:15	OT	CAPELLA        	 0.3751	 1.0829	12935.0	12408.3	 0.056618	 0.034787	 0.0213	 0.0193	 0.2642	 0.2751	 0.3826	 0.3677	PixelFly	L1.5-	160x 60	1.0063	0.1400	0.0600	20	0	 5	150	 200	199	     0
12/02/19 22:03:45	OT	CAPELLA        	 0.3205	 1.0834	12828.5	12376.5	 0.049178	 0.023374	 0.0171	 0.0169	 0.2876	 0.3494	 0.3514	 0.2896	PixelFly	L1.5-	160x 60	1.0063	0.1400	0.0600	20	0	 5	150	 200	200	    50
12/02/19 22:04:15	OT	CAPELLA        	 0.3667	 1.0839	12722.1	12360.6	 0.064509	 0.027593	 0.0226	 0.0201	 0.2445	 0.3163	 0.4135	 0.3198	PixelFly	L1.5-	160x 60	1.0063	0.1400	0.0600	20	0	 5	150	 200	200	    50
12/02/19 22:04:45	OT	CAPELLA        	 0.3535	 1.0844	13080.7	12145.2	 0.050204	 0.032298	 0.0225	 0.0224	 0.2842	 0.2879	 0.3556	 0.3514	PixelFly	L1.5-	160x 60	1.0063	0.1400	0.0600	20	0	 5	150	 200	200	     0
12/02/19 22:05:15	OT	CAPELLA        	 0.4002	 1.0849	12841.3	12322.6	 0.066015	 0.037029	 0.0215	 0.0232	 0.2412	 0.2653	 0.4190	 0.3814	PixelFly	L1.5-	160x 60	1.0063	0.1400	0.0600	20	0	 5	150	 200	200	     0
12/02/19 22:05:45	OT	CAPELLA        	 0.4187	 1.0854	12818.2	12201.3	 0.066264	 0.043089	 0.0210	 0.0205	 0.2408	 0.2423	 0.4199	 0.4176	PixelFly	L1.5-	160x 60	1.0063	0.1400	0.0600	20	0	 5	150	 200	200	     0
12/02/19 22:06:15	OT	CAPELLA        	 0.4437	 1.0859	12697.1	12441.6	 0.071506	 0.048490	 0.0192	 0.0267	 0.2301	 0.2258	 0.4394	 0.4481	PixelFly	L1.5-	160x 60	1.0063	0.1400	0.0600	20	0	 5	150	 200	200	     0
12/02/19 22:06:44	OT	CAPELLA        	 0.4357	 1.0864	12891.0	12372.8	 0.088144	 0.035807	 0.0231	 0.0253	 0.2030	 0.2709	 0.4980	 0.3735	PixelFly	L1.5-	160x 60	1.0063	0.1400	0.0600	20	0	 5	150	 200	200	    50
12/02/19 22:07:14	OT	CAPELLA        	 0.4362	 1.0869	12876.1	12238.9	 0.078770	 0.041367	 0.0240	 0.0223	 0.2172	 0.2485	 0.4654	 0.4071	PixelFly	L1.5-	160x 60	1.0063	0.1400	0.0600	20	0	 5	150	 200	200	     0
12/02/19 22:07:44	OT	CAPELLA        	 0.3935	 1.0874	12740.8	12403.0	 0.061780	 0.037687	 0.0306	 0.0248	 0.2514	 0.2629	 0.4021	 0.3849	PixelFly	L1.5-	160x 60	1.0063	0.1400	0.0600	20	0	 5	150	 200	200	     0
12/02/19 22:08:14	OT	CAPELLA        	 0.4353	 1.0879	12910.6	12229.9	 0.071852	 0.045446	 0.0259	 0.0224	 0.2297	 0.2350	 0.4401	 0.4305	PixelFly	L1.5-	160x 60	1.0063	0.1400	0.0600	20	0	 5	150	 200	200	     0
12/02/19 22:08:44	OT	CAPELLA        	 0.4248	 1.0884	12721.0	12100.2	 0.074026	 0.040499	 0.0344	 0.0361	 0.2257	 0.2519	 0.4480	 0.4016	PixelFly	L1.5-	160x 60	1.0063	0.1400	0.0600	20	0	 5	150	 200	199	     0
12/02/19 22:09:14	OT	CAPELLA        	 0.4038	 1.0889	12484.9	12447.3	 0.067267	 0.037706	 0.0319	 0.0240	 0.2391	 0.2630	 0.4228	 0.3847	PixelFly	L1.5-	160x 60	1.0063	0.1400	0.0600	20	0	 5	150	 200	200	     0
12/02/19 22:09:44	OT	CAPELLA        	 0.3681	 1.0895	12715.2	12287.3	 0.055166	 0.033908	 0.0280	 0.0213	 0.2694	 0.2804	 0.3753	 0.3608	PixelFly	L1.5-	160x 60	1.0063	0.1400	0.0600	20	0	 5	150	 200	199	     0
12/02/19 22:10:14	OT	CAPELLA        	 0.4740	 1.0900	12393.9	12460.1	 0.077332	 0.056206	 0.0265	 0.0319	 0.2200	 0.2071	 0.4595	 0.4885	PixelFly	L1.5-	160x 60	1.0063	0.1400	0.0600	20	0	 5	150	 200	200	     0
12/02/19 22:10:44	OT	CAPELLA        	 0.4673	 1.0905	13151.8	12299.1	 0.076355	 0.054392	 0.0280	 0.0310	 0.2218	 0.2113	 0.4558	 0.4788	PixelFly	L1.5-	160x 60	1.0063	0.1400	0.0600	20	0	 5	150	 200	200	     0
12/02/19 22:11:14	OT	CAPELLA        	 0.4107	 1.0911	12475.1	12417.7	 0.071370	 0.037626	 0.0322	 0.0383	 0.2310	 0.2637	 0.4376	 0.3837	PixelFly	L1.5-	160x 60	1.0063	0.1400	0.0600	20	0	 5	150	 200	200	     0
12/02/19 22:11:44	OT	CAPELLA        	 0.4587	 1.0916	13018.9	12270.6	 0.083131	 0.046937	 0.0343	 0.0321	 0.2109	 0.2310	 0.4794	 0.4380	PixelFly	L1.5-	160x 60	1.0063	0.1400	0.0600	20	0	 5	150	 200	200	     0
12/02/19 22:12:14	OT	CAPELLA        	 0.4975	 1.0921	12705.6	12526.1	 0.097622	 0.052300	 0.0442	 0.0393	 0.1915	 0.2165	 0.5278	 0.4673	PixelFly	L1.5-	160x 60	1.0063	0.1400	0.0600	20	0	 5	150	 200	200	     0
12/02/19 22:12:44	OT	CAPELLA        	 0.4978	 1.0927	12847.3	12124.7	 0.091231	 0.056436	 0.0345	 0.0285	 0.1995	 0.2069	 0.5066	 0.4890	PixelFly	L1.5-	160x 60	1.0063	0.1400	0.0600	20	0	 5	150	 200	200	     0
12/02/19 22:13:15	OT	CAPELLA        	 0.4602	 1.0933	12711.1	12644.7	 0.081323	 0.048737	 0.0272	 0.0244	 0.2139	 0.2260	 0.4727	 0.4476	PixelFly	L1.5-	160x 60	1.0063	0.1400	0.0600	20	0	 5	150	 200	199	     0
12/02/19 22:13:45	OT	CAPELLA        	 0.5070	 1.0938	12776.9	12699.1	 0.092401	 0.059365	 0.0298	 0.0295	 0.1981	 0.2009	 0.5102	 0.5037	PixelFly	L1.5-	160x 60	1.0063	0.1400	0.0600	20	0	 5	150	 200	200	     0
12/02/19 22:14:15	OT	CAPELLA        	 0.4708	 1.0944	12883.3	12452.8	 0.089870	 0.047416	 0.0237	 0.0224	 0.2015	 0.2299	 0.5016	 0.4401	PixelFly	L1.5-	160x 60	1.0063	0.1400	0.0600	20	0	 5	150	 200	200	     0
12/02/19 22:14:45	OT	CAPELLA        	 0.4624	 1.0949	12425.6	12597.0	 0.083328	 0.048440	 0.0319	 0.0304	 0.2109	 0.2271	 0.4792	 0.4456	PixelFly	L1.5-	160x 60	1.0063	0.1400	0.0600	20	0	 5	150	 200	200	     0
12/02/19 22:15:15	OT	CAPELLA        	 0.4852	 1.0955	12794.5	12487.3	 0.080503	 0.058965	 0.0287	 0.0327	 0.2154	 0.2019	 0.4692	 0.5012	PixelFly	L1.5-	160x 60	1.0063	0.1400	0.0600	20	0	 5	150	 200	200	     0
12/02/19 22:15:45	OT	CAPELLA        	 0.5302	 1.0961	12851.0	12447.0	 0.107089	 0.059462	 0.0243	 0.0233	 0.1816	 0.2009	 0.5567	 0.5036	PixelFly	L1.5-	160x 60	1.0063	0.1400	0.0600	20	0	 5	150	 200	200	     0
12/02/19 22:16:15	OT	CAPELLA        	 0.5150	 1.0967	12847.7	12551.9	 0.101800	 0.056884	 0.0233	 0.0271	 0.1872	 0.2064	 0.5399	 0.4902	PixelFly	L1.5-	160x 60	1.0063	0.1400	0.0600	20	0	 5	150	 200	200	     0
12/02/19 22:16:44	OT	CAPELLA        	 0.4509	 1.0972	12710.8	12451.2	 0.066641	 0.055576	 0.0281	 0.0261	 0.2415	 0.2094	 0.4185	 0.4833	PixelFly	L1.5-	160x 60	1.0063	0.1400	0.0600	20	0	 5	150	 200	200	     0
12/02/19 22:17:14	OT	CAPELLA        	 0.5770	 1.0978	12749.0	12540.6	 0.108162	 0.078514	 0.0312	 0.0299	 0.1807	 0.1702	 0.5595	 0.5944	PixelFly	L1.5-	160x 60	1.0063	0.1400	0.0600	20	0	 5	150	 200	200	     0
12/02/19 22:17:44	OT	CAPELLA        	 0.5511	 1.0984	12878.5	12299.3	 0.104496	 0.069905	 0.0233	 0.0253	 0.1845	 0.1826	 0.5479	 0.5542	PixelFly	L1.5-	160x 60	1.0063	0.1400	0.0600	20	0	 5	150	 200	200	     0
12/02/19 22:18:14	OT	CAPELLA        	 0.5169	 1.0990	12770.0	12510.8	 0.097427	 0.060610	 0.0270	 0.0266	 0.1925	 0.1989	 0.5252	 0.5086	PixelFly	L1.5-	160x 60	1.0063	0.1400	0.0600	20	0	 5	150	 200	200	     0
12/02/19 22:18:44	OT	CAPELLA        	 0.5273	 1.0996	13098.1	12449.6	 0.088632	 0.070878	 0.0249	 0.0239	 0.2038	 0.1812	 0.4960	 0.5585	PixelFly	L1.5-	160x 60	1.0063	0.1400	0.0600	20	0	 5	150	 200	200	     0
12/02/19 22:19:14	OT	CAPELLA        	 0.5171	 1.1002	12848.0	12238.2	 0.090069	 0.065716	 0.0275	 0.0249	 0.2019	 0.1896	 0.5007	 0.5336	PixelFly	L1.5-	160x 60	1.0063	0.1400	0.0600	20	0	 5	150	 200	200	     0
12/02/19 22:19:44	OT	CAPELLA        	 0.6138	 1.1008	12695.0	12377.6	 0.139467	 0.074888	 0.0361	 0.0301	 0.1554	 0.1754	 0.6506	 0.5769	PixelFly	L1.5-	160x 60	1.0063	0.1400	0.0600	20	0	 5	150	 200	200	     0
12/02/19 22:20:14	OT	CAPELLA        	 0.5042	 1.1014	12581.8	12359.4	 0.096069	 0.056750	 0.0387	 0.0333	 0.1944	 0.2072	 0.5201	 0.4883	PixelFly	L1.5-	160x 60	1.0063	0.1400	0.0600	20	0	 5	150	 200	200	     0
12/02/19 22:20:44	OT	CAPELLA        	 0.5373	 1.1020	12791.8	12494.7	 0.107062	 0.063013	 0.0242	 0.0311	 0.1822	 0.1947	 0.5548	 0.5198	PixelFly	L1.5-	160x 60	1.0063	0.1400	0.0600	20	0	 5	150	 200	200	     0
12/02/19 22:21:14	OT	CAPELLA        	 0.5410	 1.1026	13013.5	12483.3	 0.110487	 0.062458	 0.0281	 0.0266	 0.1788	 0.1958	 0.5652	 0.5168	PixelFly	L1.5-	160x 60	1.0063	0.1400	0.0600	20	0	 5	150	 200	200	     0
12/02/19 22:21:44	OT	CAPELLA        	 0.4476	 1.1032	12672.7	12158.0	 0.075833	 0.048598	 0.0271	 0.0249	 0.2242	 0.2277	 0.4508	 0.4445	PixelFly	L1.5-	160x 60	1.0063	0.1400	0.0600	20	0	 5	150	 200	200	     0
12/02/19 22:22:14	OT	CAPELLA        	 0.5958	 1.1039	13018.3	12318.9	 0.115146	 0.083022	 0.0359	 0.0329	 0.1746	 0.1651	 0.5790	 0.6127	PixelFly	L1.5-	160x 60	1.0063	0.1400	0.0600	20	0	 5	150	 200	200	     0
12/02/19 22:22:44	OT	CAPELLA        	 0.5111	 1.1045	12741.5	12331.3	 0.095604	 0.060095	 0.0354	 0.0381	 0.1953	 0.2006	 0.5177	 0.5045	PixelFly	L1.5-	160x 60	1.0063	0.1400	0.0600	20	0	 5	150	 200	200	     0
12/02/19 22:23:15	OT	CAPELLA        	 0.5781	 1.1051	12792.8	12429.8	 0.106528	 0.081177	 0.0300	 0.0306	 0.1831	 0.1675	 0.5522	 0.6040	PixelFly	L1.5-	160x 60	1.0063	0.1400	0.0600	20	0	 5	150	 200	199	     0
12/02/19 22:23:45	OT	CAPELLA        	 0.5127	 1.1058	12790.9	12269.6	 0.085560	 0.067677	 0.0266	 0.0306	 0.2089	 0.1869	 0.4840	 0.5414	PixelFly	L1.5-	160x 60	1.0063	0.1400	0.0600	20	0	 5	150	 200	200	     0
12/02/19 22:24:15	OT	CAPELLA        	 0.5568	 1.1064	12779.0	12372.5	 0.100972	 0.075804	 0.0358	 0.0333	 0.1892	 0.1747	 0.5344	 0.5793	PixelFly	L1.5-	160x 60	1.0063	0.1400	0.0600	20	0	 5	150	 200	200	     0
12/02/19 22:24:45	OT	CAPELLA        	 0.5157	 1.1071	12911.4	12295.1	 0.106557	 0.055362	 0.0285	 0.0310	 0.1832	 0.2110	 0.5517	 0.4796	PixelFly	L1.5-	160x 60	1.0063	0.1400	0.0600	20	0	 5	150	 200	200	     0
12/02/19 22:25:15	OT	CAPELLA        	 0.5377	 1.1077	13014.1	12508.2	 0.109926	 0.062073	 0.0384	 0.0369	 0.1799	 0.1970	 0.5619	 0.5135	PixelFly	L1.5-	160x 60	1.0063	0.1400	0.0600	20	0	 5	150	 200	200	     0
12/02/19 22:25:45	OT	CAPELLA        	 0.5595	 1.1084	12956.1	12283.9	 0.128178	 0.060011	 0.0283	 0.0260	 0.1641	 0.2011	 0.6160	 0.5030	PixelFly	L1.5-	160x 60	1.0063	0.1400	0.0600	20	0	 5	150	 200	200	    50
12/02/19 22:26:15	OT	CAPELLA        	 0.5235	 1.1090	12787.0	12399.7	 0.107595	 0.058001	 0.0264	 0.0256	 0.1823	 0.2054	 0.5544	 0.4927	PixelFly	L1.5-	160x 60	1.0063	0.1400	0.0600	20	0	 5	150	 200	200	     0
12/02/19 22:26:44	OT	CAPELLA        	 0.6130	 1.1097	13003.8	12245.5	 0.127787	 0.083235	 0.0376	 0.0396	 0.1645	 0.1654	 0.6144	 0.6117	PixelFly	L1.5-	160x 60	1.0063	0.1400	0.0600	20	0	 5	150	 200	200	     0
12/02/19 22:27:15	OT	CAPELLA        	 0.5730	 1.1103	12527.5	12681.1	 0.111989	 0.075929	 0.0357	 0.0425	 0.1781	 0.1749	 0.5674	 0.5787	PixelFly	L1.5-	160x 60	1.0063	0.1400	0.0600	20	0	 5	150	 200	200	     0
12/02/19 22:27:44	OT	CAPELLA        	 0.5591	 1.1110	12643.4	12244.5	 0.118705	 0.065773	 0.0279	 0.0282	 0.1721	 0.1907	 0.5874	 0.5307	PixelFly	L1.5-	160x 60	1.0063	0.1400	0.0600	20	0	 5	150	 200	200	     0
12/02/19 22:28:14	OT	CAPELLA        	 0.5956	 1.1117	12747.8	12346.7	 0.131753	 0.073308	 0.0317	 0.0345	 0.1617	 0.1787	 0.6251	 0.5662	PixelFly	L1.5-	160x 60	1.0063	0.1400	0.0600	20	0	 5	150	 200	200	     0
12/02/19 22:28:44	OT	CAPELLA        	 0.5186	 1.1123	12779.8	12591.6	 0.105103	 0.057961	 0.0306	 0.0297	 0.1853	 0.2058	 0.5456	 0.4916	PixelFly	L1.5-	160x 60	1.0063	0.1400	0.0600	20	0	 5	150	 200	200	     0
12/02/19 22:29:14	OT	CAPELLA        	 0.5476	 1.1130	12544.9	12635.0	 0.092070	 0.078922	 0.0248	 0.0251	 0.2007	 0.1711	 0.5038	 0.5914	PixelFly	L1.5-	160x 60	1.0063	0.1400	0.0600	20	0	 5	150	 200	200	     0
12/02/19 22:29:44	OT	CAPELLA        	 0.4864	 1.1137	12679.5	12389.6	 0.086104	 0.057519	 0.0280	 0.0393	 0.2090	 0.2069	 0.4838	 0.4890	PixelFly	L1.5-	160x 60	1.0063	0.1400	0.0600	20	0	 5	150	 200	200	     0
12/02/19 22:30:14	OT	CAPELLA        	 0.4387	 1.1144	12619.4	12157.2	 0.066129	 0.052879	 0.0410	 0.0307	 0.2449	 0.2177	 0.4128	 0.4647	PixelFly	L1.5-	160x 60	1.0063	0.1400	0.0600	20	0	 5	150	 200	200	     0
12/02/19 22:30:44	OT	CAPELLA        	 0.5325	 1.1151	12718.8	12560.5	 0.108897	 0.061472	 0.0274	 0.0388	 0.1816	 0.1990	 0.5565	 0.5085	PixelFly	L1.5-	160x 60	1.0063	0.1400	0.0600	20	0	 5	150	 200	200	     0
12/02/19 22:31:14	OT	CAPELLA        	 0.5063	 1.1158	12730.5	12547.6	 0.098226	 0.057743	 0.0362	 0.0373	 0.1933	 0.2067	 0.5230	 0.4896	PixelFly	L1.5-	160x 60	1.0063	0.1400	0.0600	20	0	 5	150	 200	200	     0
12/02/19 22:31:44	OT	CAPELLA        	 0.4653	 1.1165	12744.4	12391.2	 0.089740	 0.047524	 0.0269	 0.0282	 0.2041	 0.2324	 0.4952	 0.4354	PixelFly	L1.5-	160x 60	1.0063	0.1400	0.0600	20	0	 5	150	 200	200	     0
12/02/19 22:32:14	OT	CAPELLA        	 0.4414	 1.1172	12540.2	12393.2	 0.075416	 0.047832	 0.0261	 0.0217	 0.2267	 0.2316	 0.4459	 0.4369	PixelFly	L1.5-	160x 60	1.0063	0.1400	0.0600	20	0	 5	150	 200	200	     0
12/02/19 22:32:44	OT	CAPELLA        	 0.3971	 1.1179	12609.8	12393.7	 0.054447	 0.046175	 0.0233	 0.0214	 0.2757	 0.2366	 0.3666	 0.4276	PixelFly	L1.5-	160x 60	1.0063	0.1400	0.0600	20	0	 5	150	 200	200	     0
12/02/19 22:33:14	OT	CAPELLA        	 0.4126	 1.1186	12677.5	12526.7	 0.065263	 0.044259	 0.0348	 0.0296	 0.2474	 0.2428	 0.4086	 0.4167	PixelFly	L1.5-	160x 60	1.0063	0.1400	0.0600	20	0	 5	150	 200	200	     0
12/02/19 22:33:45	OT	CAPELLA        	 0.3978	 1.1193	13052.5	12289.9	 0.063840	 0.040102	 0.0270	 0.0297	 0.2508	 0.2577	 0.4030	 0.3926	PixelFly	L1.5-	160x 60	1.0063	0.1400	0.0600	20	0	 5	150	 200	199	     0
12/02/19 22:34:15	OT	CAPELLA        	 0.4583	 1.1201	12540.5	12209.6	 0.092659	 0.043631	 0.0268	 0.0237	 0.2006	 0.2451	 0.5038	 0.4128	PixelFly	L1.5-	160x 60	1.0063	0.1400	0.0600	20	0	 5	150	 200	200	    50
12/02/19 22:34:45	OT	CAPELLA        	 0.4925	 1.1208	12631.4	12280.4	 0.092308	 0.056638	 0.0278	 0.0291	 0.2012	 0.2097	 0.5025	 0.4826	PixelFly	L1.5-	160x 60	1.0063	0.1400	0.0600	20	0	 5	150	 200	200	     0
12/02/19 22:35:15	OT	CAPELLA        	 0.4424	 1.1215	12907.1	12436.1	 0.074177	 0.049385	 0.0298	 0.0291	 0.2295	 0.2277	 0.4405	 0.4443	PixelFly	L1.5-	160x 60	1.0063	0.1400	0.0600	20	0	 5	150	 200	200	     0
12/02/19 22:35:45	OT	CAPELLA        	 0.4559	 1.1223	12868.5	12436.7	 0.082712	 0.048931	 0.0288	 0.0260	 0.2150	 0.2291	 0.4701	 0.4417	PixelFly	L1.5-	160x 60	1.0063	0.1400	0.0600	20	0	 5	150	 200	200	     0
12/02/19 22:36:15	OT	CAPELLA        	 0.3983	 1.1230	12844.0	12725.6	 0.065209	 0.039647	 0.0279	 0.0342	 0.2481	 0.2600	 0.4074	 0.3892	PixelFly	L1.5-	160x 60	1.0063	0.1400	0.0600	20	0	 5	150	 200	200	     0
12/02/19 22:36:45	OT	CAPELLA        	 0.3413	 1.1237	12806.4	12136.5	 0.051236	 0.030158	 0.0187	 0.0195	 0.2869	 0.3065	 0.3524	 0.3301	PixelFly	L1.5-	160x 60	1.0063	0.1400	0.0600	20	0	 5	150	 200	200	     0
12/02/19 22:37:15	OT	CAPELLA        	 0.3635	 1.1245	12545.0	12332.0	 0.054162	 0.035315	 0.0193	 0.0196	 0.2776	 0.2789	 0.3642	 0.3628	PixelFly	L1.5-	160x 60	1.0063	0.1400	0.0600	20	0	 5	150	 200	200	     0
12/02/19 22:37:44	OT	CAPELLA        	 0.3733	 1.1252	12917.3	12323.5	 0.050605	 0.041085	 0.0242	 0.0206	 0.2892	 0.2548	 0.3495	 0.3971	PixelFly	L1.5-	160x 60	1.0063	0.1400	0.0600	20	0	 5	150	 200	200	     0
12/02/19 22:38:14	OT	CAPELLA        	 0.4049	 1.1260	12865.9	12332.1	 0.062287	 0.044086	 0.0211	 0.0232	 0.2554	 0.2443	 0.3957	 0.4141	PixelFly	L1.5-	160x 60	1.0063	0.1400	0.0600	20	0	 5	150	 200	200	     0
12/02/19 22:38:44	OT	CAPELLA        	 0.3884	 1.1267	12881.7	12454.4	 0.065075	 0.036685	 0.0241	 0.0233	 0.2489	 0.2729	 0.4061	 0.3707	PixelFly	L1.5-	160x 60	1.0063	0.1400	0.0600	20	0	 5	150	 200	200	     0
12/02/19 22:39:14	OT	CAPELLA        	 0.4606	 1.1275	12844.2	12435.8	 0.096075	 0.043115	 0.0287	 0.0257	 0.1971	 0.2478	 0.5128	 0.4083	PixelFly	L1.5-	160x 60	1.0063	0.1400	0.0600	20	0	 5	150	 200	200	    50
12/02/19 22:39:44	OT	CAPELLA        	 0.4100	 1.1283	12658.4	12515.2	 0.070470	 0.040732	 0.0263	 0.0237	 0.2375	 0.2565	 0.4256	 0.3944	PixelFly	L1.5-	160x 60	1.0063	0.1400	0.0600	20	0	 5	150	 200	200	     0
12/02/19 22:40:14	OT	CAPELLA        	 0.3995	 1.1290	12905.5	12006.3	 0.063643	 0.041500	 0.0274	 0.0314	 0.2526	 0.2538	 0.4002	 0.3987	PixelFly	L1.5-	160x 60	1.0063	0.1400	0.0600	20	0	 5	150	 200	200	     0
12/02/19 22:40:44	OT	CAPELLA        	 0.4212	 1.1298	12691.3	12604.6	 0.070488	 0.044751	 0.0283	 0.0358	 0.2377	 0.2426	 0.4253	 0.4170	PixelFly	L1.5-	160x 60	1.0063	0.1400	0.0600	20	0	 5	150	 200	200	     0
12/02/19 22:41:14	OT	CAPELLA        	 0.4263	 1.1306	12553.7	12394.7	 0.067181	 0.048876	 0.0369	 0.0339	 0.2447	 0.2302	 0.4131	 0.4395	PixelFly	L1.5-	160x 60	1.0063	0.1400	0.0600	20	0	 5	150	 200	200	     0
12/02/19 22:41:44	OT	CAPELLA        	 0.4149	 1.1314	12547.2	12257.9	 0.067181	 0.044797	 0.0338	 0.0364	 0.2448	 0.2427	 0.4129	 0.4169	PixelFly	L1.5-	160x 60	1.0063	0.1400	0.0600	20	0	 5	150	 200	200	     0
12/02/19 22:42:14	OT	CAPELLA        	 0.4540	 1.1322	12706.5	12349.4	 0.079674	 0.051073	 0.0271	 0.0256	 0.2211	 0.2244	 0.4572	 0.4508	PixelFly	L1.5-	160x 60	1.0063	0.1400	0.0600	20	0	 5	150	 200	200	     0
12/02/19 22:42:44	OT	CAPELLA        	 0.4017	 1.1330	12490.4	12479.9	 0.063650	 0.042571	 0.0247	 0.0249	 0.2531	 0.2504	 0.3994	 0.4040	PixelFly	L1.5-	160x 60	1.0063	0.1400	0.0600	20	0	 5	150	 200	200	     0
12/02/19 22:43:14	OT	CAPELLA        	 0.4753	 1.1338	12587.2	12326.4	 0.079966	 0.059309	 0.0237	 0.0217	 0.2208	 0.2053	 0.4578	 0.4927	PixelFly	L1.5-	160x 60	1.0063	0.1400	0.0600	20	0	 5	150	 200	200	     0
12/02/19 22:43:45	OT	CAPELLA        	 0.4410	 1.1346	12757.5	12388.5	 0.074736	 0.049612	 0.0193	 0.0203	 0.2300	 0.2287	 0.4394	 0.4425	PixelFly	L1.5-	160x 60	1.0063	0.1400	0.0600	20	0	 5	150	 200	199	     0
12/02/19 22:44:15	OT	CAPELLA        	 0.3918	 1.1354	12615.4	12352.5	 0.064561	 0.038731	 0.0239	 0.0204	 0.2513	 0.2654	 0.4023	 0.3812	PixelFly	L1.5-	160x 60	1.0063	0.1400	0.0600	20	0	 5	150	 200	200	     0
12/02/19 22:44:45	OT	CAPELLA        	 0.3666	 1.1362	12758.1	12266.4	 0.056128	 0.035804	 0.0252	 0.0196	 0.2734	 0.2783	 0.3697	 0.3635	PixelFly	L1.5-	160x 60	1.0063	0.1400	0.0600	20	0	 5	150	 200	200	     0
12/02/19 22:45:15	OT	CAPELLA        	 0.3931	 1.1371	12766.5	12241.3	 0.060306	 0.042079	 0.0266	 0.0201	 0.2620	 0.2527	 0.3859	 0.4003	PixelFly	L1.5-	160x 60	1.0063	0.1400	0.0600	20	0	 5	150	 200	200	     0
12/02/19 22:45:45	OT	CAPELLA        	 0.3986	 1.1379	12490.4	12313.2	 0.066909	 0.039738	 0.0237	 0.0222	 0.2463	 0.2617	 0.4105	 0.3867	PixelFly	L1.5-	160x 60	1.0063	0.1400	0.0600	20	0	 5	150	 200	200	     0
12/02/19 22:46:15	OT	CAPELLA        	 0.3966	 1.1387	12763.6	12445.5	 0.066637	 0.039285	 0.0267	 0.0202	 0.2470	 0.2636	 0.4093	 0.3838	PixelFly	L1.5-	160x 60	1.0063	0.1400	0.0600	20	0	 5	150	 200	200	     0
12/02/19 22:46:45	OT	CAPELLA        	 0.3876	 1.1395	12674.3	12266.8	 0.059585	 0.040809	 0.0309	 0.0312	 0.2642	 0.2578	 0.3826	 0.3925	PixelFly	L1.5-	160x 60	1.0063	0.1400	0.0600	20	0	 5	150	 200	200	     0
12/02/19 22:47:15	OT	CAPELLA        	 0.3639	 1.1404	12870.1	12336.5	 0.057906	 0.034046	 0.0288	 0.0289	 0.2689	 0.2875	 0.3759	 0.3519	PixelFly	L1.5-	160x 60	1.0063	0.1400	0.0600	20	0	 5	150	 200	200	     0
12/02/19 22:47:45	OT	CAPELLA        	 0.4431	 1.1412	12961.4	12199.4	 0.077921	 0.048896	 0.0273	 0.0231	 0.2251	 0.2315	 0.4490	 0.4371	PixelFly	L1.5-	160x 60	1.0063	0.1400	0.0600	20	0	 5	150	 200	200	     0
12/02/19 22:48:15	OT	CAPELLA        	 0.4330	 1.1421	12483.3	12254.8	 0.078414	 0.044959	 0.0270	 0.0281	 0.2244	 0.2435	 0.4505	 0.4155	PixelFly	L1.5-	160x 60	1.0063	0.1400	0.0600	20	0	 5	150	 200	200	     0
12/02/19 22:48:44	OT	CAPELLA        	 0.4287	 1.1429	12847.6	12609.8	 0.072543	 0.047203	 0.0378	 0.0283	 0.2352	 0.2366	 0.4298	 0.4276	PixelFly	L1.5-	160x 60	1.0063	0.1400	0.0600	20	0	 5	150	 200	200	     0
12/02/19 22:49:14	OT	CAPELLA        	 0.4010	 1.1437	12632.7	12556.5	 0.072399	 0.037620	 0.0304	 0.0288	 0.2356	 0.2713	 0.4291	 0.3730	PixelFly	L1.5-	160x 60	1.0063	0.1400	0.0600	20	0	 5	150	 200	200	     0
12/02/19 22:49:44	OT	CAPELLA        	 0.4029	 1.1446	12709.3	12375.6	 0.069644	 0.039986	 0.0460	 0.0362	 0.2413	 0.2616	 0.4190	 0.3867	PixelFly	L1.5-	160x 60	1.0063	0.1400	0.0600	20	0	 5	150	 200	200	     0
12/02/19 22:50:14	OT	CAPELLA        	 0.4240	 1.1455	12827.2	12496.8	 0.080050	 0.041055	 0.0363	 0.0257	 0.2220	 0.2576	 0.4553	 0.3927	PixelFly	L1.5-	160x 60	1.0063	0.1400	0.0600	20	0	 5	150	 200	200	     0
12/02/19 22:50:44	OT	CAPELLA        	 0.4643	 1.1463	12591.8	12411.6	 0.079432	 0.056518	 0.0255	 0.0239	 0.2232	 0.2128	 0.4530	 0.4755	PixelFly	L1.5-	160x 60	1.0063	0.1400	0.0600	20	0	 5	150	 200	200	     0
12/02/19 22:51:14	OT	CAPELLA        	 0.4301	 1.1472	12839.7	12071.6	 0.070122	 0.049711	 0.0306	 0.0298	 0.2406	 0.2299	 0.4202	 0.4401	PixelFly	L1.5-	160x 60	1.0063	0.1400	0.0600	20	0	 5	150	 200	200	     0
12/02/19 22:51:44	OT	CAPELLA        	 0.4453	 1.1481	12400.3	12529.0	 0.075758	 0.051762	 0.0383	 0.0356	 0.2298	 0.2245	 0.4399	 0.4507	PixelFly	L1.5-	160x 60	1.0063	0.1400	0.0600	20	0	 5	150	 200	200	     0
12/02/19 22:52:14	OT	CAPELLA        	 0.4523	 1.1490	12692.9	12389.4	 0.091147	 0.044851	 0.0461	 0.0341	 0.2058	 0.2448	 0.4913	 0.4134	PixelFly	L1.5-	160x 60	1.0063	0.1400	0.0600	20	0	 5	150	 200	200	     0
12/02/19 22:52:44	OT	CAPELLA        	 0.5043	 1.1498	12412.7	12188.0	 0.089872	 0.066169	 0.0326	 0.0344	 0.2076	 0.1939	 0.4869	 0.5217	PixelFly	L1.5-	160x 60	1.0063	0.1400	0.0600	20	0	 5	150	 200	200	     0
12/02/19 22:53:14	OT	CAPELLA        	 0.5698	 1.1507	12726.1	12195.4	 0.125228	 0.071376	 0.0288	 0.0287	 0.1702	 0.1854	 0.5939	 0.5458	PixelFly	L1.5-	160x 60	1.0063	0.1400	0.0600	20	0	 5	150	 200	200	     0
12/02/19 22:53:45	OT	CAPELLA        	 0.5437	 1.1517	12637.2	12349.6	 0.117710	 0.064931	 0.0378	 0.0458	 0.1767	 0.1963	 0.5720	 0.5154	PixelFly	L1.5-	160x 60	1.0063	0.1400	0.0600	20	0	 5	150	 200	199	     0
12/02/19 22:54:15	OT	CAPELLA        	 0.4585	 1.1526	12804.0	12356.8	 0.073336	 0.059029	 0.0427	 0.0434	 0.2349	 0.2080	 0.4304	 0.4865	PixelFly	L1.5-	160x 60	1.0063	0.1400	0.0600	20	0	 5	150	 200	200	     0
12/02/19 22:54:45	OT	CAPELLA        	 0.5853	 1.1535	12494.2	12395.4	 0.123177	 0.079945	 0.0348	 0.0426	 0.1721	 0.1734	 0.5872	 0.5833	PixelFly	L1.5-	160x 60	1.0063	0.1400	0.0600	20	0	 5	150	 200	200	     0
12/02/19 22:55:15	OT	CAPELLA        	 0.5580	 1.1544	12655.6	12110.4	 0.123951	 0.067508	 0.0287	 0.0347	 0.1716	 0.1921	 0.5891	 0.5268	PixelFly	L1.5-	160x 60	1.0063	0.1400	0.0600	20	0	 5	150	 200	200	     0
12/02/19 22:55:45	OT	CAPELLA        	 0.4616	 1.1553	12494.7	12383.6	 0.078244	 0.057150	 0.0306	 0.0351	 0.2262	 0.2124	 0.4468	 0.4765	PixelFly	L1.5-	160x 60	1.0063	0.1400	0.0600	20	0	 5	150	 200	200	     0
12/02/19 22:55:46	OT	CAPELLA        	 0.0000	 1.1553	    0.0	    0.0	-0.000000	-0.000000	    0.0	    0.0	    0.0	    0.0	 0.0000	 0.0000	PixelFly	L1.5-	160x 60	1.0063	0.1400	0.0600	20	0	 5	150	 200	  0	    31
12/02/19 23:15:15	OT	MENKALINAN     	 0.5018	 1.1122	 2293.6	 2296.9	 0.082581	 0.065983	 0.0314	 0.0342	 0.2141	 0.1904	 0.4722	 0.5314	PixelFly	L1.5-	160x 60	1.0063	0.1400	0.0600	20	0	 5	150	 200	200	     0
12/02/19 23:15:45	OT	MENKALINAN     	 0.4760	 1.1129	 2307.2	 2314.7	 0.095657	 0.047574	 0.0256	 0.0254	 0.1961	 0.2318	 0.5155	 0.4365	PixelFly	L1.5-	160x 60	1.0063	0.1400	0.0600	20	0	 5	150	 200	200	     0
12/02/19 23:16:15	OT	MENKALINAN     	 0.4151	 1.1137	 2321.8	 2260.4	 0.068258	 0.042781	 0.0248	 0.0312	 0.2402	 0.2471	 0.4208	 0.4094	PixelFly	L1.5-	160x 60	1.0063	0.1400	0.0600	20	0	 5	150	 200	200	     0
12/02/19 23:16:45	OT	MENKALINAN     	 0.4337	 1.1144	 2259.3	 2331.0	 0.074978	 0.045078	 0.0270	 0.0331	 0.2271	 0.2396	 0.4451	 0.4223	PixelFly	L1.5-	160x 60	1.0063	0.1400	0.0600	20	0	 5	150	 200	200	     0
12/02/19 23:17:15	OT	MENKALINAN     	 0.4234	 1.1151	 2289.0	 2252.7	 0.067858	 0.046091	 0.0321	 0.0269	 0.2412	 0.2365	 0.4190	 0.4278	PixelFly	L1.5-	160x 60	1.0063	0.1400	0.0600	20	0	 5	150	 200	200	     0
12/02/19 23:17:45	OT	MENKALINAN     	 0.4530	 1.1159	 2327.3	 2249.9	 0.084043	 0.046495	 0.0299	 0.0261	 0.2123	 0.2354	 0.4762	 0.4299	PixelFly	L1.5-	160x 60	1.0063	0.1400	0.0600	20	0	 5	150	 200	200	     0
12/02/19 23:18:15	OT	MENKALINAN     	 0.4592	 1.1166	 2346.4	 2286.2	 0.087410	 0.046742	 0.0319	 0.0326	 0.2074	 0.2347	 0.4874	 0.4311	PixelFly	L1.5-	160x 60	1.0063	0.1400	0.0600	20	0	 5	150	 200	200	     0
12/02/19 23:18:45	OT	MENKALINAN     	 0.4911	 1.1173	 2338.3	 2224.5	 0.094245	 0.054491	 0.0325	 0.0321	 0.1983	 0.2142	 0.5097	 0.4724	PixelFly	L1.5-	160x 60	1.0063	0.1400	0.0600	20	0	 5	150	 200	200	     0
12/02/19 23:19:15	OT	MENKALINAN     	 0.4567	 1.1181	 2326.3	 2256.1	 0.067790	 0.059002	 0.0319	 0.0285	 0.2418	 0.2043	 0.4181	 0.4953	PixelFly	L1.5-	160x 60	1.0063	0.1400	0.0600	20	0	 5	150	 200	200	     0
12/02/19 23:19:45	OT	MENKALINAN     	 0.4590	 1.1188	 2292.2	 2259.8	 0.077251	 0.053346	 0.0287	 0.0285	 0.2236	 0.2171	 0.4520	 0.4661	PixelFly	L1.5-	160x 60	1.0063	0.1400	0.0600	20	0	 5	150	 200	200	     0
12/02/19 23:20:15	OT	MENKALINAN     	 0.4568	 1.1196	 2310.8	 2311.9	 0.080272	 0.050580	 0.0253	 0.0303	 0.2186	 0.2242	 0.4624	 0.4512	PixelFly	L1.5-	160x 60	1.0063	0.1400	0.0600	20	0	 5	150	 200	200	     0
12/02/19 23:20:45	OT	MENKALINAN     	 0.4456	 1.1204	 2325.8	 2220.5	 0.073308	 0.051060	 0.0297	 0.0282	 0.2310	 0.2231	 0.4377	 0.4536	PixelFly	L1.5-	160x 60	1.0063	0.1400	0.0600	20	0	 5	150	 200	200	     0
12/02/19 23:21:15	OT	MENKALINAN     	 0.4485	 1.1211	 2283.2	 2277.5	 0.080371	 0.047606	 0.0265	 0.0292	 0.2187	 0.2327	 0.4623	 0.4348	PixelFly	L1.5-	160x 60	1.0063	0.1400	0.0600	20	0	 5	150	 200	200	     0
12/02/19 23:21:45	OT	MENKALINAN     	 0.5315	 1.1219	 2308.0	 2270.9	 0.094184	 0.071499	 0.0279	 0.0344	 0.1989	 0.1824	 0.5083	 0.5547	PixelFly	L1.5-	160x 60	1.0063	0.1400	0.0600	20	0	 5	150	 200	200	     0
12/02/19 23:22:14	OT	MENKALINAN     	 0.5310	 1.1226	 2290.8	 2279.8	 0.088723	 0.075266	 0.0300	 0.0311	 0.2062	 0.1769	 0.4902	 0.5718	PixelFly	L1.5-	160x 60	1.0063	0.1400	0.0600	20	0	 5	150	 200	200	     0
12/02/19 23:22:44	OT	MENKALINAN     	 0.5087	 1.1234	 2275.3	 2267.6	 0.116549	 0.048711	 0.0261	 0.0289	 0.1752	 0.2298	 0.5771	 0.4403	PixelFly	L1.5-	160x 60	1.0063	0.1400	0.0600	20	0	 5	150	 200	200	    50
12/02/19 23:23:14	OT	MENKALINAN     	 0.4899	 1.1242	 2304.5	 2242.9	 0.094700	 0.054439	 0.0288	 0.0300	 0.1985	 0.2151	 0.5093	 0.4704	PixelFly	L1.5-	160x 60	1.0063	0.1400	0.0600	20	0	 5	150	 200	200	     0
12/02/19 23:23:46	OT	MENKALINAN     	 0.4483	 1.1250	 2277.8	 2241.1	 0.079187	 0.048611	 0.0333	 0.0307	 0.2211	 0.2303	 0.4573	 0.4393	PixelFly	L1.5-	160x 60	1.0063	0.1400	0.0600	20	0	 5	150	 200	199	     0
12/02/19 23:24:16	OT	MENKALINAN     	 0.4474	 1.1258	 2340.0	 2298.0	 0.080064	 0.047808	 0.0313	 0.0320	 0.2197	 0.2327	 0.4601	 0.4348	PixelFly	L1.5-	160x 60	1.0063	0.1400	0.0600	20	0	 5	150	 200	200	     0
12/02/19 23:24:46	OT	MENKALINAN     	 0.4325	 1.1266	 2371.5	 2270.0	 0.069636	 0.049162	 0.0279	 0.0289	 0.2390	 0.2289	 0.4230	 0.4419	PixelFly	L1.5-	160x 60	1.0063	0.1400	0.0600	20	0	 5	150	 200	200	     0
12/02/19 23:25:15	OT	MENKALINAN     	 0.4123	 1.1274	 2305.8	 2310.7	 0.067059	 0.043643	 0.0364	 0.0315	 0.2446	 0.2460	 0.4133	 0.4113	PixelFly	L1.5-	160x 60	1.0063	0.1400	0.0600	20	0	 5	150	 200	200	     0
12/02/19 23:25:45	OT	MENKALINAN     	 0.4480	 1.1282	 2321.3	 2227.7	 0.080858	 0.047727	 0.0347	 0.0288	 0.2187	 0.2333	 0.4622	 0.4338	PixelFly	L1.5-	160x 60	1.0063	0.1400	0.0600	20	0	 5	150	 200	200	     0
12/02/19 23:26:15	OT	MENKALINAN     	 0.3998	 1.1290	 2345.3	 2243.7	 0.069878	 0.037682	 0.0268	 0.0189	 0.2388	 0.2689	 0.4233	 0.3763	PixelFly	L1.5-	160x 60	1.0063	0.1400	0.0600	20	0	 5	150	 200	200	     0
12/02/19 23:26:45	OT	MENKALINAN     	 0.4685	 1.1298	 2344.2	 2297.6	 0.076842	 0.058358	 0.0246	 0.0303	 0.2257	 0.2069	 0.4479	 0.4890	PixelFly	L1.5-	160x 60	1.0063	0.1400	0.0600	20	0	 5	150	 200	200	     0
12/02/19 23:27:15	OT	MENKALINAN     	 0.4682	 1.1307	 2280.8	 2236.3	 0.088286	 0.050794	 0.0348	 0.0317	 0.2077	 0.2250	 0.4866	 0.4497	PixelFly	L1.5-	160x 60	1.0063	0.1400	0.0600	20	0	 5	150	 200	200	     0
12/02/19 23:27:45	OT	MENKALINAN     	 0.4495	 1.1315	 2314.9	 2308.9	 0.068884	 0.056630	 0.0281	 0.0281	 0.2412	 0.2109	 0.4191	 0.4798	PixelFly	L1.5-	160x 60	1.0063	0.1400	0.0600	20	0	 5	150	 200	200	     0
12/02/19 23:28:15	OT	MENKALINAN     	 0.4777	 1.1323	 2312.4	 2252.9	 0.086732	 0.055585	 0.0247	 0.0290	 0.2101	 0.2133	 0.4811	 0.4743	PixelFly	L1.5-	160x 60	1.0063	0.1400	0.0600	20	0	 5	150	 200	200	     0
12/02/19 23:28:45	OT	MENKALINAN     	 0.4936	 1.1332	 2290.8	 2269.3	 0.083646	 0.064155	 0.0302	 0.0237	 0.2148	 0.1958	 0.4705	 0.5167	PixelFly	L1.5-	160x 60	1.0063	0.1400	0.0600	20	0	 5	150	 200	200	     0
12/02/19 23:29:15	OT	MENKALINAN     	 0.4466	 1.1340	 2319.9	 2202.8	 0.083286	 0.046212	 0.0316	 0.0261	 0.2155	 0.2385	 0.4691	 0.4242	PixelFly	L1.5-	160x 60	1.0063	0.1400	0.0600	20	0	 5	150	 200	200	     0
12/02/19 23:29:45	OT	MENKALINAN     	 0.4466	 1.1348	 2323.8	 2309.4	 0.080394	 0.048070	 0.0327	 0.0326	 0.2202	 0.2331	 0.4590	 0.4341	PixelFly	L1.5-	160x 60	1.0063	0.1400	0.0600	20	0	 5	150	 200	200	     0
12/02/19 23:30:15	OT	MENKALINAN     	 0.4894	 1.1357	 2273.5	 2272.7	 0.103724	 0.049975	 0.0294	 0.0279	 0.1891	 0.2278	 0.5346	 0.4442	PixelFly	L1.5-	160x 60	1.0063	0.1400	0.0600	20	0	 5	150	 200	200	    50
12/02/19 23:30:45	OT	MENKALINAN     	 0.4568	 1.1365	 2356.2	 2260.5	 0.087433	 0.047619	 0.0388	 0.0313	 0.2096	 0.2346	 0.4823	 0.4313	PixelFly	L1.5-	160x 60	1.0063	0.1400	0.0600	20	0	 5	150	 200	200	     0
12/02/19 23:31:15	OT	MENKALINAN     	 0.4774	 1.1374	 2325.8	 2270.4	 0.088371	 0.054936	 0.0363	 0.0369	 0.2083	 0.2154	 0.4852	 0.4697	PixelFly	L1.5-	160x 60	1.0063	0.1400	0.0600	20	0	 5	150	 200	200	     0
12/02/19 23:31:45	OT	MENKALINAN     	 0.4518	 1.1382	 2323.6	 2232.0	 0.082990	 0.048660	 0.0381	 0.0361	 0.2164	 0.2318	 0.4670	 0.4365	PixelFly	L1.5-	160x 60	1.0063	0.1400	0.0600	20	0	 5	150	 200	200	     0
12/02/19 23:32:15	OT	MENKALINAN     	 0.5105	 1.1391	 2398.9	 2292.4	 0.097423	 0.062501	 0.0420	 0.0363	 0.1967	 0.1996	 0.5140	 0.5070	PixelFly	L1.5-	160x 60	1.0063	0.1400	0.0600	20	0	 5	150	 200	199	     0
12/02/19 23:32:45	OT	MENKALINAN     	 0.4288	 1.1400	 2384.5	 2290.6	 0.082865	 0.040624	 0.0362	 0.0400	 0.2168	 0.2585	 0.4662	 0.3914	PixelFly	L1.5-	160x 60	1.0063	0.1400	0.0600	20	0	 5	150	 200	200	     0
12/02/19 23:33:14	OT	MENKALINAN     	 0.4803	 1.1408	 2274.9	 2246.7	 0.088781	 0.056130	 0.0378	 0.0310	 0.2081	 0.2130	 0.4857	 0.4749	PixelFly	L1.5-	160x 60	1.0063	0.1400	0.0600	20	0	 5	150	 200	199	     0
12/02/19 23:33:46	OT	MENKALINAN     	 0.4866	 1.1418	 2338.9	 2218.9	 0.080757	 0.064226	 0.0403	 0.0356	 0.2204	 0.1966	 0.4586	 0.5147	PixelFly	L1.5-	160x 60	1.0063	0.1400	0.0600	20	0	 5	150	 200	199	     0
12/02/19 23:34:16	OT	MENKALINAN     	 0.4985	 1.1427	 2372.4	 2249.6	 0.093524	 0.060532	 0.0356	 0.0408	 0.2019	 0.2038	 0.5006	 0.4965	PixelFly	L1.5-	160x 60	1.0063	0.1400	0.0600	20	0	 5	150	 200	200	     0
12/02/19 23:34:46	OT	MENKALINAN     	 0.4004	 1.1435	 2237.5	 2217.4	 0.063222	 0.043188	 0.0361	 0.0368	 0.2555	 0.2497	 0.3956	 0.4052	PixelFly	L1.5-	160x 60	1.0063	0.1400	0.0600	20	0	 5	150	 200	200	     0
12/02/19 23:35:16	OT	MENKALINAN     	 0.4268	 1.1444	 2271.2	 2301.7	 0.061697	 0.054140	 0.0488	 0.0407	 0.2594	 0.2181	 0.3897	 0.4639	PixelFly	L1.5-	160x 60	1.0063	0.1400	0.0600	20	0	 5	150	 200	200	     0
12/02/19 23:35:46	OT	MENKALINAN     	 0.4009	 1.1453	 2310.8	 2300.8	 0.063825	 0.043085	 0.0336	 0.0357	 0.2543	 0.2503	 0.3975	 0.4043	PixelFly	L1.5-	160x 60	1.0063	0.1400	0.0600	20	0	 5	150	 200	200	     0
12/02/19 23:36:15	OT	MENKALINAN     	 0.3763	 1.1462	 2345.9	 2246.6	 0.056297	 0.039589	 0.0364	 0.0377	 0.2743	 0.2634	 0.3685	 0.3841	PixelFly	L1.5-	160x 60	1.0063	0.1400	0.0600	20	0	 5	150	 200	200	     0
12/02/19 23:36:45	OT	MENKALINAN     	 0.4103	 1.1471	 2298.7	 2280.0	 0.060132	 0.049196	 0.0290	 0.0330	 0.2638	 0.2313	 0.3832	 0.4374	PixelFly	L1.5-	160x 60	1.0063	0.1400	0.0600	20	0	 5	150	 200	199	     0
12/02/19 23:37:15	OT	MENKALINAN     	 0.4456	 1.1480	 2319.4	 2250.7	 0.075442	 0.052094	 0.0350	 0.0357	 0.2304	 0.2236	 0.4388	 0.4524	PixelFly	L1.5-	160x 60	1.0063	0.1400	0.0600	20	0	 5	150	 200	200	     0
12/02/19 23:37:45	OT	MENKALINAN     	 0.4194	 1.1490	 2274.0	 2214.9	 0.069047	 0.046572	 0.0320	 0.0288	 0.2431	 0.2393	 0.4159	 0.4228	PixelFly	L1.5-	160x 60	1.0063	0.1400	0.0600	20	0	 5	150	 200	200	     0
12/02/19 23:38:15	OT	MENKALINAN     	 0.4687	 1.1499	 2346.0	 2249.9	 0.084132	 0.055466	 0.0341	 0.0392	 0.2160	 0.2156	 0.4680	 0.4693	PixelFly	L1.5-	160x 60	1.0063	0.1400	0.0600	20	0	 5	150	 200	200	     0
12/02/19 23:38:45	OT	MENKALINAN     	 0.4682	 1.1508	 2297.8	 2231.1	 0.090165	 0.051514	 0.0310	 0.0328	 0.2073	 0.2255	 0.4876	 0.4488	PixelFly	L1.5-	160x 60	1.0063	0.1400	0.0600	20	0	 5	150	 200	200	     0
12/02/19 23:39:15	OT	MENKALINAN     	 0.4307	 1.1517	 2338.9	 2286.9	 0.070166	 0.050289	 0.0276	 0.0324	 0.2411	 0.2289	 0.4193	 0.4421	PixelFly	L1.5-	160x 60	1.0063	0.1400	0.0600	20	0	 5	150	 200	200	     0
12/02/19 23:39:45	OT	MENKALINAN     	 0.4389	 1.1527	 2264.3	 2237.7	 0.083843	 0.044652	 0.0284	 0.0268	 0.2168	 0.2459	 0.4664	 0.4115	PixelFly	L1.5-	160x 60	1.0063	0.1400	0.0600	20	0	 5	150	 200	200	     0
12/02/19 23:40:15	OT	MENKALINAN     	 0.4073	 1.1536	 2329.3	 2233.1	 0.061051	 0.047941	 0.0306	 0.0248	 0.2623	 0.2358	 0.3853	 0.4292	PixelFly	L1.5-	160x 60	1.0063	0.1400	0.0600	20	0	 5	150	 200	200	     0
12/02/19 23:40:45	OT	MENKALINAN     	 0.3982	 1.1546	 2324.5	 2201.1	 0.061543	 0.044363	 0.0299	 0.0309	 0.2612	 0.2471	 0.3870	 0.4095	PixelFly	L1.5-	160x 60	1.0063	0.1400	0.0600	20	0	 5	150	 200	200	     0
12/02/19 23:41:15	OT	MENKALINAN     	 0.4131	 1.1555	 2298.2	 2288.5	 0.061441	 0.050023	 0.0311	 0.0320	 0.2616	 0.2300	 0.3864	 0.4398	PixelFly	L1.5-	160x 60	1.0063	0.1400	0.0600	20	0	 5	150	 200	200	     0
12/02/19 23:41:15	OT	MENKALINAN     	 0.0000	 1.1555	    0.0	    0.0	-0.000000	-0.000000	    0.0	    0.0	    0.0	    0.0	 0.0000	 0.0000	PixelFly	L1.5-	160x 60	1.0063	0.1400	0.0600	20	0	 5	150	 200	  0	    31
12/02/19 23:43:26	OT	POLLUX         	 0.4198	 1.0040	 4756.9	 4649.4	 0.067472	 0.036309	 0.0180	 0.0238	 0.2273	 0.2563	 0.4447	 0.3948	PixelFly	L1.5-	160x 60	1.0063	0.1400	0.0600	20	0	 5	150	 200	200	     0
12/02/19 23:43:57	OT	POLLUX         	 0.4338	 1.0042	 4800.5	 4662.1	 0.068463	 0.040109	 0.0254	 0.0233	 0.2253	 0.2414	 0.4486	 0.4191	PixelFly	L1.5-	160x 60	1.0063	0.1400	0.0600	20	0	 5	150	 200	199	     0
12/02/19 23:44:27	OT	POLLUX         	 0.4484	 1.0044	 4784.3	 4717.5	 0.069037	 0.044510	 0.0244	 0.0219	 0.2242	 0.2268	 0.4508	 0.4461	PixelFly	L1.5-	160x 60	1.0063	0.1400	0.0600	20	0	 5	150	 200	200	     0
12/02/19 23:44:57	OT	POLLUX         	 0.4662	 1.0046	 4761.3	 4667.4	 0.078180	 0.044630	 0.0270	 0.0316	 0.2081	 0.2265	 0.4857	 0.4467	PixelFly	L1.5-	160x 60	1.0063	0.1400	0.0600	20	0	 5	150	 200	200	     0
12/02/19 23:45:27	OT	POLLUX         	 0.3984	 1.0048	 4839.8	 4620.4	 0.055730	 0.037186	 0.0155	 0.0188	 0.2550	 0.2527	 0.3964	 0.4003	PixelFly	L1.5-	160x 60	1.0063	0.1400	0.0600	20	0	 5	150	 200	200	     0
12/02/19 23:45:57	OT	POLLUX         	 0.4582	 1.0050	 4872.2	 4682.7	 0.069248	 0.047737	 0.0194	 0.0156	 0.2239	 0.2176	 0.4515	 0.4650	PixelFly	L1.5-	160x 60	1.0063	0.1400	0.0600	20	0	 5	150	 200	200	     0
12/02/19 23:46:27	OT	POLLUX         	 0.4445	 1.0052	 4788.0	 4660.8	 0.075121	 0.039509	 0.0227	 0.0189	 0.2133	 0.2438	 0.4740	 0.4151	PixelFly	L1.5-	160x 60	1.0063	0.1400	0.0600	20	0	 5	150	 200	200	     0
12/02/19 23:47:00	OT	POLLUX         	 0.4574	 1.0054	 4860.0	 4592.0	 0.075908	 0.043198	 0.0284	 0.0228	 0.2120	 0.2311	 0.4769	 0.4379	PixelFly	L1.5-	160x 60	1.0063	0.1400	0.0600	20	0	 5	150	 200	199	     0
12/02/19 23:47:34	OT	POLLUX         	 0.3842	 1.0056	 4776.1	 4648.8	 0.059104	 0.030881	 0.0208	 0.0190	 0.2463	 0.2827	 0.4104	 0.3579	PixelFly	L1.5-	160x 60	1.0063	0.1400	0.0600	20	0	 5	150	 200	199	     0
12/02/19 23:47:39	OT	POLLUX         	 0.4564	 1.0056	 4881.5	 4545.8	 0.066828	 0.048799	 0.0276	 0.0193	 0.2288	 0.2148	 0.4418	 0.4710	PixelFly	L1.5-	160x 60	1.0063	0.1400	0.0600	20	0	 5	150	 200	 28	    99
