Fecha Hora	Ubicacion	Objeto	Seeing	Maire	Flujo 1	Flujo 2	Var l	Var t	Centelleo 1	Centelleo 2	r0l	r0t	fwhml	fwmlt	CCD	Software	Ventana	EscalaPlaca	Distancia	Diametro	WinSpot	Gain	Texp	Sampling	N	Muestras	Return
13/02/19 19:43:01	OT	MIRFAK         	 0.9908	 1.0891	 2438.7	 2373.4	 0.268521	 0.188900	 0.0725	 0.0730	 0.1042	 0.1000	 0.9701	 1.0115	PixelFly	L1.5-	160x 60	1.0063	0.1400	0.0600	20	0	 5	150	 200	200	     0
13/02/19 19:43:31	OT	MIRFAK         	 1.0227	 1.0894	 2427.8	 2347.1	 0.276673	 0.203631	 0.0843	 0.0768	 0.1024	 0.0956	 0.9875	 1.0579	PixelFly	L1.5-	160x 60	1.0063	0.1400	0.0600	20	0	 5	150	 200	200	     0
13/02/19 19:44:01	OT	MIRFAK         	 0.9804	 1.0897	 2445.7	 2323.7	 0.283353	 0.172992	 0.0690	 0.0627	 0.1009	 0.1055	 1.0016	 0.9592	PixelFly	L1.5-	160x 60	1.0063	0.1400	0.0600	20	0	 5	150	 200	200	     0
13/02/19 19:44:31	OT	MIRFAK         	 0.9806	 1.0900	 2439.4	 2364.4	 0.262074	 0.187200	 0.0617	 0.0556	 0.1058	 0.1006	 0.9556	 1.0055	PixelFly	L1.5-	160x 60	1.0063	0.1400	0.0600	20	0	 5	150	 200	200	     0
13/02/19 19:45:01	OT	MIRFAK         	 1.0085	 1.0903	 2446.0	 2408.1	 0.304953	 0.176580	 0.0800	 0.0716	 0.0966	 0.1042	 1.0464	 0.9707	PixelFly	L1.5-	160x 60	1.0063	0.1400	0.0600	20	0	 5	150	 200	200	     0
13/02/19 19:45:31	OT	MIRFAK         	 1.0792	 1.0906	 2430.4	 2321.5	 0.285442	 0.235267	 0.0450	 0.0398	 0.1005	 0.0878	 1.0055	 1.1529	PixelFly	L1.5-	160x 60	1.0063	0.1400	0.0600	20	0	 5	150	 200	200	     0
13/02/19 19:46:01	OT	MIRFAK         	 0.9160	 1.0909	 2459.2	 2334.0	 0.240351	 0.163094	 0.0426	 0.0557	 0.1115	 0.1094	 0.9068	 0.9252	PixelFly	L1.5-	160x 60	1.0063	0.1400	0.0600	20	0	 5	150	 200	200	     0
13/02/19 19:46:31	OT	MIRFAK         	 0.9291	 1.0913	 2374.9	 2417.9	 0.245012	 0.167830	 0.0585	 0.0596	 0.1102	 0.1075	 0.9171	 0.9411	PixelFly	L1.5-	160x 60	1.0063	0.1400	0.0600	20	0	 5	150	 200	200	     0
13/02/19 19:47:01	OT	MIRFAK         	 0.9992	 1.0916	 2432.0	 2362.8	 0.311661	 0.167296	 0.0697	 0.0496	 0.0954	 0.1077	 1.0594	 0.9391	PixelFly	L1.5-	160x 60	1.0063	0.1400	0.0600	20	0	 5	150	 200	200	     0
13/02/19 19:47:31	OT	MIRFAK         	 0.9558	 1.0919	 2407.9	 2377.8	 0.269413	 0.167942	 0.0505	 0.0403	 0.1042	 0.1075	 0.9706	 0.9411	PixelFly	L1.5-	160x 60	1.0063	0.1400	0.0600	20	0	 5	150	 200	200	     0
13/02/19 19:48:01	OT	MIRFAK         	 0.9269	 1.0922	 2415.5	 2338.8	 0.249563	 0.163784	 0.0420	 0.0581	 0.1091	 0.1092	 0.9268	 0.9269	PixelFly	L1.5-	160x 60	1.0063	0.1400	0.0600	20	0	 5	150	 200	200	     0
13/02/19 19:48:32	OT	MIRFAK         	 0.9132	 1.0926	 2414.9	 2377.7	 0.265695	 0.145813	 0.0424	 0.0492	 0.1051	 0.1171	 0.9621	 0.8643	PixelFly	L1.5-	160x 60	1.0063	0.1400	0.0600	20	0	 5	150	 200	199	     0
13/02/19 19:49:02	OT	MIRFAK         	 0.9234	 1.0929	 2443.3	 2325.9	 0.273910	 0.146638	 0.0445	 0.0431	 0.1032	 0.1167	 0.9797	 0.8671	PixelFly	L1.5-	160x 60	1.0063	0.1400	0.0600	20	0	 5	150	 200	200	     0
13/02/19 19:49:32	OT	MIRFAK         	 0.9395	 1.0933	 2470.4	 2443.6	 0.293413	 0.144223	 0.0511	 0.0514	 0.0990	 0.1179	 1.0208	 0.8583	PixelFly	L1.5-	160x 60	1.0063	0.1400	0.0600	20	0	 5	150	 200	200	     0
13/02/19 19:50:02	OT	MIRFAK         	 1.0502	 1.0936	 2413.1	 2364.3	 0.297354	 0.208833	 0.0478	 0.0528	 0.0983	 0.0944	 1.0288	 1.0716	PixelFly	L1.5-	160x 60	1.0063	0.1400	0.0600	20	0	 5	150	 200	200	     0
13/02/19 19:50:32	OT	MIRFAK         	 0.8337	 1.0939	 2483.9	 2389.4	 0.183910	 0.155136	 0.0501	 0.0499	 0.1311	 0.1129	 0.7710	 0.8964	PixelFly	L1.5-	160x 60	1.0063	0.1400	0.0600	20	0	 5	150	 200	200	     0
13/02/19 19:51:02	OT	MIRFAK         	 0.9374	 1.0943	 2425.0	 2351.4	 0.231019	 0.183409	 0.0444	 0.0401	 0.1144	 0.1021	 0.8839	 0.9909	PixelFly	L1.5-	160x 60	1.0063	0.1400	0.0600	20	0	 5	150	 200	200	     0
13/02/19 19:51:31	OT	MIRFAK         	 0.8832	 1.0946	 2459.9	 2343.4	 0.195705	 0.175997	 0.0414	 0.0419	 0.1264	 0.1047	 0.8000	 0.9665	PixelFly	L1.5-	160x 60	1.0063	0.1400	0.0600	20	0	 5	150	 200	200	     0
13/02/19 19:52:01	OT	MIRFAK         	 0.9035	 1.0950	 2466.7	 2322.8	 0.221451	 0.169769	 0.0448	 0.0475	 0.1174	 0.1070	 0.8614	 0.9456	PixelFly	L1.5-	160x 60	1.0063	0.1400	0.0600	20	0	 5	150	 200	200	     0
13/02/19 19:52:31	OT	MIRFAK         	 0.9878	 1.0954	 2421.5	 2392.5	 0.236435	 0.211902	 0.0395	 0.0584	 0.1129	 0.0937	 0.8957	 1.0799	PixelFly	L1.5-	160x 60	1.0063	0.1400	0.0600	20	0	 5	150	 200	200	     0
13/02/19 19:53:01	OT	MIRFAK         	 0.9020	 1.0957	 2455.6	 2322.2	 0.248890	 0.150844	 0.0548	 0.0572	 0.1095	 0.1149	 0.9236	 0.8805	PixelFly	L1.5-	160x 60	1.0063	0.1400	0.0600	20	0	 5	150	 200	200	     0
13/02/19 19:53:31	OT	MIRFAK         	 1.0525	 1.0961	 2476.7	 2398.8	 0.274575	 0.227214	 0.0629	 0.0645	 0.1032	 0.0899	 0.9794	 1.1257	PixelFly	L1.5-	160x 60	1.0063	0.1400	0.0600	20	0	 5	150	 200	200	     0
13/02/19 19:54:01	OT	MIRFAK         	 1.0745	 1.0965	 2442.8	 2371.4	 0.344857	 0.194827	 0.0617	 0.0567	 0.0900	 0.0986	 1.1227	 1.0262	PixelFly	L1.5-	160x 60	1.0063	0.1400	0.0600	20	0	 5	150	 200	200	     0
13/02/19 19:54:31	OT	MIRFAK         	 0.9484	 1.0968	 2463.2	 2386.0	 0.239639	 0.184988	 0.0557	 0.0529	 0.1120	 0.1017	 0.9022	 0.9946	PixelFly	L1.5-	160x 60	1.0063	0.1400	0.0600	20	0	 5	150	 200	200	     0
13/02/19 19:55:01	OT	MIRFAK         	 1.0362	 1.0972	 2387.9	 2286.3	 0.355063	 0.165549	 0.0600	 0.0679	 0.0885	 0.1088	 1.1420	 0.9303	PixelFly	L1.5-	160x 60	1.0063	0.1400	0.0600	20	0	 5	150	 200	200	    50
13/02/19 19:55:31	OT	MIRFAK         	 0.9228	 1.0976	 2459.7	 2410.6	 0.264470	 0.153450	 0.1016	 0.0962	 0.1056	 0.1138	 0.9568	 0.8887	PixelFly	L1.5-	160x 60	1.0063	0.1400	0.0600	20	0	 5	150	 200	200	     0
13/02/19 19:56:01	OT	MIRFAK         	 1.0744	 1.0980	 2468.9	 2313.2	 0.333351	 0.202547	 0.0959	 0.1238	 0.0920	 0.0964	 1.0992	 1.0496	PixelFly	L1.5-	160x 60	1.0063	0.1400	0.0600	20	0	 5	150	 200	200	     0
13/02/19 19:56:31	OT	MIRFAK         	 0.8983	 1.0984	 2437.7	 2356.0	 0.252624	 0.147094	 0.0562	 0.0610	 0.1086	 0.1168	 0.9305	 0.8661	PixelFly	L1.5-	160x 60	1.0063	0.1400	0.0600	20	0	 5	150	 200	200	     0
13/02/19 19:57:01	OT	MIRFAK         	 1.0441	 1.0988	 2430.4	 2317.6	 0.279301	 0.219230	 0.0615	 0.0678	 0.1023	 0.0920	 0.9880	 1.1001	PixelFly	L1.5-	160x 60	1.0063	0.1400	0.0600	20	0	 5	150	 200	200	     0
13/02/19 19:57:31	OT	MIRFAK         	 0.8689	 1.0992	 2392.2	 2327.5	 0.229968	 0.145129	 0.0503	 0.0559	 0.1150	 0.1178	 0.8791	 0.8588	PixelFly	L1.5-	160x 60	1.0063	0.1400	0.0600	20	0	 5	150	 200	200	     0
13/02/19 19:58:01	OT	MIRFAK         	 0.9485	 1.0996	 2404.3	 2353.5	 0.262393	 0.170510	 0.0692	 0.0625	 0.1063	 0.1070	 0.9513	 0.9457	PixelFly	L1.5-	160x 60	1.0063	0.1400	0.0600	20	0	 5	150	 200	200	     0
13/02/19 19:58:32	OT	MIRFAK         	 0.9879	 1.1000	 2467.4	 2388.6	 0.286529	 0.178867	 0.0984	 0.0843	 0.1008	 0.1040	 1.0026	 0.9731	PixelFly	L1.5-	160x 60	1.0063	0.1400	0.0600	20	0	 5	150	 200	199	     0
13/02/19 19:59:02	OT	MIRFAK         	 1.1230	 1.1004	 2411.6	 2386.2	 0.335981	 0.234000	 0.1146	 0.1028	 0.0917	 0.0885	 1.1029	 1.1430	PixelFly	L1.5-	160x 60	1.0063	0.1400	0.0600	20	0	 5	150	 200	200	     0
13/02/19 19:59:32	OT	MIRFAK         	 1.0248	 1.1008	 2370.7	 2345.2	 0.307731	 0.188411	 0.1051	 0.0940	 0.0966	 0.1008	 1.0461	 1.0034	PixelFly	L1.5-	160x 60	1.0063	0.1400	0.0600	20	0	 5	150	 200	200	     0
13/02/19 20:00:02	OT	MIRFAK         	 1.1221	 1.1012	 2419.2	 2277.4	 0.340961	 0.230458	 0.0921	 0.0946	 0.0909	 0.0894	 1.1122	 1.1321	PixelFly	L1.5-	160x 60	1.0063	0.1400	0.0600	20	0	 5	150	 200	200	     0
13/02/19 20:00:32	OT	MIRFAK         	 0.9990	 1.1016	 2415.8	 2236.2	 0.259745	 0.204473	 0.0622	 0.0773	 0.1070	 0.0960	 0.9445	 1.0535	PixelFly	L1.5-	160x 60	1.0063	0.1400	0.0600	20	0	 5	150	 200	200	     0
13/02/19 20:01:02	OT	MIRFAK         	 1.2117	 1.1020	 2462.2	 2268.6	 0.355989	 0.283946	 0.0572	 0.0658	 0.0886	 0.0789	 1.1408	 1.2826	PixelFly	L1.5-	160x 60	1.0063	0.1400	0.0600	20	0	 5	150	 200	200	     0
13/02/19 20:01:32	OT	MIRFAK         	 0.9885	 1.1025	 2442.4	 2277.6	 0.313819	 0.163110	 0.0692	 0.0604	 0.0956	 0.1100	 1.0575	 0.9194	PixelFly	L1.5-	160x 60	1.0063	0.1400	0.0600	20	0	 5	150	 200	200	     0
13/02/19 20:02:02	OT	MIRFAK         	 0.9581	 1.1029	 2371.0	 2289.5	 0.271401	 0.171471	 0.0764	 0.0710	 0.1043	 0.1068	 0.9690	 0.9472	PixelFly	L1.5-	160x 60	1.0063	0.1400	0.0600	20	0	 5	150	 200	200	     0
13/02/19 20:02:32	OT	MIRFAK         	 0.9037	 1.1033	 2418.8	 2358.8	 0.265383	 0.143679	 0.0711	 0.0714	 0.1058	 0.1188	 0.9558	 0.8517	PixelFly	L1.5-	160x 60	1.0063	0.1400	0.0600	20	0	 5	150	 200	200	     0
13/02/19 20:03:02	OT	MIRFAK         	 0.9178	 1.1038	 2393.0	 2322.9	 0.227755	 0.176649	 0.0570	 0.0545	 0.1159	 0.1050	 0.8718	 0.9638	PixelFly	L1.5-	160x 60	1.0063	0.1400	0.0600	20	0	 5	150	 200	200	     0
13/02/19 20:03:31	OT	MIRFAK         	 1.0391	 1.1042	 2397.9	 2374.8	 0.319423	 0.191181	 0.0805	 0.0598	 0.0947	 0.1001	 1.0678	 1.0104	PixelFly	L1.5-	160x 60	1.0063	0.1400	0.0600	20	0	 5	150	 200	200	     0
13/02/19 20:04:01	OT	MIRFAK         	 1.0026	 1.1046	 2414.4	 2218.4	 0.302286	 0.179445	 0.0601	 0.0748	 0.0979	 0.1040	 1.0328	 0.9725	PixelFly	L1.5-	160x 60	1.0063	0.1400	0.0600	20	0	 5	150	 200	200	     0
13/02/19 20:04:31	OT	MIRFAK         	 0.9714	 1.1051	 2386.7	 2323.4	 0.291531	 0.167349	 0.0495	 0.0549	 0.1001	 0.1085	 1.0103	 0.9324	PixelFly	L1.5-	160x 60	1.0063	0.1400	0.0600	20	0	 5	150	 200	200	     0
13/02/19 20:05:01	OT	MIRFAK         	 0.8663	 1.1055	 2407.4	 2335.6	 0.210135	 0.158624	 0.0459	 0.0451	 0.1218	 0.1121	 0.8299	 0.9027	PixelFly	L1.5-	160x 60	1.0063	0.1400	0.0600	20	0	 5	150	 200	200	     0
13/02/19 20:05:31	OT	MIRFAK         	 0.7383	 1.1060	 2351.3	 2356.4	 0.161888	 0.120971	 0.0405	 0.0404	 0.1425	 0.1319	 0.7095	 0.7670	PixelFly	L1.5-	160x 60	1.0063	0.1400	0.0600	20	0	 5	150	 200	200	     0
13/02/19 20:06:01	OT	MIRFAK         	 0.7826	 1.1064	 2480.2	 2365.2	 0.180945	 0.131676	 0.0346	 0.0368	 0.1333	 0.1254	 0.7583	 0.8069	PixelFly	L1.5-	160x 60	1.0063	0.1400	0.0600	20	0	 5	150	 200	200	     0
13/02/19 20:06:31	OT	MIRFAK         	 0.9681	 1.1069	 2462.6	 2312.9	 0.304988	 0.157764	 0.0417	 0.0340	 0.0975	 0.1125	 1.0370	 0.8991	PixelFly	L1.5-	160x 60	1.0063	0.1400	0.0600	20	0	 5	150	 200	200	     0
13/02/19 20:07:01	OT	MIRFAK         	 1.2128	 1.1073	 2391.7	 2339.7	 0.387193	 0.265805	 0.0417	 0.0436	 0.0845	 0.0823	 1.1964	 1.2292	PixelFly	L1.5-	160x 60	1.0063	0.1400	0.0600	20	0	 5	150	 200	200	     0
13/02/19 20:07:31	OT	MIRFAK         	 0.8363	 1.1078	 2380.3	 2294.0	 0.244389	 0.120660	 0.0542	 0.0449	 0.1114	 0.1322	 0.9075	 0.7651	PixelFly	L1.5-	160x 60	1.0063	0.1400	0.0600	20	0	 5	150	 200	200	     0
13/02/19 20:08:01	OT	MIRFAK         	 0.9000	 1.1083	 2401.8	 2364.1	 0.263454	 0.144116	 0.0411	 0.0416	 0.1065	 0.1189	 0.9491	 0.8509	PixelFly	L1.5-	160x 60	1.0063	0.1400	0.0600	20	0	 5	150	 200	200	     0
13/02/19 20:08:32	OT	MIRFAK         	 0.9234	 1.1088	 2416.2	 2348.3	 0.252194	 0.164959	 0.0458	 0.0386	 0.1094	 0.1097	 0.9243	 0.9225	PixelFly	L1.5-	160x 60	1.0063	0.1400	0.0600	20	0	 5	150	 200	199	     0
13/02/19 20:09:02	OT	MIRFAK         	 1.0875	 1.1092	 2399.6	 2360.6	 0.302716	 0.236182	 0.0438	 0.0582	 0.0980	 0.0885	 1.0311	 1.1439	PixelFly	L1.5-	160x 60	1.0063	0.1400	0.0600	20	0	 5	150	 200	200	     0
13/02/19 20:09:32	OT	MIRFAK         	 1.0953	 1.1097	 2349.5	 2370.9	 0.330336	 0.222860	 0.0511	 0.0451	 0.0931	 0.0916	 1.0862	 1.1045	PixelFly	L1.5-	160x 60	1.0063	0.1400	0.0600	20	0	 5	150	 200	200	     0
13/02/19 20:10:02	OT	MIRFAK         	 0.8821	 1.1102	 2392.4	 2334.1	 0.208410	 0.170541	 0.0515	 0.0461	 0.1227	 0.1076	 0.8237	 0.9404	PixelFly	L1.5-	160x 60	1.0063	0.1400	0.0600	20	0	 5	150	 200	200	     0
13/02/19 20:10:32	OT	MIRFAK         	 0.9507	 1.1107	 2440.2	 2313.8	 0.268417	 0.171380	 0.0559	 0.0534	 0.1055	 0.1073	 0.9585	 0.9429	PixelFly	L1.5-	160x 60	1.0063	0.1400	0.0600	20	0	 5	150	 200	200	     0
13/02/19 20:11:02	OT	MIRFAK         	 0.8504	 1.1112	 2382.0	 2368.4	 0.216004	 0.146954	 0.0656	 0.0655	 0.1202	 0.1177	 0.8412	 0.8596	PixelFly	L1.5-	160x 60	1.0063	0.1400	0.0600	20	0	 5	150	 200	200	     0
13/02/19 20:11:32	OT	MIRFAK         	 0.9429	 1.1117	 2432.8	 2362.6	 0.255701	 0.175277	 0.0653	 0.0619	 0.1086	 0.1059	 0.9305	 0.9552	PixelFly	L1.5-	160x 60	1.0063	0.1400	0.0600	20	0	 5	150	 200	200	     0
13/02/19 20:12:02	OT	MIRFAK         	 0.8978	 1.1122	 2344.4	 2308.8	 0.263581	 0.143862	 0.0562	 0.0506	 0.1067	 0.1193	 0.9474	 0.8482	PixelFly	L1.5-	160x 60	1.0063	0.1400	0.0600	20	0	 5	150	 200	200	     0
13/02/19 20:12:32	OT	MIRFAK         	 1.2235	 1.1127	 2416.0	 2374.6	 0.392976	 0.272241	 0.0631	 0.0553	 0.0840	 0.0814	 1.2036	 1.2434	PixelFly	L1.5-	160x 60	1.0063	0.1400	0.0600	20	0	 5	150	 200	200	     0
13/02/19 20:13:02	OT	MIRFAK         	 1.1094	 1.1132	 2411.7	 2315.8	 0.347205	 0.222621	 0.0500	 0.0543	 0.0905	 0.0918	 1.1171	 1.1017	PixelFly	L1.5-	160x 60	1.0063	0.1400	0.0600	20	0	 5	150	 200	200	     0
13/02/19 20:13:32	OT	MIRFAK         	 1.1627	 1.1137	 2382.0	 2243.1	 0.400244	 0.225250	 0.0507	 0.0553	 0.0831	 0.0912	 1.2162	 1.1092	PixelFly	L1.5-	160x 60	1.0063	0.1400	0.0600	20	0	 5	150	 200	200	     0
13/02/19 20:14:02	OT	MIRFAK         	 0.9368	 1.1142	 2396.2	 2310.5	 0.254122	 0.173385	 0.0616	 0.0644	 0.1092	 0.1068	 0.9258	 0.9477	PixelFly	L1.5-	160x 60	1.0063	0.1400	0.0600	20	0	 5	150	 200	200	     0
13/02/19 20:14:31	OT	MIRFAK         	 0.8757	 1.1147	 2461.9	 2320.1	 0.241090	 0.146009	 0.0523	 0.0638	 0.1127	 0.1184	 0.8968	 0.8546	PixelFly	L1.5-	160x 60	1.0063	0.1400	0.0600	20	0	 5	150	 200	200	     0
13/02/19 20:15:01	OT	MIRFAK         	 0.8447	 1.1152	 2439.3	 2377.8	 0.207510	 0.150464	 0.0785	 0.0586	 0.1234	 0.1163	 0.8194	 0.8700	PixelFly	L1.5-	160x 60	1.0063	0.1400	0.0600	20	0	 5	150	 200	200	     0
13/02/19 20:15:31	OT	MIRFAK         	 0.9288	 1.1157	 2438.8	 2312.9	 0.282162	 0.151293	 0.0496	 0.0542	 0.1026	 0.1160	 0.9850	 0.8726	PixelFly	L1.5-	160x 60	1.0063	0.1400	0.0600	20	0	 5	150	 200	200	     0
13/02/19 20:16:01	OT	MIRFAK         	 0.9760	 1.1163	 2424.3	 2318.1	 0.279416	 0.181498	 0.0501	 0.0443	 0.1033	 0.1040	 0.9790	 0.9730	PixelFly	L1.5-	160x 60	1.0063	0.1400	0.0600	20	0	 5	150	 200	200	     0
13/02/19 20:16:31	OT	MIRFAK         	 0.8391	 1.1168	 2330.0	 2335.3	 0.224838	 0.136305	 0.0426	 0.0567	 0.1177	 0.1235	 0.8590	 0.8192	PixelFly	L1.5-	160x 60	1.0063	0.1400	0.0600	20	0	 5	150	 200	200	     0
13/02/19 20:17:01	OT	MIRFAK         	 0.8568	 1.1173	 2465.2	 2353.8	 0.221101	 0.148844	 0.0432	 0.0419	 0.1189	 0.1172	 0.8502	 0.8633	PixelFly	L1.5-	160x 60	1.0063	0.1400	0.0600	20	0	 5	150	 200	200	     0
13/02/19 20:17:31	OT	MIRFAK         	 0.8800	 1.1179	 2459.1	 2268.9	 0.261343	 0.136771	 0.0472	 0.0486	 0.1076	 0.1233	 0.9397	 0.8204	PixelFly	L1.5-	160x 60	1.0063	0.1400	0.0600	20	0	 5	150	 200	200	     0
13/02/19 20:18:01	OT	MIRFAK         	 0.9754	 1.1184	 2472.7	 2383.0	 0.278844	 0.182227	 0.0516	 0.0538	 0.1035	 0.1039	 0.9766	 0.9742	PixelFly	L1.5-	160x 60	1.0063	0.1400	0.0600	20	0	 5	150	 200	200	     0
13/02/19 20:18:31	OT	MIRFAK         	 1.0154	 1.1190	 2351.4	 2304.3	 0.330258	 0.174827	 0.0381	 0.0694	 0.0935	 0.1065	 1.0807	 0.9500	PixelFly	L1.5-	160x 60	1.0063	0.1400	0.0600	20	0	 5	150	 200	200	     0
13/02/19 20:19:02	OT	MIRFAK         	 1.0518	 1.1195	 2414.7	 2350.1	 0.311720	 0.209963	 0.0565	 0.0612	 0.0969	 0.0955	 1.0436	 1.0600	PixelFly	L1.5-	160x 60	1.0063	0.1400	0.0600	20	0	 5	150	 200	199	     0
13/02/19 20:19:32	OT	MIRFAK         	 0.9316	 1.1201	 2359.9	 2275.3	 0.260462	 0.167871	 0.0530	 0.0564	 0.1079	 0.1092	 0.9366	 0.9266	PixelFly	L1.5-	160x 60	1.0063	0.1400	0.0600	20	0	 5	150	 200	200	     0
13/02/19 20:20:02	OT	MIRFAK         	 1.0735	 1.1206	 2378.9	 2292.4	 0.324322	 0.216489	 0.0533	 0.0459	 0.0946	 0.0938	 1.0680	 1.0790	PixelFly	L1.5-	160x 60	1.0063	0.1400	0.0600	20	0	 5	150	 200	200	     0
13/02/19 20:20:32	OT	MIRFAK         	 0.9704	 1.1212	 2441.5	 2259.7	 0.268462	 0.186856	 0.0454	 0.0442	 0.1060	 0.1025	 0.9532	 0.9875	PixelFly	L1.5-	160x 60	1.0063	0.1400	0.0600	20	0	 5	150	 200	200	     0
13/02/19 20:21:02	OT	MIRFAK         	 0.8637	 1.1218	 2392.6	 2380.4	 0.236173	 0.144170	 0.0451	 0.0355	 0.1146	 0.1197	 0.8824	 0.8450	PixelFly	L1.5-	160x 60	1.0063	0.1400	0.0600	20	0	 5	150	 200	200	     0
13/02/19 20:21:32	OT	MIRFAK         	 1.1071	 1.1223	 2401.5	 2311.6	 0.354290	 0.220182	 0.0521	 0.0637	 0.0898	 0.0929	 1.1252	 1.0891	PixelFly	L1.5-	160x 60	1.0063	0.1400	0.0600	20	0	 5	150	 200	200	     0
13/02/19 20:22:02	OT	MIRFAK         	 1.1132	 1.1229	 2397.4	 2342.0	 0.321212	 0.246801	 0.0527	 0.0624	 0.0953	 0.0868	 1.0606	 1.1659	PixelFly	L1.5-	160x 60	1.0063	0.1400	0.0600	20	0	 5	150	 200	200	     0
13/02/19 20:22:32	OT	MIRFAK         	 1.2410	 1.1235	 2298.0	 2295.8	 0.368577	 0.307709	 0.0562	 0.0584	 0.0878	 0.0760	 1.1515	 1.3305	PixelFly	L1.5-	160x 60	1.0063	0.1400	0.0600	20	0	 5	150	 200	200	     0
13/02/19 20:23:02	OT	MIRFAK         	 1.0961	 1.1241	 2360.9	 2402.4	 0.334003	 0.226683	 0.0552	 0.0468	 0.0932	 0.0914	 1.0851	 1.1072	PixelFly	L1.5-	160x 60	1.0063	0.1400	0.0600	20	0	 5	150	 200	200	     0
13/02/19 20:23:32	OT	MIRFAK         	 1.1136	 1.1246	 2361.5	 2299.0	 0.362740	 0.220084	 0.0415	 0.0447	 0.0887	 0.0930	 1.1398	 1.0874	PixelFly	L1.5-	160x 60	1.0063	0.1400	0.0600	20	0	 5	150	 200	200	     0
13/02/19 20:24:02	OT	MIRFAK         	 1.1702	 1.1252	 2445.7	 2285.6	 0.350002	 0.268633	 0.0461	 0.0464	 0.0906	 0.0826	 1.1153	 1.2252	PixelFly	L1.5-	160x 60	1.0063	0.1400	0.0600	20	0	 5	150	 200	200	     0
13/02/19 20:24:32	OT	MIRFAK         	 1.0736	 1.1258	 2427.9	 2225.0	 0.336698	 0.210470	 0.0541	 0.0512	 0.0928	 0.0956	 1.0893	 1.0580	PixelFly	L1.5-	160x 60	1.0063	0.1400	0.0600	20	0	 5	150	 200	200	     0
13/02/19 20:25:02	OT	MIRFAK         	 1.1201	 1.1264	 2498.2	 2330.1	 0.316256	 0.256643	 0.0617	 0.0575	 0.0964	 0.0849	 1.0488	 1.1913	PixelFly	L1.5-	160x 60	1.0063	0.1400	0.0600	20	0	 5	150	 200	200	     0
13/02/19 20:25:32	OT	MIRFAK         	 1.0167	 1.1270	 2402.0	 2265.2	 0.277816	 0.212471	 0.0640	 0.0743	 0.1042	 0.0952	 0.9700	 1.0634	PixelFly	L1.5-	160x 60	1.0063	0.1400	0.0600	20	0	 5	150	 200	200	     0
13/02/19 20:26:02	OT	MIRFAK         	 1.0804	 1.1276	 2365.4	 2380.7	 0.356677	 0.202996	 0.0897	 0.0809	 0.0897	 0.0978	 1.1265	 1.0343	PixelFly	L1.5-	160x 60	1.0063	0.1400	0.0600	20	0	 5	150	 200	200	     0
13/02/19 20:26:32	OT	MIRFAK         	 1.1641	 1.1282	 2403.7	 2299.5	 0.403023	 0.230699	 0.0866	 0.1058	 0.0834	 0.0906	 1.2118	 1.1165	PixelFly	L1.5-	160x 60	1.0063	0.1400	0.0600	20	0	 5	150	 200	200	     0
13/02/19 20:27:02	OT	MIRFAK         	 0.9646	 1.1288	 2403.9	 2277.2	 0.257878	 0.192893	 0.0673	 0.0918	 0.1091	 0.1009	 0.9267	 1.0025	PixelFly	L1.5-	160x 60	1.0063	0.1400	0.0600	20	0	 5	150	 200	200	     0
13/02/19 20:27:32	OT	MIRFAK         	 0.9930	 1.1294	 2373.0	 2357.8	 0.312143	 0.175586	 0.0811	 0.0659	 0.0973	 0.1068	 1.0389	 0.9472	PixelFly	L1.5-	160x 60	1.0063	0.1400	0.0600	20	0	 5	150	 200	200	     0
13/02/19 20:28:02	OT	MIRFAK         	 1.2100	 1.1301	 2442.8	 2323.1	 0.388293	 0.273768	 0.0765	 0.0704	 0.0854	 0.0819	 1.1839	 1.2360	PixelFly	L1.5-	160x 60	1.0063	0.1400	0.0600	20	0	 5	150	 200	200	     0
13/02/19 20:28:32	OT	MIRFAK         	 1.1272	 1.1307	 2345.2	 2345.8	 0.324168	 0.257959	 0.0808	 0.0775	 0.0952	 0.0849	 1.0620	 1.1923	PixelFly	L1.5-	160x 60	1.0063	0.1400	0.0600	20	0	 5	150	 200	200	     0
13/02/19 20:29:03	OT	MIRFAK         	 1.0090	 1.1313	 2478.6	 2309.2	 0.306250	 0.189979	 0.0915	 0.0805	 0.0985	 0.1020	 1.0261	 0.9920	PixelFly	L1.5-	160x 60	1.0063	0.1400	0.0600	20	0	 5	150	 200	199	     0
13/02/19 20:29:33	OT	MIRFAK         	 1.0950	 1.1320	 2369.4	 2336.0	 0.378057	 0.201079	 0.0920	 0.0905	 0.0869	 0.0986	 1.1639	 1.0261	PixelFly	L1.5-	160x 60	1.0063	0.1400	0.0600	20	0	 5	150	 200	200	     0
13/02/19 20:30:03	OT	MIRFAK         	 1.0138	 1.1326	 2479.3	 2269.9	 0.356918	 0.162785	 0.0812	 0.0927	 0.0899	 0.1120	 1.1240	 0.9036	PixelFly	L1.5-	160x 60	1.0063	0.1400	0.0600	20	0	 5	150	 200	200	    50
13/02/19 20:30:33	OT	MIRFAK         	 1.0637	 1.1332	 2378.4	 2356.6	 0.275485	 0.248953	 0.1165	 0.0956	 0.1051	 0.0868	 0.9619	 1.1656	PixelFly	L1.5-	160x 60	1.0063	0.1400	0.0600	20	0	 5	150	 200	200	     0
13/02/19 20:31:03	OT	MIRFAK         	 0.9946	 1.1339	 2438.6	 2343.8	 0.272762	 0.203794	 0.1288	 0.1179	 0.1058	 0.0979	 0.9559	 1.0333	PixelFly	L1.5-	160x 60	1.0063	0.1400	0.0600	20	0	 5	150	 200	200	     0
13/02/19 20:31:33	OT	MIRFAK         	 0.8372	 1.1345	 2467.0	 2274.5	 0.198245	 0.157621	 0.0878	 0.1007	 0.1281	 0.1143	 0.7891	 0.8854	PixelFly	L1.5-	160x 60	1.0063	0.1400	0.0600	20	0	 5	150	 200	200	     0
13/02/19 20:32:03	OT	MIRFAK         	 0.9650	 1.1352	 2419.5	 2390.1	 0.251912	 0.199426	 0.0893	 0.0924	 0.1110	 0.0993	 0.9107	 1.0193	PixelFly	L1.5-	160x 60	1.0063	0.1400	0.0600	20	0	 5	150	 200	200	     0
13/02/19 20:32:33	OT	MIRFAK         	 0.9363	 1.1358	 2366.7	 2322.6	 0.280015	 0.162954	 0.0796	 0.0725	 0.1042	 0.1121	 0.9701	 0.9026	PixelFly	L1.5-	160x 60	1.0063	0.1400	0.0600	20	0	 5	150	 200	200	     0
13/02/19 20:33:03	OT	MIRFAK         	 0.9901	 1.1365	 2397.6	 2323.6	 0.281058	 0.196099	 0.0827	 0.0707	 0.1040	 0.1003	 0.9719	 1.0083	PixelFly	L1.5-	160x 60	1.0063	0.1400	0.0600	20	0	 5	150	 200	200	     0
13/02/19 20:33:33	OT	MIRFAK         	 0.9652	 1.1371	 2433.9	 2359.3	 0.312973	 0.160602	 0.0811	 0.0868	 0.0975	 0.1132	 1.0363	 0.8942	PixelFly	L1.5-	160x 60	1.0063	0.1400	0.0600	20	0	 5	150	 200	200	     0
13/02/19 20:34:03	OT	MIRFAK         	 1.1015	 1.1378	 2435.7	 2336.2	 0.332337	 0.237016	 0.0829	 0.0858	 0.0941	 0.0896	 1.0740	 1.1290	PixelFly	L1.5-	160x 60	1.0063	0.1400	0.0600	20	0	 5	150	 200	200	     0
13/02/19 20:34:33	OT	MIRFAK         	 1.0305	 1.1385	 2305.5	 2363.1	 0.289696	 0.217651	 0.0987	 0.1275	 0.1022	 0.0944	 0.9887	 1.0723	PixelFly	L1.5-	160x 60	1.0063	0.1400	0.0600	20	0	 5	150	 200	200	     0
13/02/19 20:35:03	OT	MIRFAK         	 0.9680	 1.1391	 2311.2	 2337.7	 0.274545	 0.187153	 0.1062	 0.1146	 0.1056	 0.1033	 0.9570	 0.9791	PixelFly	L1.5-	160x 60	1.0063	0.1400	0.0600	20	0	 5	150	 200	200	     0
13/02/19 20:35:32	OT	MIRFAK         	 0.9963	 1.1398	 2393.9	 2334.0	 0.311707	 0.181261	 0.1319	 0.1151	 0.0979	 0.1054	 1.0324	 0.9602	PixelFly	L1.5-	160x 60	1.0063	0.1400	0.0600	20	0	 5	150	 200	200	     0
13/02/19 20:36:02	OT	MIRFAK         	 1.0544	 1.1405	 2347.2	 2432.7	 0.314136	 0.217908	 0.1129	 0.0983	 0.0975	 0.0944	 1.0368	 1.0719	PixelFly	L1.5-	160x 60	1.0063	0.1400	0.0600	20	0	 5	150	 200	200	     0
13/02/19 20:36:32	OT	MIRFAK         	 1.0393	 1.1412	 2342.4	 2328.9	 0.323022	 0.202270	 0.1129	 0.1157	 0.0959	 0.0987	 1.0539	 1.0247	PixelFly	L1.5-	160x 60	1.0063	0.1400	0.0600	20	0	 5	150	 200	200	     0
13/02/19 20:37:02	OT	MIRFAK         	 1.0464	 1.1418	 2446.0	 2370.2	 0.343570	 0.194147	 0.1842	 0.1813	 0.0925	 0.1012	 1.0933	 0.9995	PixelFly	L1.5-	160x 60	1.0063	0.1400	0.0600	20	0	 5	150	 200	200	     0
13/02/19 20:37:32	OT	MIRFAK         	 0.9629	 1.1425	 2390.0	 2418.4	 0.289556	 0.175262	 0.1317	 0.0981	 0.1025	 0.1077	 0.9863	 0.9396	PixelFly	L1.5-	160x 60	1.0063	0.1400	0.0600	20	0	 5	150	 200	200	     0
13/02/19 20:38:02	OT	MIRFAK         	 1.0162	 1.1432	 2399.8	 2405.2	 0.320531	 0.189560	 0.1453	 0.1385	 0.0965	 0.1028	 1.0479	 0.9845	PixelFly	L1.5-	160x 60	1.0063	0.1400	0.0600	20	0	 5	150	 200	199	     0
13/02/19 20:38:32	OT	MIRFAK         	 1.0183	 1.1439	 2325.0	 2279.8	 0.289181	 0.211797	 0.1525	 0.1508	 0.1026	 0.0962	 0.9848	 1.0519	PixelFly	L1.5-	160x 60	1.0063	0.1400	0.0600	20	0	 5	150	 200	200	     0
13/02/19 20:39:04	OT	MIRFAK         	 0.9292	 1.1447	 2412.3	 2363.9	 0.291968	 0.153962	 0.1728	 0.1028	 0.1021	 0.1165	 0.9901	 0.8683	PixelFly	L1.5-	160x 60	1.0063	0.1400	0.0600	20	0	 5	150	 200	199	     0
13/02/19 20:39:34	OT	MIRFAK         	 0.8945	 1.1454	 2339.8	 2408.4	 0.263248	 0.151287	 0.0968	 0.1080	 0.1087	 0.1178	 0.9301	 0.8589	PixelFly	L1.5-	160x 60	1.0063	0.1400	0.0600	20	0	 5	150	 200	200	     0
13/02/19 20:40:04	OT	MIRFAK         	 0.8493	 1.1461	 2438.3	 2296.0	 0.229422	 0.146578	 0.0803	 0.0859	 0.1181	 0.1201	 0.8561	 0.8425	PixelFly	L1.5-	160x 60	1.0063	0.1400	0.0600	20	0	 5	150	 200	200	     0
13/02/19 20:40:34	OT	MIRFAK         	 0.7836	 1.1468	 2404.1	 2371.4	 0.198845	 0.129493	 0.0683	 0.0728	 0.1287	 0.1294	 0.7854	 0.7818	PixelFly	L1.5-	160x 60	1.0063	0.1400	0.0600	20	0	 5	150	 200	200	     0
13/02/19 20:41:03	OT	MIRFAK         	 0.9127	 1.1475	 2382.4	 2367.4	 0.258614	 0.165741	 0.0717	 0.0729	 0.1100	 0.1116	 0.9192	 0.9063	PixelFly	L1.5-	160x 60	1.0063	0.1400	0.0600	20	0	 5	150	 200	200	     0
13/02/19 20:41:33	OT	MIRFAK         	 0.9813	 1.1482	 2367.8	 2353.3	 0.288021	 0.189691	 0.0834	 0.0654	 0.1031	 0.1030	 0.9802	 0.9823	PixelFly	L1.5-	160x 60	1.0063	0.1400	0.0600	20	0	 5	150	 200	200	     0
13/02/19 20:42:03	OT	MIRFAK         	 0.7675	 1.1490	 2391.9	 2312.5	 0.198047	 0.121694	 0.0943	 0.0845	 0.1292	 0.1345	 0.7826	 0.7524	PixelFly	L1.5-	160x 60	1.0063	0.1400	0.0600	20	0	 5	150	 200	200	     0
13/02/19 20:42:33	OT	MIRFAK         	 0.8480	 1.1497	 2381.7	 2342.6	 0.216649	 0.155267	 0.0983	 0.0989	 0.1224	 0.1162	 0.8256	 0.8705	PixelFly	L1.5-	160x 60	1.0063	0.1400	0.0600	20	0	 5	150	 200	199	     0
13/02/19 20:43:03	OT	MIRFAK         	 0.9536	 1.1505	 2435.8	 2372.0	 0.271822	 0.183389	 0.1174	 0.1305	 0.1069	 0.1052	 0.9456	 0.9615	PixelFly	L1.5-	160x 60	1.0063	0.1400	0.0600	20	0	 5	150	 200	200	     0
13/02/19 20:43:33	OT	MIRFAK         	 0.9477	 1.1512	 2329.1	 2206.7	 0.307937	 0.157306	 0.0778	 0.1045	 0.0992	 0.1154	 1.0187	 0.8766	PixelFly	L1.5-	160x 60	1.0063	0.1400	0.0600	20	0	 5	150	 200	200	     0
13/02/19 20:44:03	OT	MIRFAK         	 0.8919	 1.1519	 2410.1	 2353.4	 0.245528	 0.162881	 0.1221	 0.1240	 0.1137	 0.1131	 0.8890	 0.8948	PixelFly	L1.5-	160x 60	1.0063	0.1400	0.0600	20	0	 5	150	 200	200	     0
13/02/19 20:44:33	OT	MIRFAK         	 0.8890	 1.1527	 2350.9	 2260.9	 0.273404	 0.143866	 0.0957	 0.1229	 0.1066	 0.1219	 0.9478	 0.8302	PixelFly	L1.5-	160x 60	1.0063	0.1400	0.0600	20	0	 5	150	 200	200	     0
13/02/19 20:45:03	OT	MIRFAK         	 0.8249	 1.1534	 2441.9	 2384.8	 0.207662	 0.148688	 0.1119	 0.1044	 0.1258	 0.1195	 0.8033	 0.8465	PixelFly	L1.5-	160x 60	1.0063	0.1400	0.0600	20	0	 5	150	 200	200	     0
13/02/19 20:45:33	OT	MIRFAK         	 0.9405	 1.1542	 2322.7	 2230.7	 0.286157	 0.167139	 0.1456	 0.1495	 0.1039	 0.1115	 0.9734	 0.9077	PixelFly	L1.5-	160x 60	1.0063	0.1400	0.0600	20	0	 5	150	 200	200	     0
13/02/19 20:46:03	OT	MIRFAK         	 0.8000	 1.1550	 2391.5	 2269.3	 0.196215	 0.142392	 0.1262	 0.1236	 0.1303	 0.1228	 0.7758	 0.8241	PixelFly	L1.5-	160x 60	1.0063	0.1400	0.0600	20	0	 5	150	 200	200	     0
13/02/19 20:46:33	OT	MIRFAK         	 0.9154	 1.1557	 2274.3	 2221.6	 0.309921	 0.138575	 0.2133	 0.1999	 0.0991	 0.1248	 1.0203	 0.8105	PixelFly	L1.5-	160x 60	1.0063	0.1400	0.0600	20	0	 5	150	 200	199	    50
13/02/19 20:46:34	OT	MIRFAK         	 0.0000	 1.1558	    0.0	    0.0	-0.000000	-0.000000	    0.0	    0.0	    0.0	    0.0	 0.0000	 0.0000	PixelFly	L1.5-	160x 60	1.0063	0.1400	0.0600	20	0	 5	150	 200	  0	    31
13/02/19 20:49:34	OT	ALDEBARAN      	 0.7420	 1.0365	 6873.7	 6736.3	 0.159627	 0.109825	 0.0537	 0.0551	 0.1382	 0.1345	 0.7315	 0.7525	PixelFly	L1.5-	160x 60	1.0063	0.1400	0.0600	20	0	 5	150	 200	200	     0
13/02/19 20:50:04	OT	ALDEBARAN      	 0.6846	 1.0369	 6789.6	 6532.0	 0.137681	 0.097382	 0.0565	 0.0538	 0.1511	 0.1445	 0.6692	 0.7000	PixelFly	L1.5-	160x 60	1.0063	0.1400	0.0600	20	0	 5	150	 200	200	     0
13/02/19 20:50:34	OT	ALDEBARAN      	 0.7531	 1.0373	 6970.7	 6467.2	 0.178987	 0.102840	 0.0799	 0.0585	 0.1291	 0.1399	 0.7831	 0.7231	PixelFly	L1.5-	160x 60	1.0063	0.1400	0.0600	20	0	 5	150	 200	200	     0
13/02/19 20:51:04	OT	ALDEBARAN      	 0.6982	 1.0376	 6790.4	 6541.4	 0.159898	 0.089377	 0.0694	 0.0604	 0.1381	 0.1522	 0.7317	 0.6646	PixelFly	L1.5-	160x 60	1.0063	0.1400	0.0600	20	0	 5	150	 200	200	     0
13/02/19 20:51:34	OT	ALDEBARAN      	 0.8806	 1.0380	 6994.3	 6425.6	 0.228139	 0.136241	 0.0862	 0.0747	 0.1116	 0.1182	 0.9055	 0.8557	PixelFly	L1.5-	160x 60	1.0063	0.1400	0.0600	20	0	 5	150	 200	200	     0
13/02/19 20:52:04	OT	ALDEBARAN      	 0.8325	 1.0384	 6754.4	 6448.9	 0.208903	 0.123432	 0.0839	 0.0802	 0.1177	 0.1255	 0.8587	 0.8063	PixelFly	L1.5-	160x 60	1.0063	0.1400	0.0600	20	0	 5	150	 200	200	     0
13/02/19 20:52:34	OT	ALDEBARAN      	 0.7121	 1.0388	 6880.8	 6492.3	 0.157198	 0.097635	 0.0850	 0.0737	 0.1397	 0.1445	 0.7238	 0.7003	PixelFly	L1.5-	160x 60	1.0063	0.1400	0.0600	20	0	 5	150	 200	200	     0
13/02/19 20:53:04	OT	ALDEBARAN      	 0.7687	 1.0392	 6677.6	 6707.3	 0.199097	 0.098415	 0.0862	 0.0715	 0.1212	 0.1438	 0.8339	 0.7035	PixelFly	L1.5-	160x 60	1.0063	0.1400	0.0600	20	0	 5	150	 200	200	     0
13/02/19 20:53:34	OT	ALDEBARAN      	 0.9578	 1.0396	 6759.8	 6642.7	 0.240727	 0.171446	 0.0805	 0.0845	 0.1082	 0.1031	 0.9343	 0.9813	PixelFly	L1.5-	160x 60	1.0063	0.1400	0.0600	20	0	 5	150	 200	200	     0
13/02/19 20:54:04	OT	ALDEBARAN      	 0.7425	 1.0400	 7158.2	 6503.1	 0.164727	 0.107386	 0.0794	 0.0973	 0.1359	 0.1365	 0.7439	 0.7410	PixelFly	L1.5-	160x 60	1.0063	0.1400	0.0600	20	0	 5	150	 200	200	     0
13/02/19 20:54:33	OT	ALDEBARAN      	 0.8762	 1.0404	 6987.6	 6606.7	 0.199617	 0.153447	 0.0661	 0.0789	 0.1211	 0.1103	 0.8346	 0.9177	PixelFly	L1.5-	160x 60	1.0063	0.1400	0.0600	20	0	 5	150	 200	200	     0
13/02/19 20:55:03	OT	ALDEBARAN      	 0.6860	 1.0408	 6852.1	 6193.2	 0.151387	 0.089751	 0.0508	 0.0617	 0.1430	 0.1521	 0.7068	 0.6651	PixelFly	L1.5-	160x 60	1.0063	0.1400	0.0600	20	0	 5	150	 200	200	     0
13/02/19 20:55:33	OT	ALDEBARAN      	 0.7582	 1.0412	 7009.9	 6648.6	 0.201851	 0.092385	 0.0661	 0.0707	 0.1204	 0.1496	 0.8398	 0.6766	PixelFly	L1.5-	160x 60	1.0063	0.1400	0.0600	20	0	 5	150	 200	200	    50
13/02/19 20:56:03	OT	ALDEBARAN      	 0.8079	 1.0416	 7049.4	 6696.9	 0.183041	 0.128379	 0.1073	 0.0953	 0.1277	 0.1228	 0.7917	 0.8240	PixelFly	L1.5-	160x 60	1.0063	0.1400	0.0600	20	0	 5	150	 200	200	     0
13/02/19 20:56:33	OT	ALDEBARAN      	 0.8794	 1.0420	 7002.8	 6530.6	 0.212346	 0.147006	 0.0884	 0.0852	 0.1168	 0.1132	 0.8653	 0.8936	PixelFly	L1.5-	160x 60	1.0063	0.1400	0.0600	20	0	 5	150	 200	200	     0
13/02/19 20:57:03	OT	ALDEBARAN      	 0.8450	 1.0424	 7051.8	 6953.1	 0.226887	 0.119700	 0.0986	 0.1006	 0.1123	 0.1281	 0.9002	 0.7897	PixelFly	L1.5-	160x 60	1.0063	0.1400	0.0600	20	0	 5	150	 200	200	     0
13/02/19 20:57:33	OT	ALDEBARAN      	 0.8891	 1.0429	 6802.5	 6794.2	 0.211971	 0.152847	 0.0649	 0.0671	 0.1170	 0.1107	 0.8640	 0.9143	PixelFly	L1.5-	160x 60	1.0063	0.1400	0.0600	20	0	 5	150	 200	200	     0
13/02/19 20:58:03	OT	ALDEBARAN      	 0.7992	 1.0433	 6704.8	 6514.3	 0.177222	 0.128253	 0.0816	 0.0822	 0.1303	 0.1230	 0.7758	 0.8227	PixelFly	L1.5-	160x 60	1.0063	0.1400	0.0600	20	0	 5	150	 200	200	     0
13/02/19 20:58:33	OT	ALDEBARAN      	 0.8546	 1.0438	 7142.0	 6763.7	 0.224183	 0.126597	 0.0580	 0.0689	 0.1132	 0.1240	 0.8931	 0.8161	PixelFly	L1.5-	160x 60	1.0063	0.1400	0.0600	20	0	 5	150	 200	200	     0
13/02/19 20:59:04	OT	ALDEBARAN      	 0.7593	 1.0442	 6685.5	 6653.0	 0.198062	 0.095675	 0.0596	 0.0475	 0.1220	 0.1467	 0.8289	 0.6897	PixelFly	L1.5-	160x 60	1.0063	0.1400	0.0600	20	0	 5	150	 200	199	    50
13/02/19 20:59:34	OT	ALDEBARAN      	 0.8543	 1.0447	 6787.2	 6668.6	 0.204047	 0.139619	 0.0492	 0.0486	 0.1198	 0.1170	 0.8436	 0.8650	PixelFly	L1.5-	160x 60	1.0063	0.1400	0.0600	20	0	 5	150	 200	200	     0
13/02/19 21:00:04	OT	ALDEBARAN      	 0.8330	 1.0451	 6817.7	 6567.4	 0.163809	 0.156703	 0.0578	 0.0441	 0.1367	 0.1092	 0.7392	 0.9268	PixelFly	L1.5-	160x 60	1.0063	0.1400	0.0600	20	0	 5	150	 200	200	    50
13/02/19 21:00:34	OT	ALDEBARAN      	 0.7689	 1.0456	 7159.9	 6610.4	 0.154899	 0.128639	 0.0534	 0.0513	 0.1414	 0.1229	 0.7146	 0.8231	PixelFly	L1.5-	160x 60	1.0063	0.1400	0.0600	20	0	 5	150	 200	200	     0
13/02/19 21:01:04	OT	ALDEBARAN      	 0.7946	 1.0460	 6944.9	 6626.3	 0.207279	 0.107365	 0.0483	 0.0443	 0.1188	 0.1370	 0.8509	 0.7383	PixelFly	L1.5-	160x 60	1.0063	0.1400	0.0600	20	0	 5	150	 200	200	     0
13/02/19 21:01:34	OT	ALDEBARAN      	 0.8174	 1.0465	 7121.1	 6556.8	 0.184997	 0.133231	 0.0479	 0.0498	 0.1272	 0.1204	 0.7946	 0.8402	PixelFly	L1.5-	160x 60	1.0063	0.1400	0.0600	20	0	 5	150	 200	200	     0
13/02/19 21:02:04	OT	ALDEBARAN      	 0.8069	 1.0470	 6850.4	 6718.3	 0.168819	 0.139079	 0.0521	 0.0485	 0.1344	 0.1174	 0.7519	 0.8619	PixelFly	L1.5-	160x 60	1.0063	0.1400	0.0600	20	0	 5	150	 200	200	     0
13/02/19 21:02:34	OT	ALDEBARAN      	 0.7505	 1.0475	 6938.7	 6626.4	 0.171366	 0.108554	 0.0613	 0.0512	 0.1333	 0.1363	 0.7585	 0.7426	PixelFly	L1.5-	160x 60	1.0063	0.1400	0.0600	20	0	 5	150	 200	200	     0
13/02/19 21:03:04	OT	ALDEBARAN      	 0.7241	 1.0480	 6988.9	 6669.1	 0.152418	 0.108324	 0.0582	 0.0600	 0.1430	 0.1365	 0.7068	 0.7414	PixelFly	L1.5-	160x 60	1.0063	0.1400	0.0600	20	0	 5	150	 200	200	     0
13/02/19 21:03:34	OT	ALDEBARAN      	 0.8090	 1.0484	 6946.3	 6757.6	 0.194356	 0.123104	 0.0470	 0.0474	 0.1236	 0.1264	 0.8175	 0.8004	PixelFly	L1.5-	160x 60	1.0063	0.1400	0.0600	20	0	 5	150	 200	200	     0
13/02/19 21:04:04	OT	ALDEBARAN      	 0.9745	 1.0489	 6976.8	 6502.5	 0.231169	 0.191189	 0.0448	 0.0520	 0.1115	 0.0971	 0.9070	 1.0420	PixelFly	L1.5-	160x 60	1.0063	0.1400	0.0600	20	0	 5	150	 200	199	     0
13/02/19 21:04:34	OT	ALDEBARAN      	 0.8376	 1.0494	 6997.1	 6459.9	 0.212202	 0.126705	 0.0412	 0.0392	 0.1174	 0.1243	 0.8613	 0.8139	PixelFly	L1.5-	160x 60	1.0063	0.1400	0.0600	20	0	 5	150	 200	199	     0
13/02/19 21:05:04	OT	ALDEBARAN      	 0.7933	 1.0499	 6840.4	 6759.7	 0.170032	 0.131697	 0.0348	 0.0310	 0.1341	 0.1215	 0.7539	 0.8327	PixelFly	L1.5-	160x 60	1.0063	0.1400	0.0600	20	0	 5	150	 200	199	     0
13/02/19 21:05:34	OT	ALDEBARAN      	 0.7956	 1.0505	 6956.3	 6656.4	 0.184019	 0.123492	 0.0515	 0.0577	 0.1279	 0.1263	 0.7903	 0.8010	PixelFly	L1.5-	160x 60	1.0063	0.1400	0.0600	20	0	 5	150	 200	200	     0
13/02/19 21:06:04	OT	ALDEBARAN      	 0.7892	 1.0510	 7105.8	 6485.0	 0.194280	 0.113745	 0.0450	 0.0469	 0.1239	 0.1328	 0.8162	 0.7622	PixelFly	L1.5-	160x 60	1.0063	0.1400	0.0600	20	0	 5	150	 200	200	     0
13/02/19 21:06:33	OT	ALDEBARAN      	 0.8047	 1.0515	 6833.7	 6657.2	 0.186448	 0.126800	 0.0632	 0.0560	 0.1270	 0.1244	 0.7960	 0.8133	PixelFly	L1.5-	160x 60	1.0063	0.1400	0.0600	20	0	 5	150	 200	200	     0
13/02/19 21:07:04	OT	ALDEBARAN      	 0.7756	 1.0520	 6909.7	 6722.9	 0.174114	 0.120194	 0.0802	 0.0877	 0.1324	 0.1285	 0.7638	 0.7874	PixelFly	L1.5-	160x 60	1.0063	0.1400	0.0600	20	0	 5	150	 200	200	     0
13/02/19 21:07:33	OT	ALDEBARAN      	 0.8013	 1.0525	 6816.8	 6490.8	 0.200310	 0.116386	 0.0719	 0.0745	 0.1217	 0.1311	 0.8305	 0.7721	PixelFly	L1.5-	160x 60	1.0063	0.1400	0.0600	20	0	 5	150	 200	200	     0
13/02/19 21:08:03	OT	ALDEBARAN      	 0.7000	 1.0530	 7113.3	 6626.9	 0.178808	 0.081748	 0.0785	 0.0904	 0.1303	 0.1620	 0.7756	 0.6244	PixelFly	L1.5-	160x 60	1.0063	0.1400	0.0600	20	0	 5	150	 200	200	    50
13/02/19 21:08:33	OT	ALDEBARAN      	 0.7299	 1.0536	 6949.4	 6589.5	 0.172205	 0.099377	 0.0641	 0.0585	 0.1333	 0.1442	 0.7581	 0.7018	PixelFly	L1.5-	160x 60	1.0063	0.1400	0.0600	20	0	 5	150	 200	200	     0
13/02/19 21:09:05	OT	ALDEBARAN      	 0.8446	 1.0542	 6844.3	 6597.5	 0.197958	 0.140949	 0.0765	 0.0609	 0.1227	 0.1169	 0.8239	 0.8653	PixelFly	L1.5-	160x 60	1.0063	0.1400	0.0600	20	0	 5	150	 200	199	     0
13/02/19 21:09:36	OT	ALDEBARAN      	 0.8277	 1.0547	 6746.0	 6575.8	 0.173596	 0.148958	 0.0649	 0.0639	 0.1328	 0.1132	 0.7612	 0.8941	PixelFly	L1.5-	160x 60	1.0063	0.1400	0.0600	20	0	 5	150	 200	199	     0
13/02/19 21:10:06	OT	ALDEBARAN      	 0.8625	 1.0553	 6968.7	 6574.6	 0.223442	 0.134176	 0.0551	 0.0550	 0.1142	 0.1205	 0.8854	 0.8395	PixelFly	L1.5-	160x 60	1.0063	0.1400	0.0600	20	0	 5	150	 200	200	     0
13/02/19 21:10:36	OT	ALDEBARAN      	 0.7038	 1.0558	 6866.7	 6750.1	 0.149791	 0.101837	 0.0568	 0.0531	 0.1452	 0.1423	 0.6963	 0.7113	PixelFly	L1.5-	160x 60	1.0063	0.1400	0.0600	20	0	 5	150	 200	200	     0
13/02/19 21:11:06	OT	ALDEBARAN      	 0.7643	 1.0564	 6915.2	 6636.1	 0.201733	 0.098360	 0.0552	 0.0573	 0.1215	 0.1453	 0.8322	 0.6964	PixelFly	L1.5-	160x 60	1.0063	0.1400	0.0600	20	0	 5	150	 200	200	     0
13/02/19 21:11:36	OT	ALDEBARAN      	 0.7585	 1.0570	 6869.2	 6656.1	 0.202130	 0.095534	 0.0494	 0.0475	 0.1214	 0.1479	 0.8330	 0.6841	PixelFly	L1.5-	160x 60	1.0063	0.1400	0.0600	20	0	 5	150	 200	200	    50
13/02/19 21:12:06	OT	ALDEBARAN      	 0.7822	 1.0575	 6814.0	 6634.2	 0.182651	 0.119145	 0.0447	 0.0415	 0.1290	 0.1296	 0.7836	 0.7808	PixelFly	L1.5-	160x 60	1.0063	0.1400	0.0600	20	0	 5	150	 200	200	     0
13/02/19 21:12:36	OT	ALDEBARAN      	 0.8446	 1.0581	 6739.0	 6723.6	 0.196641	 0.142872	 0.0455	 0.0396	 0.1235	 0.1163	 0.8188	 0.8704	PixelFly	L1.5-	160x 60	1.0063	0.1400	0.0600	20	0	 5	150	 200	200	     0
13/02/19 21:13:06	OT	ALDEBARAN      	 0.8117	 1.0587	 7018.0	 6722.0	 0.182977	 0.134630	 0.0570	 0.0559	 0.1290	 0.1205	 0.7839	 0.8396	PixelFly	L1.5-	160x 60	1.0063	0.1400	0.0600	20	0	 5	150	 200	200	     0
13/02/19 21:13:36	OT	ALDEBARAN      	 0.7508	 1.0593	 6784.6	 6529.2	 0.166804	 0.114174	 0.0487	 0.0449	 0.1364	 0.1331	 0.7413	 0.7603	PixelFly	L1.5-	160x 60	1.0063	0.1400	0.0600	20	0	 5	150	 200	200	     0
13/02/19 21:14:05	OT	ALDEBARAN      	 0.8245	 1.0599	 6839.9	 6723.9	 0.191118	 0.136184	 0.0367	 0.0421	 0.1257	 0.1198	 0.8041	 0.8449	PixelFly	L1.5-	160x 60	1.0063	0.1400	0.0600	20	0	 5	150	 200	200	     0
13/02/19 21:14:35	OT	ALDEBARAN      	 0.7269	 1.0605	 6887.2	 6637.6	 0.161742	 0.105966	 0.0346	 0.0365	 0.1390	 0.1393	 0.7272	 0.7265	PixelFly	L1.5-	160x 60	1.0063	0.1400	0.0600	20	0	 5	150	 200	200	     0
13/02/19 21:15:05	OT	ALDEBARAN      	 0.7938	 1.0611	 7116.8	 6511.7	 0.209903	 0.108701	 0.0460	 0.0418	 0.1189	 0.1372	 0.8501	 0.7375	PixelFly	L1.5-	160x 60	1.0063	0.1400	0.0600	20	0	 5	150	 200	200	     0
13/02/19 21:15:35	OT	ALDEBARAN      	 0.7564	 1.0617	 7012.0	 6729.6	 0.165206	 0.118604	 0.0264	 0.0313	 0.1373	 0.1302	 0.7360	 0.7768	PixelFly	L1.5-	160x 60	1.0063	0.1400	0.0600	20	0	 5	150	 200	200	     0
13/02/19 21:16:05	OT	ALDEBARAN      	 0.7451	 1.0623	 7025.2	 6518.7	 0.155112	 0.119903	 0.0326	 0.0367	 0.1427	 0.1294	 0.7085	 0.7816	PixelFly	L1.5-	160x 60	1.0063	0.1400	0.0600	20	0	 5	150	 200	200	     0
13/02/19 21:16:35	OT	ALDEBARAN      	 0.7638	 1.0629	 6817.8	 6642.4	 0.158297	 0.127500	 0.0375	 0.0344	 0.1410	 0.1248	 0.7169	 0.8107	PixelFly	L1.5-	160x 60	1.0063	0.1400	0.0600	20	0	 5	150	 200	200	     0
13/02/19 21:17:05	OT	ALDEBARAN      	 0.7662	 1.0635	 6973.7	 6766.1	 0.169238	 0.121272	 0.0332	 0.0373	 0.1355	 0.1287	 0.7460	 0.7864	PixelFly	L1.5-	160x 60	1.0063	0.1400	0.0600	20	0	 5	150	 200	199	     0
13/02/19 21:17:35	OT	ALDEBARAN      	 0.8071	 1.0641	 6998.6	 6619.7	 0.178773	 0.136401	 0.0377	 0.0364	 0.1312	 0.1199	 0.7707	 0.8436	PixelFly	L1.5-	160x 60	1.0063	0.1400	0.0600	20	0	 5	150	 200	200	     0
13/02/19 21:18:05	OT	ALDEBARAN      	 0.8303	 1.0648	 6839.5	 6511.1	 0.205119	 0.131224	 0.0370	 0.0373	 0.1208	 0.1228	 0.8366	 0.8240	PixelFly	L1.5-	160x 60	1.0063	0.1400	0.0600	20	0	 5	150	 200	200	     0
13/02/19 21:18:35	OT	ALDEBARAN      	 0.9314	 1.0654	 7063.4	 6623.9	 0.235624	 0.167612	 0.0403	 0.0448	 0.1112	 0.1061	 0.9089	 0.9540	PixelFly	L1.5-	160x 60	1.0063	0.1400	0.0600	20	0	 5	150	 200	200	     0
13/02/19 21:19:06	OT	ALDEBARAN      	 0.9115	 1.0661	 6970.5	 6674.2	 0.232298	 0.158493	 0.0411	 0.0457	 0.1122	 0.1097	 0.9008	 0.9221	PixelFly	L1.5-	160x 60	1.0063	0.1400	0.0600	20	0	 5	150	 200	198	     0
13/02/19 21:19:36	OT	ALDEBARAN      	 0.9672	 1.0667	 6971.4	 6674.9	 0.256747	 0.174970	 0.0391	 0.0401	 0.1057	 0.1034	 0.9562	 0.9781	PixelFly	L1.5-	160x 60	1.0063	0.1400	0.0600	20	0	 5	150	 200	200	     0
13/02/19 21:20:06	OT	ALDEBARAN      	 0.9209	 1.0674	 6794.9	 6550.2	 0.229018	 0.166543	 0.0484	 0.0468	 0.1133	 0.1066	 0.8925	 0.9492	PixelFly	L1.5-	160x 60	1.0063	0.1400	0.0600	20	0	 5	150	 200	199	     0
13/02/19 21:20:36	OT	ALDEBARAN      	 0.9660	 1.0680	 7011.7	 6718.0	 0.274435	 0.163206	 0.0545	 0.0488	 0.1016	 0.1079	 0.9945	 0.9374	PixelFly	L1.5-	160x 60	1.0063	0.1400	0.0600	20	0	 5	150	 200	200	     0
13/02/19 21:21:06	OT	ALDEBARAN      	 0.8307	 1.0687	 6964.9	 6560.7	 0.187682	 0.144192	 0.0392	 0.0440	 0.1277	 0.1163	 0.7914	 0.8700	PixelFly	L1.5-	160x 60	1.0063	0.1400	0.0600	20	0	 5	150	 200	200	     0
13/02/19 21:21:36	OT	ALDEBARAN      	 0.8685	 1.0694	 6944.6	 6672.0	 0.224056	 0.140733	 0.0429	 0.0462	 0.1149	 0.1181	 0.8799	 0.8571	PixelFly	L1.5-	160x 60	1.0063	0.1400	0.0600	20	0	 5	150	 200	199	     0
13/02/19 21:22:06	OT	ALDEBARAN      	 0.8034	 1.0700	 6827.3	 6681.4	 0.199999	 0.121716	 0.0536	 0.0585	 0.1230	 0.1288	 0.8216	 0.7853	PixelFly	L1.5-	160x 60	1.0063	0.1400	0.0600	20	0	 5	150	 200	200	     0
13/02/19 21:22:36	OT	ALDEBARAN      	 0.8104	 1.0707	 7245.8	 6683.3	 0.204073	 0.122874	 0.0540	 0.0617	 0.1216	 0.1282	 0.8313	 0.7895	PixelFly	L1.5-	160x 60	1.0063	0.1400	0.0600	20	0	 5	150	 200	200	     0
13/02/19 21:23:06	OT	ALDEBARAN      	 1.0093	 1.0714	 7035.5	 6677.0	 0.278058	 0.187893	 0.0587	 0.0667	 0.1010	 0.0994	 1.0004	 1.0182	PixelFly	L1.5-	160x 60	1.0063	0.1400	0.0600	20	0	 5	150	 200	200	     0
13/02/19 21:23:36	OT	ALDEBARAN      	 0.8880	 1.0721	 6781.6	 6658.6	 0.204154	 0.166080	 0.0669	 0.0661	 0.1217	 0.1071	 0.8308	 0.9452	PixelFly	L1.5-	160x 60	1.0063	0.1400	0.0600	20	0	 5	150	 200	200	     0
13/02/19 21:24:05	OT	ALDEBARAN      	 0.8335	 1.0728	 7026.9	 6646.8	 0.190862	 0.144555	 0.0651	 0.0705	 0.1267	 0.1164	 0.7976	 0.8693	PixelFly	L1.5-	160x 60	1.0063	0.1400	0.0600	20	0	 5	150	 200	200	     0
13/02/19 21:24:35	OT	ALDEBARAN      	 0.8443	 1.0735	 6639.5	 6546.7	 0.198036	 0.145800	 0.0683	 0.0761	 0.1240	 0.1158	 0.8152	 0.8734	PixelFly	L1.5-	160x 60	1.0063	0.1400	0.0600	20	0	 5	150	 200	199	     0
13/02/19 21:25:05	OT	ALDEBARAN      	 0.8017	 1.0742	 6874.9	 6662.4	 0.196616	 0.123957	 0.0635	 0.0507	 0.1246	 0.1277	 0.8113	 0.7921	PixelFly	L1.5-	160x 60	1.0063	0.1400	0.0600	20	0	 5	150	 200	200	     0
13/02/19 21:25:35	OT	ALDEBARAN      	 0.8302	 1.0749	 6787.0	 6889.6	 0.212407	 0.129004	 0.0711	 0.0580	 0.1190	 0.1248	 0.8495	 0.8110	PixelFly	L1.5-	160x 60	1.0063	0.1400	0.0600	20	0	 5	150	 200	200	     0
13/02/19 21:26:05	OT	ALDEBARAN      	 0.9215	 1.0756	 7035.5	 6513.5	 0.253264	 0.153358	 0.0623	 0.0534	 0.1071	 0.1125	 0.9437	 0.8993	PixelFly	L1.5-	160x 60	1.0063	0.1400	0.0600	20	0	 5	150	 200	200	     0
13/02/19 21:26:35	OT	ALDEBARAN      	 0.9854	 1.0763	 7006.4	 6817.4	 0.265374	 0.183393	 0.0580	 0.0638	 0.1042	 0.1011	 0.9701	 1.0007	PixelFly	L1.5-	160x 60	1.0063	0.1400	0.0600	20	0	 5	150	 200	199	     0
13/02/19 21:27:05	OT	ALDEBARAN      	 0.8989	 1.0770	 6903.0	 6425.3	 0.251083	 0.142492	 0.0655	 0.0571	 0.1078	 0.1177	 0.9381	 0.8598	PixelFly	L1.5-	160x 60	1.0063	0.1400	0.0600	20	0	 5	150	 200	200	     0
13/02/19 21:27:35	OT	ALDEBARAN      	 0.8946	 1.0778	 6952.7	 6626.5	 0.212627	 0.165588	 0.0651	 0.0634	 0.1191	 0.1076	 0.8487	 0.9405	PixelFly	L1.5-	160x 60	1.0063	0.1400	0.0600	20	0	 5	150	 200	200	     0
13/02/19 21:28:05	OT	ALDEBARAN      	 0.9924	 1.0785	 7021.6	 6424.6	 0.261653	 0.190954	 0.0577	 0.0552	 0.1052	 0.0988	 0.9608	 1.0240	PixelFly	L1.5-	160x 60	1.0063	0.1400	0.0600	20	0	 5	150	 200	199	     0
13/02/19 21:28:35	OT	ALDEBARAN      	 0.7870	 1.0793	 7022.3	 6588.3	 0.176148	 0.131050	 0.0625	 0.0576	 0.1335	 0.1239	 0.7574	 0.8167	PixelFly	L1.5-	160x 60	1.0063	0.1400	0.0600	20	0	 5	150	 200	200	     0
13/02/19 21:29:06	OT	ALDEBARAN      	 0.8972	 1.0800	 6771.4	 6590.8	 0.244787	 0.146296	 0.0612	 0.0627	 0.1096	 0.1160	 0.9223	 0.8720	PixelFly	L1.5-	160x 60	1.0063	0.1400	0.0600	20	0	 5	150	 200	199	     0
13/02/19 21:29:36	OT	ALDEBARAN      	 0.8153	 1.0808	 6963.6	 6674.4	 0.181748	 0.142912	 0.0608	 0.0589	 0.1311	 0.1177	 0.7711	 0.8595	PixelFly	L1.5-	160x 60	1.0063	0.1400	0.0600	20	0	 5	150	 200	200	     0
13/02/19 21:30:06	OT	ALDEBARAN      	 0.8213	 1.0815	 6769.1	 6641.4	 0.198141	 0.135138	 0.0551	 0.0552	 0.1245	 0.1218	 0.8118	 0.8308	PixelFly	L1.5-	160x 60	1.0063	0.1400	0.0600	20	0	 5	150	 200	200	     0
13/02/19 21:30:36	OT	ALDEBARAN      	 0.7832	 1.0823	 6863.3	 6824.2	 0.214577	 0.105368	 0.0469	 0.0534	 0.1188	 0.1415	 0.8512	 0.7153	PixelFly	L1.5-	160x 60	1.0063	0.1400	0.0600	20	0	 5	150	 200	200	     0
13/02/19 21:31:06	OT	ALDEBARAN      	 0.7465	 1.0831	 6869.4	 6587.9	 0.174929	 0.111675	 0.0535	 0.0509	 0.1343	 0.1367	 0.7527	 0.7403	PixelFly	L1.5-	160x 60	1.0063	0.1400	0.0600	20	0	 5	150	 200	200	     0
13/02/19 21:31:36	OT	ALDEBARAN      	 0.7341	 1.0838	 6739.7	 6514.6	 0.170745	 0.108335	 0.0793	 0.0800	 0.1363	 0.1392	 0.7415	 0.7267	PixelFly	L1.5-	160x 60	1.0063	0.1400	0.0600	20	0	 5	150	 200	200	     0
13/02/19 21:32:06	OT	ALDEBARAN      	 0.7513	 1.0846	 6865.7	 6635.7	 0.177435	 0.112790	 0.0744	 0.0771	 0.1333	 0.1360	 0.7585	 0.7441	PixelFly	L1.5-	160x 60	1.0063	0.1400	0.0600	20	0	 5	150	 200	200	     0
13/02/19 21:32:36	OT	ALDEBARAN      	 0.8216	 1.0854	 6900.9	 6615.1	 0.206627	 0.130672	 0.0719	 0.0736	 0.1217	 0.1245	 0.8307	 0.8125	PixelFly	L1.5-	160x 60	1.0063	0.1400	0.0600	20	0	 5	150	 200	200	     0
13/02/19 21:33:06	OT	ALDEBARAN      	 0.7941	 1.0862	 6886.3	 6896.3	 0.167908	 0.142425	 0.0658	 0.0802	 0.1379	 0.1183	 0.7331	 0.8552	PixelFly	L1.5-	160x 60	1.0063	0.1400	0.0600	20	0	 5	150	 200	200	     0
13/02/19 21:33:36	OT	ALDEBARAN      	 0.8388	 1.0870	 6677.4	 6619.4	 0.185918	 0.154778	 0.0879	 0.0693	 0.1298	 0.1126	 0.7790	 0.8985	PixelFly	L1.5-	160x 60	1.0063	0.1400	0.0600	20	0	 5	150	 200	200	     0
13/02/19 21:34:05	OT	ALDEBARAN      	 0.7518	 1.0878	 6901.7	 6804.9	 0.167178	 0.120533	 0.0805	 0.0946	 0.1384	 0.1309	 0.7306	 0.7730	PixelFly	L1.5-	160x 60	1.0063	0.1400	0.0600	20	0	 5	150	 200	200	     0
13/02/19 21:34:35	OT	ALDEBARAN      	 0.8130	 1.0886	 6743.6	 6707.1	 0.189422	 0.138266	 0.0745	 0.0759	 0.1284	 0.1206	 0.7871	 0.8390	PixelFly	L1.5-	160x 60	1.0063	0.1400	0.0600	20	0	 5	150	 200	200	     0
13/02/19 21:35:05	OT	ALDEBARAN      	 0.8061	 1.0894	 6705.7	 6666.9	 0.171331	 0.147429	 0.0746	 0.0865	 0.1365	 0.1161	 0.7407	 0.8715	PixelFly	L1.5-	160x 60	1.0063	0.1400	0.0600	20	0	 5	150	 200	200	     0
13/02/19 21:35:35	OT	ALDEBARAN      	 0.7522	 1.0902	 6771.1	 6734.9	 0.212378	 0.093316	 0.0849	 0.0686	 0.1200	 0.1528	 0.8422	 0.6621	PixelFly	L1.5-	160x 60	1.0063	0.1400	0.0600	20	0	 5	150	 200	199	    50
13/02/19 21:36:05	OT	ALDEBARAN      	 0.7527	 1.0911	 7169.9	 6541.9	 0.186775	 0.108865	 0.0787	 0.0671	 0.1297	 0.1394	 0.7794	 0.7259	PixelFly	L1.5-	160x 60	1.0063	0.1400	0.0600	20	0	 5	150	 200	199	     0
13/02/19 21:36:35	OT	ALDEBARAN      	 0.7824	 1.0919	 6731.0	 6755.4	 0.190325	 0.121981	 0.0703	 0.0644	 0.1283	 0.1302	 0.7879	 0.7768	PixelFly	L1.5-	160x 60	1.0063	0.1400	0.0600	20	0	 5	150	 200	200	     0
13/02/19 21:37:05	OT	ALDEBARAN      	 0.6898	 1.0927	 6620.1	 6481.8	 0.167191	 0.090937	 0.0735	 0.0890	 0.1387	 0.1554	 0.7286	 0.6510	PixelFly	L1.5-	160x 60	1.0063	0.1400	0.0600	20	0	 5	150	 200	200	     0
13/02/19 21:37:35	OT	ALDEBARAN      	 0.7403	 1.0936	 6827.5	 6471.8	 0.177433	 0.109108	 0.0664	 0.0642	 0.1339	 0.1394	 0.7547	 0.7259	PixelFly	L1.5-	160x 60	1.0063	0.1400	0.0600	20	0	 5	150	 200	199	     0
13/02/19 21:38:05	OT	ALDEBARAN      	 0.7795	 1.0944	 6889.6	 6661.6	 0.148851	 0.150506	 0.0557	 0.0490	 0.1489	 0.1150	 0.6789	 0.8800	PixelFly	L1.5-	160x 60	1.0063	0.1400	0.0600	20	0	 5	150	 200	198	    50
13/02/19 21:38:35	OT	ALDEBARAN      	 0.8401	 1.0953	 6802.4	 6687.5	 0.221688	 0.133449	 0.0565	 0.0446	 0.1173	 0.1236	 0.8618	 0.8183	PixelFly	L1.5-	160x 60	1.0063	0.1400	0.0600	20	0	 5	150	 200	200	     0
13/02/19 21:39:06	OT	ALDEBARAN      	 0.8551	 1.0962	 6895.1	 6735.1	 0.227468	 0.138222	 0.0727	 0.0458	 0.1156	 0.1211	 0.8748	 0.8354	PixelFly	L1.5-	160x 60	1.0063	0.1400	0.0600	20	0	 5	150	 200	199	     0
13/02/19 21:39:36	OT	ALDEBARAN      	 0.8647	 1.0970	 6800.3	 6701.5	 0.255474	 0.126548	 0.0489	 0.0530	 0.1078	 0.1278	 0.9375	 0.7919	PixelFly	L1.5-	160x 60	1.0063	0.1400	0.0600	20	0	 5	150	 200	200	     0
13/02/19 21:40:06	OT	ALDEBARAN      	 0.9170	 1.0979	 6890.7	 6589.4	 0.235531	 0.169031	 0.0484	 0.0527	 0.1133	 0.1074	 0.8924	 0.9417	PixelFly	L1.5-	160x 60	1.0063	0.1400	0.0600	20	0	 5	150	 200	200	     0
13/02/19 21:40:36	OT	ALDEBARAN      	 0.7931	 1.0988	 7048.6	 6592.7	 0.171538	 0.142286	 0.0581	 0.0727	 0.1371	 0.1192	 0.7375	 0.8488	PixelFly	L1.5-	160x 60	1.0063	0.1400	0.0600	20	0	 5	150	 200	199	     0
13/02/19 21:41:06	OT	ALDEBARAN      	 0.8004	 1.0997	 7039.7	 6767.6	 0.200249	 0.126870	 0.0598	 0.0466	 0.1250	 0.1278	 0.8088	 0.7920	PixelFly	L1.5-	160x 60	1.0063	0.1400	0.0600	20	0	 5	150	 200	200	     0
13/02/19 21:41:36	OT	ALDEBARAN      	 0.8185	 1.1006	 7104.9	 6497.6	 0.189080	 0.144523	 0.0661	 0.0731	 0.1294	 0.1182	 0.7811	 0.8559	PixelFly	L1.5-	160x 60	1.0063	0.1400	0.0600	20	0	 5	150	 200	200	     0
13/02/19 21:42:06	OT	ALDEBARAN      	 0.7585	 1.1015	 7166.9	 6628.7	 0.183048	 0.116396	 0.0616	 0.0731	 0.1320	 0.1347	 0.7657	 0.7513	PixelFly	L1.5-	160x 60	1.0063	0.1400	0.0600	20	0	 5	150	 200	200	     0
13/02/19 21:42:36	OT	ALDEBARAN      	 0.8123	 1.1024	 6883.2	 6664.9	 0.191157	 0.140071	 0.0464	 0.0581	 0.1287	 0.1206	 0.7854	 0.8392	PixelFly	L1.5-	160x 60	1.0063	0.1400	0.0600	20	0	 5	150	 200	200	     0
13/02/19 21:43:06	OT	ALDEBARAN      	 0.7443	 1.1033	 6776.9	 6649.2	 0.161487	 0.123835	 0.0548	 0.0531	 0.1425	 0.1299	 0.7095	 0.7790	PixelFly	L1.5-	160x 60	1.0063	0.1400	0.0600	20	0	 5	150	 200	199	     0
13/02/19 21:43:36	OT	ALDEBARAN      	 0.8055	 1.1042	 6821.8	 6688.9	 0.208361	 0.125444	 0.0547	 0.0482	 0.1223	 0.1289	 0.8263	 0.7847	PixelFly	L1.5-	160x 60	1.0063	0.1400	0.0600	20	0	 5	150	 200	199	     0
13/02/19 21:44:05	OT	ALDEBARAN      	 0.7523	 1.1051	 7103.1	 6633.0	 0.166366	 0.125084	 0.0479	 0.0458	 0.1401	 0.1292	 0.7216	 0.7830	PixelFly	L1.5-	160x 60	1.0063	0.1400	0.0600	20	0	 5	150	 200	200	     0
13/02/19 21:44:35	OT	ALDEBARAN      	 0.7394	 1.1060	 7156.0	 6611.1	 0.162773	 0.120933	 0.0548	 0.0465	 0.1420	 0.1319	 0.7118	 0.7669	PixelFly	L1.5-	160x 60	1.0063	0.1400	0.0600	20	0	 5	150	 200	200	     0
13/02/19 21:45:05	OT	ALDEBARAN      	 0.7077	 1.1069	 7000.0	 6567.8	 0.158702	 0.107613	 0.0493	 0.0566	 0.1443	 0.1416	 0.7007	 0.7147	PixelFly	L1.5-	160x 60	1.0063	0.1400	0.0600	20	0	 5	150	 200	200	     0
13/02/19 21:45:35	OT	ALDEBARAN      	 0.8452	 1.1079	 7115.4	 6659.6	 0.198524	 0.155077	 0.0441	 0.0525	 0.1262	 0.1138	 0.8011	 0.8894	PixelFly	L1.5-	160x 60	1.0063	0.1400	0.0600	20	0	 5	150	 200	200	     0
13/02/19 21:46:05	OT	ALDEBARAN      	 0.8217	 1.1088	 6864.9	 6680.2	 0.210713	 0.133786	 0.0618	 0.0617	 0.1218	 0.1244	 0.8298	 0.8136	PixelFly	L1.5-	160x 60	1.0063	0.1400	0.0600	20	0	 5	150	 200	200	     0
13/02/19 21:46:35	OT	ALDEBARAN      	 0.8072	 1.1098	 6733.2	 6526.3	 0.212675	 0.124914	 0.0731	 0.0627	 0.1212	 0.1297	 0.8340	 0.7803	PixelFly	L1.5-	160x 60	1.0063	0.1400	0.0600	20	0	 5	150	 200	199	     0
13/02/19 21:47:05	OT	ALDEBARAN      	 0.8079	 1.1107	 6946.6	 6463.9	 0.190551	 0.140091	 0.0552	 0.0566	 0.1295	 0.1211	 0.7804	 0.8355	PixelFly	L1.5-	160x 60	1.0063	0.1400	0.0600	20	0	 5	150	 200	200	     0
13/02/19 21:47:35	OT	ALDEBARAN      	 0.8925	 1.1117	 6904.9	 6650.0	 0.239954	 0.155596	 0.0534	 0.0525	 0.1129	 0.1138	 0.8957	 0.8893	PixelFly	L1.5-	160x 60	1.0063	0.1400	0.0600	20	0	 5	150	 200	200	     0
13/02/19 21:48:05	OT	ALDEBARAN      	 0.8613	 1.1126	 6850.8	 6552.1	 0.211782	 0.156533	 0.0598	 0.0566	 0.1217	 0.1134	 0.8306	 0.8921	PixelFly	L1.5-	160x 60	1.0063	0.1400	0.0600	20	0	 5	150	 200	200	     0
13/02/19 21:48:35	OT	ALDEBARAN      	 0.9615	 1.1136	 6959.6	 6500.4	 0.275331	 0.174358	 0.0590	 0.0552	 0.1040	 0.1064	 0.9717	 0.9512	PixelFly	L1.5-	160x 60	1.0063	0.1400	0.0600	20	0	 5	150	 200	200	     0
13/02/19 21:49:06	OT	ALDEBARAN      	 0.8035	 1.1146	 6846.9	 6732.3	 0.201732	 0.131077	 0.0525	 0.0687	 0.1254	 0.1263	 0.8059	 0.8011	PixelFly	L1.5-	160x 60	1.0063	0.1400	0.0600	20	0	 5	150	 200	199	     0
13/02/19 21:49:36	OT	ALDEBARAN      	 0.8324	 1.1156	 6880.9	 6476.6	 0.205091	 0.145163	 0.0522	 0.0632	 0.1243	 0.1189	 0.8135	 0.8512	PixelFly	L1.5-	160x 60	1.0063	0.1400	0.0600	20	0	 5	150	 200	200	     0
13/02/19 21:50:06	OT	ALDEBARAN      	 0.7702	 1.1166	 6809.1	 6326.8	 0.194476	 0.118408	 0.0570	 0.0636	 0.1284	 0.1344	 0.7875	 0.7529	PixelFly	L1.5-	160x 60	1.0063	0.1400	0.0600	20	0	 5	150	 200	200	     0
13/02/19 21:50:36	OT	ALDEBARAN      	 0.8048	 1.1176	 6925.5	 6490.1	 0.193644	 0.137879	 0.0579	 0.0517	 0.1288	 0.1227	 0.7851	 0.8245	PixelFly	L1.5-	160x 60	1.0063	0.1400	0.0600	20	0	 5	150	 200	198	     0
13/02/19 21:51:06	OT	ALDEBARAN      	 0.9376	 1.1186	 6791.9	 6495.1	 0.231319	 0.191068	 0.0606	 0.0647	 0.1158	 0.1010	 0.8730	 1.0022	PixelFly	L1.5-	160x 60	1.0063	0.1400	0.0600	20	0	 5	150	 200	200	     0
13/02/19 21:51:36	OT	ALDEBARAN      	 0.9505	 1.1196	 6938.5	 6542.1	 0.255331	 0.182763	 0.0589	 0.0609	 0.1092	 0.1037	 0.9257	 0.9753	PixelFly	L1.5-	160x 60	1.0063	0.1400	0.0600	20	0	 5	150	 200	200	     0
13/02/19 21:52:06	OT	ALDEBARAN      	 0.8604	 1.1207	 6997.1	 6532.3	 0.246214	 0.135748	 0.0596	 0.0595	 0.1117	 0.1241	 0.9053	 0.8155	PixelFly	L1.5-	160x 60	1.0063	0.1400	0.0600	20	0	 5	150	 200	197	     0
13/02/19 21:52:36	OT	ALDEBARAN      	 0.9202	 1.1217	 6848.3	 6433.2	 0.216671	 0.191645	 0.0528	 0.0697	 0.1206	 0.1009	 0.8380	 1.0024	PixelFly	L1.5-	160x 60	1.0063	0.1400	0.0600	20	0	 5	150	 200	198	     0
13/02/19 21:53:06	OT	ALDEBARAN      	 1.0594	 1.1227	 7030.2	 6639.1	 0.334602	 0.201267	 0.0643	 0.0711	 0.0930	 0.0981	 1.0870	 1.0317	PixelFly	L1.5-	160x 60	1.0063	0.1400	0.0600	20	0	 5	150	 200	193	     0
13/02/19 21:53:35	OT	ALDEBARAN      	 1.0005	 1.1237	 7007.7	 6462.4	 0.227316	 0.237720	 0.0725	 0.0743	 0.1173	 0.0888	 0.8615	 1.1395	PixelFly	L1.5-	160x 60	1.0063	0.1400	0.0600	20	0	 5	150	 200	195	    50
13/02/19 21:54:05	OT	ALDEBARAN      	 0.8741	 1.1248	 6861.5	 6739.3	 0.216064	 0.164488	 0.0720	 0.0752	 0.1210	 0.1108	 0.8352	 0.9130	PixelFly	L1.5-	160x 60	1.0063	0.1400	0.0600	20	0	 5	150	 200	200	     0
13/02/19 21:54:35	OT	ALDEBARAN      	 0.9112	 1.1258	 6820.1	 6522.5	 0.229001	 0.178388	 0.0821	 0.0611	 0.1169	 0.1056	 0.8644	 0.9581	PixelFly	L1.5-	160x 60	1.0063	0.1400	0.0600	20	0	 5	150	 200	197	     0
13/02/19 21:55:05	OT	ALDEBARAN      	 0.9760	 1.1269	 6888.8	 6777.1	 0.277625	 0.186147	 0.0539	 0.0690	 0.1042	 0.1030	 0.9697	 0.9823	PixelFly	L1.5-	160x 60	1.0063	0.1400	0.0600	20	0	 5	150	 200	195	     0
13/02/19 21:55:35	OT	ALDEBARAN      	 0.9550	 1.1279	 7128.2	 6562.6	 0.250624	 0.191497	 0.0646	 0.0822	 0.1109	 0.1013	 0.9114	 0.9986	PixelFly	L1.5-	160x 60	1.0063	0.1400	0.0600	20	0	 5	150	 200	199	     0
13/02/19 21:56:05	OT	ALDEBARAN      	 0.9589	 1.1290	 7027.6	 6555.7	 0.262653	 0.186083	 0.0709	 0.0662	 0.1079	 0.1031	 0.9369	 0.9810	PixelFly	L1.5-	160x 60	1.0063	0.1400	0.0600	20	0	 5	150	 200	197	     0
13/02/19 21:56:35	OT	ALDEBARAN      	 0.8889	 1.1301	 7015.7	 6460.3	 0.216888	 0.174446	 0.0730	 0.0876	 0.1211	 0.1073	 0.8347	 0.9431	PixelFly	L1.5-	160x 60	1.0063	0.1400	0.0600	20	0	 5	150	 200	199	     0
13/02/19 21:57:05	OT	ALDEBARAN      	 0.9761	 1.1312	 7004.6	 6525.7	 0.259689	 0.199845	 0.0982	 0.0952	 0.1088	 0.0989	 0.9295	 1.0227	PixelFly	L1.5-	160x 60	1.0063	0.1400	0.0600	20	0	 5	150	 200	196	     0
13/02/19 21:57:35	OT	ALDEBARAN      	 0.9228	 1.1323	 7000.0	 6311.3	 0.271257	 0.159282	 0.0917	 0.0789	 0.1060	 0.1134	 0.9535	 0.8920	PixelFly	L1.5-	160x 60	1.0063	0.1400	0.0600	20	0	 5	150	 200	198	     0
13/02/19 21:58:05	OT	ALDEBARAN      	 1.1177	 1.1334	 7024.3	 6651.5	 0.304621	 0.266389	 0.1047	 0.0777	 0.0989	 0.0834	 1.0217	 1.2138	PixelFly	L1.5-	160x 60	1.0063	0.1400	0.0600	20	0	 5	150	 200	199	     0
13/02/19 21:58:35	OT	ALDEBARAN      	 0.9273	 1.1345	 7033.1	 6406.5	 0.243962	 0.180649	 0.0768	 0.0666	 0.1131	 0.1053	 0.8937	 0.9609	PixelFly	L1.5-	160x 60	1.0063	0.1400	0.0600	20	0	 5	150	 200	198	     0
13/02/19 21:59:06	OT	ALDEBARAN      	 1.0201	 1.1356	 6854.6	 6432.2	 0.306342	 0.198545	 0.1170	 0.0857	 0.0987	 0.0996	 1.0239	 1.0163	PixelFly	L1.5-	160x 60	1.0063	0.1400	0.0600	20	0	 5	150	 200	199	     0
13/02/19 21:59:36	OT	ALDEBARAN      	 1.0680	 1.1367	 7038.2	 6308.0	 0.327725	 0.216705	 0.1092	 0.1014	 0.0949	 0.0945	 1.0656	 1.0705	PixelFly	L1.5-	160x 60	1.0063	0.1400	0.0600	20	0	 5	150	 200	196	     0
13/02/19 22:00:06	OT	ALDEBARAN      	 0.9764	 1.1379	 7065.1	 6733.0	 0.282880	 0.186572	 0.1080	 0.1173	 0.1037	 0.1035	 0.9749	 0.9779	PixelFly	L1.5-	160x 60	1.0063	0.1400	0.0600	20	0	 5	150	 200	196	     0
13/02/19 22:00:36	OT	ALDEBARAN      	 1.0521	 1.1390	 7183.3	 6653.4	 0.297704	 0.227065	 0.1032	 0.0964	 0.1006	 0.0920	 1.0047	 1.0996	PixelFly	L1.5-	160x 60	1.0063	0.1400	0.0600	20	0	 5	150	 200	194	     0
13/02/19 22:01:06	OT	ALDEBARAN      	 0.9808	 1.1401	 6869.9	 6874.0	 0.257141	 0.207809	 0.1258	 0.1153	 0.1099	 0.0971	 0.9196	 1.0420	PixelFly	L1.5-	160x 60	1.0063	0.1400	0.0600	20	0	 5	150	 200	197	     0
13/02/19 22:01:36	OT	ALDEBARAN      	 0.9540	 1.1413	 6885.5	 6448.6	 0.262013	 0.187346	 0.1072	 0.1150	 0.1088	 0.1034	 0.9295	 0.9786	PixelFly	L1.5-	160x 60	1.0063	0.1400	0.0600	20	0	 5	150	 200	197	     0
13/02/19 22:02:06	OT	ALDEBARAN      	 0.9223	 1.1424	 7120.2	 6455.1	 0.281401	 0.155645	 0.1013	 0.1134	 0.1043	 0.1156	 0.9696	 0.8751	PixelFly	L1.5-	160x 60	1.0063	0.1400	0.0600	20	0	 5	150	 200	200	     0
13/02/19 22:02:36	OT	ALDEBARAN      	 1.0897	 1.1436	 6930.9	 6566.0	 0.332720	 0.230875	 0.1004	 0.1261	 0.0943	 0.0913	 1.0714	 1.1079	PixelFly	L1.5-	160x 60	1.0063	0.1400	0.0600	20	0	 5	150	 200	195	     0
13/02/19 22:03:06	OT	ALDEBARAN      	 0.9607	 1.1448	 7012.5	 6619.1	 0.283793	 0.178279	 0.1204	 0.0932	 0.1039	 0.1067	 0.9733	 0.9482	PixelFly	L1.5-	160x 60	1.0063	0.1400	0.0600	20	0	 5	150	 200	198	     0
13/02/19 22:03:35	OT	ALDEBARAN      	 0.9802	 1.1459	 6919.2	 6628.5	 0.282669	 0.191793	 0.0969	 0.0842	 0.1042	 0.1022	 0.9704	 0.9901	PixelFly	L1.5-	160x 60	1.0063	0.1400	0.0600	20	0	 5	150	 200	196	     0
13/02/19 22:04:05	OT	ALDEBARAN      	 0.9000	 1.1471	 6766.2	 6745.2	 0.260694	 0.156578	 0.0972	 0.0907	 0.1094	 0.1155	 0.9238	 0.8761	PixelFly	L1.5-	160x 60	1.0063	0.1400	0.0600	20	0	 5	150	 200	199	     0
13/02/19 22:04:35	OT	ALDEBARAN      	 0.8919	 1.1483	 6923.2	 6565.0	 0.263195	 0.150558	 0.1147	 0.0954	 0.1089	 0.1183	 0.9286	 0.8552	PixelFly	L1.5-	160x 60	1.0063	0.1400	0.0600	20	0	 5	150	 200	199	     0
13/02/19 22:05:05	OT	ALDEBARAN      	 0.8891	 1.1495	 7053.0	 6394.0	 0.267058	 0.146867	 0.0908	 0.1016	 0.1080	 0.1202	 0.9361	 0.8420	PixelFly	L1.5-	160x 60	1.0063	0.1400	0.0600	20	0	 5	150	 200	199	     0
13/02/19 22:05:35	OT	ALDEBARAN      	 1.0351	 1.1507	 6830.9	 6261.9	 0.299943	 0.218223	 0.1231	 0.1423	 0.1008	 0.0948	 1.0031	 1.0671	PixelFly	L1.5-	160x 60	1.0063	0.1400	0.0600	20	0	 5	150	 200	200	     0
13/02/19 22:06:05	OT	ALDEBARAN      	 0.8930	 1.1519	 7166.0	 6656.2	 0.230405	 0.173791	 0.0789	 0.1087	 0.1181	 0.1088	 0.8557	 0.9303	PixelFly	L1.5-	160x 60	1.0063	0.1400	0.0600	20	0	 5	150	 200	199	     0
13/02/19 22:06:35	OT	ALDEBARAN      	 0.9698	 1.1531	 6723.0	 6710.2	 0.262298	 0.201260	 0.0934	 0.1058	 0.1094	 0.0997	 0.9243	 1.0153	PixelFly	L1.5-	160x 60	1.0063	0.1400	0.0600	20	0	 5	150	 200	199	     0
13/02/19 22:07:05	OT	ALDEBARAN      	 1.0345	 1.1543	 7254.1	 6598.4	 0.276340	 0.235865	 0.1005	 0.1029	 0.1061	 0.0907	 0.9531	 1.1160	PixelFly	L1.5-	160x 60	1.0063	0.1400	0.0600	20	0	 5	150	 200	199	     0
13/02/19 22:07:35	OT	ALDEBARAN      	 0.8244	 1.1556	 6872.4	 6542.3	 0.201665	 0.153020	 0.0855	 0.0926	 0.1282	 0.1176	 0.7885	 0.8603	PixelFly	L1.5-	160x 60	1.0063	0.1400	0.0600	20	0	 5	150	 200	196	     0
13/02/19 22:07:36	OT	ALDEBARAN      	 0.0000	 1.1556	    0.0	    0.0	-0.000000	-0.000000	    0.0	    0.0	    0.0	    0.0	 0.0000	 0.0000	PixelFly	L1.5-	160x 60	1.0063	0.1400	0.0600	20	0	 5	150	 200	  0	    31
