Fecha Hora	Ubicacion	Objeto	Seeing	Maire	Flujo 1	Flujo 2	Var l	Var t	Centelleo 1	Centelleo 2	r0l	r0t	fwhml	fwmlt	CCD	Software	Ventana	EscalaPlaca	Distancia	Diametro	WinSpot	Gain	Texp	Sampling	N	Muestras	Return
29/09/18 20:01:37	OT	VEGA           	 0.9380	 1.0361	11781.2	10774.0	 0.245300	 0.146710	 0.0526	 0.0676	 0.1048	 0.1110	 0.9641	 0.9119	PixelFly	L1.5-	160x 60	1.0216	0.1400	0.0600	20	0	 5	150	 200	200	     0
29/09/18 20:02:07	OT	VEGA           	 0.8706	 1.0364	11711.6	10363.8	 0.182104	 0.153015	 0.0733	 0.0606	 0.1254	 0.1082	 0.8061	 0.9351	PixelFly	L1.5-	160x 60	1.0216	0.1400	0.0600	20	0	 5	150	 200	200	     0
29/09/18 20:02:37	OT	VEGA           	 0.9303	 1.0368	11871.6	10750.6	 0.231440	 0.151693	 0.0754	 0.0592	 0.1086	 0.1088	 0.9307	 0.9300	PixelFly	L1.5-	160x 60	1.0216	0.1400	0.0600	20	0	 5	150	 200	200	     0
29/09/18 20:03:07	OT	VEGA           	 0.8219	 1.0372	11675.3	10524.5	 0.188814	 0.123117	 0.0467	 0.0398	 0.1228	 0.1233	 0.8235	 0.8203	PixelFly	L1.5-	160x 60	1.0216	0.1400	0.0600	20	0	 5	150	 200	200	     0
29/09/18 20:03:37	OT	VEGA           	 0.9405	 1.0376	11667.9	10932.5	 0.245781	 0.148165	 0.0532	 0.0665	 0.1048	 0.1104	 0.9644	 0.9166	PixelFly	L1.5-	160x 60	1.0216	0.1400	0.0600	20	0	 5	150	 200	200	     0
29/09/18 20:04:07	OT	VEGA           	 1.1757	 1.0379	11549.0	10398.1	 0.320839	 0.238719	 0.0476	 0.0582	 0.0893	 0.0829	 1.1314	 1.2200	PixelFly	L1.5-	160x 60	1.0216	0.1400	0.0600	20	0	 5	150	 200	200	     0
29/09/18 20:04:37	OT	VEGA           	 1.0826	 1.0383	11455.5	10444.9	 0.268273	 0.216157	 0.0434	 0.0500	 0.0995	 0.0880	 1.0160	 1.1492	PixelFly	L1.5-	160x 60	1.0216	0.1400	0.0600	20	0	 5	150	 200	200	     0
29/09/18 20:05:07	OT	VEGA           	 0.9613	 1.0387	11370.4	10516.7	 0.248502	 0.158128	 0.0467	 0.0493	 0.1042	 0.1062	 0.9702	 0.9524	PixelFly	L1.5-	160x 60	1.0216	0.1400	0.0600	20	0	 5	150	 200	200	     0
29/09/18 20:05:37	OT	VEGA           	 0.9353	 1.0391	11382.4	10746.3	 0.223501	 0.160395	 0.0493	 0.0563	 0.1111	 0.1054	 0.9101	 0.9604	PixelFly	L1.5-	160x 60	1.0216	0.1400	0.0600	20	0	 5	150	 200	200	     0
29/09/18 20:06:07	OT	VEGA           	 1.4332	 1.0395	11648.7	10446.8	 0.470644	 0.316573	 0.0541	 0.0680	 0.0711	 0.0701	 1.4225	 1.4438	PixelFly	L1.5-	160x 60	1.0216	0.1400	0.0600	20	0	 5	150	 200	200	     0
29/09/18 20:06:37	OT	VEGA           	 1.4715	 1.0399	11435.7	10372.9	 0.543244	 0.298335	 0.0619	 0.0475	 0.0652	 0.0726	 1.5500	 1.3930	PixelFly	L1.5-	160x 60	1.0216	0.1400	0.0600	20	0	 5	150	 200	200	     0
29/09/18 20:07:07	OT	VEGA           	 1.0402	 1.0403	11640.4	10684.8	 0.250736	 0.203189	 0.0477	 0.0377	 0.1037	 0.0915	 0.9745	 1.1060	PixelFly	L1.5-	160x 60	1.0216	0.1400	0.0600	20	0	 5	150	 200	200	     0
29/09/18 20:07:37	OT	VEGA           	 0.9420	 1.0407	11601.2	10314.5	 0.239282	 0.154112	 0.0369	 0.0334	 0.1067	 0.1080	 0.9473	 0.9367	PixelFly	L1.5-	160x 60	1.0216	0.1400	0.0600	20	0	 5	150	 200	200	     0
29/09/18 20:08:07	OT	VEGA           	 0.9910	 1.0411	11657.2	10408.4	 0.238385	 0.182680	 0.0472	 0.0410	 0.1070	 0.0976	 0.9449	 1.0371	PixelFly	L1.5-	160x 60	1.0216	0.1400	0.0600	20	0	 5	150	 200	200	     0
29/09/18 20:08:37	OT	VEGA           	 0.7420	 1.0416	11584.7	10403.3	 0.144122	 0.114997	 0.0402	 0.0387	 0.1447	 0.1288	 0.6985	 0.7854	PixelFly	L1.5-	160x 60	1.0216	0.1400	0.0600	20	0	 5	150	 200	200	     0
29/09/18 20:09:07	OT	VEGA           	 0.6838	 1.0420	11442.9	10463.5	 0.122442	 0.102839	 0.0388	 0.0364	 0.1596	 0.1378	 0.6333	 0.7343	PixelFly	L1.5-	160x 60	1.0216	0.1400	0.0600	20	0	 5	150	 200	199	     0
29/09/18 20:09:37	OT	VEGA           	 0.7452	 1.0424	11628.6	10698.0	 0.158558	 0.106836	 0.0454	 0.0429	 0.1367	 0.1347	 0.7393	 0.7511	PixelFly	L1.5-	160x 60	1.0216	0.1400	0.0600	20	0	 5	150	 200	200	     0
29/09/18 20:10:07	OT	VEGA           	 0.6975	 1.0428	11550.3	10517.3	 0.142868	 0.095174	 0.0287	 0.0277	 0.1456	 0.1444	 0.6943	 0.7006	PixelFly	L1.5-	160x 60	1.0216	0.1400	0.0600	20	0	 5	150	 200	200	     0
29/09/18 20:10:37	OT	VEGA           	 0.7464	 1.0433	11896.1	10447.3	 0.167322	 0.101863	 0.0254	 0.0336	 0.1325	 0.1387	 0.7632	 0.7296	PixelFly	L1.5-	160x 60	1.0216	0.1400	0.0600	20	0	 5	150	 200	200	     0
29/09/18 20:11:07	OT	VEGA           	 0.7885	 1.0437	11630.7	10337.8	 0.163888	 0.124684	 0.0365	 0.0278	 0.1341	 0.1229	 0.7536	 0.8235	PixelFly	L1.5-	160x 60	1.0216	0.1400	0.0600	20	0	 5	150	 200	200	     0
29/09/18 20:11:37	OT	VEGA           	 0.8605	 1.0442	11447.9	10409.3	 0.197863	 0.138687	 0.0414	 0.0361	 0.1198	 0.1153	 0.8435	 0.8776	PixelFly	L1.5-	160x 60	1.0216	0.1400	0.0600	20	0	 5	150	 200	200	     0
29/09/18 20:12:07	OT	VEGA           	 0.8328	 1.0446	11634.7	10466.4	 0.197681	 0.124600	 0.0297	 0.0301	 0.1199	 0.1230	 0.8429	 0.8227	PixelFly	L1.5-	160x 60	1.0216	0.1400	0.0600	20	0	 5	150	 200	200	     0
29/09/18 20:12:37	OT	VEGA           	 0.6947	 1.0450	11590.9	10408.0	 0.144384	 0.093322	 0.0317	 0.0302	 0.1449	 0.1463	 0.6979	 0.6916	PixelFly	L1.5-	160x 60	1.0216	0.1400	0.0600	20	0	 5	150	 200	200	     0
29/09/18 20:13:07	OT	VEGA           	 0.6569	 1.0455	11768.7	10480.6	 0.120584	 0.092452	 0.0303	 0.0313	 0.1614	 0.1472	 0.6262	 0.6875	PixelFly	L1.5-	160x 60	1.0216	0.1400	0.0600	20	0	 5	150	 200	200	     0
29/09/18 20:13:37	OT	VEGA           	 0.5886	 1.0460	11558.6	10516.2	 0.090753	 0.084069	 0.0325	 0.0251	 0.1915	 0.1559	 0.5279	 0.6492	PixelFly	L1.5-	160x 60	1.0216	0.1400	0.0600	20	0	 5	150	 200	200	     0
29/09/18 20:14:07	OT	VEGA           	 0.7203	 1.0464	11552.3	10471.3	 0.148498	 0.102588	 0.0286	 0.0282	 0.1425	 0.1383	 0.7092	 0.7314	PixelFly	L1.5-	160x 60	1.0216	0.1400	0.0600	20	0	 5	150	 200	200	     0
29/09/18 20:14:37	OT	VEGA           	 1.1718	 1.0469	11464.9	10537.5	 0.345054	 0.223846	 0.0286	 0.0330	 0.0860	 0.0866	 1.1758	 1.1677	PixelFly	L1.5-	160x 60	1.0216	0.1400	0.0600	20	0	 5	150	 200	200	     0
29/09/18 20:15:07	OT	VEGA           	 1.4863	 1.0473	11385.7	10162.9	 0.484704	 0.351823	 0.0346	 0.0332	 0.0701	 0.0661	 1.4414	 1.5313	PixelFly	L1.5-	160x 60	1.0216	0.1400	0.0600	20	0	 5	150	 200	198	     0
29/09/18 20:15:37	OT	VEGA           	 1.3923	 1.0478	11359.0	10572.1	 0.430915	 0.318387	 0.0335	 0.0347	 0.0753	 0.0702	 1.3428	 1.4418	PixelFly	L1.5-	160x 60	1.0216	0.1400	0.0600	20	0	 5	150	 200	200	     0
29/09/18 20:16:07	OT	VEGA           	 1.3544	 1.0483	11575.8	10400.8	 0.403589	 0.309851	 0.0341	 0.0406	 0.0783	 0.0713	 1.2907	 1.4181	PixelFly	L1.5-	160x 60	1.0216	0.1400	0.0600	20	0	 5	150	 200	200	     0
29/09/18 20:16:37	OT	VEGA           	 0.8240	 1.0488	11620.4	10458.7	 0.164671	 0.143825	 0.0371	 0.0464	 0.1342	 0.1131	 0.7535	 0.8946	PixelFly	L1.5-	160x 60	1.0216	0.1400	0.0600	20	0	 5	150	 200	200	     0
29/09/18 20:17:07	OT	VEGA           	 0.8511	 1.0493	11852.7	10327.2	 0.172423	 0.152884	 0.0356	 0.0364	 0.1305	 0.1091	 0.7744	 0.9277	PixelFly	L1.5-	160x 60	1.0216	0.1400	0.0600	20	0	 5	150	 200	200	     0
29/09/18 20:17:37	OT	VEGA           	 0.7661	 1.0497	11500.9	10379.8	 0.169239	 0.111307	 0.0318	 0.0334	 0.1320	 0.1320	 0.7656	 0.7666	PixelFly	L1.5-	160x 60	1.0216	0.1400	0.0600	20	0	 5	150	 200	200	     0
29/09/18 20:18:07	OT	VEGA           	 0.9426	 1.0502	11579.3	10359.4	 0.213429	 0.175033	 0.0232	 0.0272	 0.1149	 0.1006	 0.8797	 1.0056	PixelFly	L1.5-	160x 60	1.0216	0.1400	0.0600	20	0	 5	150	 200	200	     0
29/09/18 20:18:37	OT	VEGA           	 0.9747	 1.0507	11467.7	10495.3	 0.271400	 0.154737	 0.0221	 0.0222	 0.0995	 0.1084	 1.0158	 0.9336	PixelFly	L1.5-	160x 60	1.0216	0.1400	0.0600	20	0	 5	150	 200	200	     0
29/09/18 20:19:07	OT	VEGA           	 0.7645	 1.0512	11801.5	10460.4	 0.188608	 0.098695	 0.0301	 0.0232	 0.1238	 0.1420	 0.8163	 0.7127	PixelFly	L1.5-	160x 60	1.0216	0.1400	0.0600	20	0	 5	150	 200	200	     0
29/09/18 20:19:37	OT	VEGA           	 0.7274	 1.0517	11771.4	10368.1	 0.145078	 0.109348	 0.0279	 0.0290	 0.1450	 0.1335	 0.6972	 0.7576	PixelFly	L1.5-	160x 60	1.0216	0.1400	0.0600	20	0	 5	150	 200	200	     0
29/09/18 20:20:07	OT	VEGA           	 0.9643	 1.0522	11536.9	10398.9	 0.229594	 0.176836	 0.0227	 0.0276	 0.1101	 0.1001	 0.9180	 1.0106	PixelFly	L1.5-	160x 60	1.0216	0.1400	0.0600	20	0	 5	150	 200	200	     0
29/09/18 20:20:37	OT	VEGA           	 0.6911	 1.0528	11428.3	10583.0	 0.146894	 0.091453	 0.0257	 0.0298	 0.1440	 0.1488	 0.7020	 0.6802	PixelFly	L1.5-	160x 60	1.0216	0.1400	0.0600	20	0	 5	150	 200	200	     0
29/09/18 20:21:07	OT	VEGA           	 0.7244	 1.0533	11499.9	10304.7	 0.162298	 0.096851	 0.0311	 0.0383	 0.1357	 0.1438	 0.7451	 0.7038	PixelFly	L1.5-	160x 60	1.0216	0.1400	0.0600	20	0	 5	150	 200	199	     0
29/09/18 20:21:37	OT	VEGA           	 0.7014	 1.0538	11872.0	10675.3	 0.139931	 0.100973	 0.0345	 0.0352	 0.1483	 0.1403	 0.6815	 0.7214	PixelFly	L1.5-	160x 60	1.0216	0.1400	0.0600	20	0	 5	150	 200	200	     0
29/09/18 20:22:07	OT	VEGA           	 0.6441	 1.0543	11629.0	10374.4	 0.116782	 0.090872	 0.0360	 0.0413	 0.1654	 0.1495	 0.6112	 0.6770	PixelFly	L1.5-	160x 60	1.0216	0.1400	0.0600	20	0	 5	150	 200	198	     0
29/09/18 20:22:37	OT	VEGA           	 0.7601	 1.0548	11580.8	10555.0	 0.154269	 0.119591	 0.0331	 0.0389	 0.1400	 0.1268	 0.7221	 0.7980	PixelFly	L1.5-	160x 60	1.0216	0.1400	0.0600	20	0	 5	150	 200	199	     0
29/09/18 20:23:07	OT	VEGA           	 0.7757	 1.0554	11670.1	10457.7	 0.191138	 0.103248	 0.0367	 0.0399	 0.1231	 0.1385	 0.8209	 0.7305	PixelFly	L1.5-	160x 60	1.0216	0.1400	0.0600	20	0	 5	150	 200	200	     0
29/09/18 20:23:37	OT	VEGA           	 0.8798	 1.0559	11828.0	10497.1	 0.210589	 0.143497	 0.0362	 0.0366	 0.1162	 0.1137	 0.8698	 0.8897	PixelFly	L1.5-	160x 60	1.0216	0.1400	0.0600	20	0	 5	150	 200	199	     0
29/09/18 20:24:07	OT	VEGA           	 0.9443	 1.0564	11592.0	10539.3	 0.256523	 0.149009	 0.0389	 0.0409	 0.1033	 0.1112	 0.9788	 0.9098	PixelFly	L1.5-	160x 60	1.0216	0.1400	0.0600	20	0	 5	150	 200	199	     0
29/09/18 20:24:37	OT	VEGA           	 0.6921	 1.0570	11583.3	10436.3	 0.136580	 0.099502	 0.0436	 0.0398	 0.1508	 0.1417	 0.6704	 0.7138	PixelFly	L1.5-	160x 60	1.0216	0.1400	0.0600	20	0	 5	150	 200	199	     0
29/09/18 20:25:07	OT	VEGA           	 0.7119	 1.0575	11649.8	10361.3	 0.154517	 0.096850	 0.0432	 0.0528	 0.1401	 0.1441	 0.7217	 0.7021	PixelFly	L1.5-	160x 60	1.0216	0.1400	0.0600	20	0	 5	150	 200	200	     0
29/09/18 20:25:37	OT	VEGA           	 0.7341	 1.0581	11437.9	10159.9	 0.126445	 0.127702	 0.0359	 0.0289	 0.1580	 0.1221	 0.6397	 0.8286	PixelFly	L1.5-	160x 60	1.0216	0.1400	0.0600	20	0	 5	150	 200	200	    50
29/09/18 20:26:07	OT	VEGA           	 0.8180	 1.0586	11614.0	10386.2	 0.184420	 0.129183	 0.0295	 0.0303	 0.1260	 0.1213	 0.8020	 0.8341	PixelFly	L1.5-	160x 60	1.0216	0.1400	0.0600	20	0	 5	150	 200	200	     0
29/09/18 20:26:37	OT	VEGA           	 0.8017	 1.0592	11488.7	10408.8	 0.175839	 0.126740	 0.0358	 0.0350	 0.1297	 0.1227	 0.7792	 0.8243	PixelFly	L1.5-	160x 60	1.0216	0.1400	0.0600	20	0	 5	150	 200	200	     0
29/09/18 20:27:07	OT	VEGA           	 0.6940	 1.0598	11593.0	10234.1	 0.140854	 0.097997	 0.0463	 0.0360	 0.1483	 0.1433	 0.6818	 0.7062	PixelFly	L1.5-	160x 60	1.0216	0.1400	0.0600	20	0	 5	150	 200	200	     0
29/09/18 20:27:37	OT	VEGA           	 0.7333	 1.0603	11445.5	10278.1	 0.166610	 0.099547	 0.0324	 0.0321	 0.1341	 0.1420	 0.7539	 0.7126	PixelFly	L1.5-	160x 60	1.0216	0.1400	0.0600	20	0	 5	150	 200	200	     0
29/09/18 20:28:07	OT	VEGA           	 0.7126	 1.0609	11775.2	10354.8	 0.144955	 0.104155	 0.0287	 0.0267	 0.1458	 0.1382	 0.6932	 0.7320	PixelFly	L1.5-	160x 60	1.0216	0.1400	0.0600	20	0	 5	150	 200	199	     0
29/09/18 20:28:37	OT	VEGA           	 0.6854	 1.0615	11847.4	10430.7	 0.140625	 0.094481	 0.0352	 0.0291	 0.1485	 0.1466	 0.6805	 0.6902	PixelFly	L1.5-	160x 60	1.0216	0.1400	0.0600	20	0	 5	150	 200	200	     0
29/09/18 20:29:07	OT	VEGA           	 0.7993	 1.0621	11414.2	10635.8	 0.175783	 0.126186	 0.0289	 0.0241	 0.1300	 0.1233	 0.7778	 0.8208	PixelFly	L1.5-	160x 60	1.0216	0.1400	0.0600	20	0	 5	150	 200	200	     0
29/09/18 20:29:37	OT	VEGA           	 0.9649	 1.0626	11600.0	10409.5	 0.267514	 0.155353	 0.0293	 0.0295	 0.1011	 0.1088	 1.0003	 0.9296	PixelFly	L1.5-	160x 60	1.0216	0.1400	0.0600	20	0	 5	150	 200	200	     0
29/09/18 20:30:07	OT	VEGA           	 0.9653	 1.0632	11806.0	10301.8	 0.230910	 0.180033	 0.0340	 0.0307	 0.1104	 0.0997	 0.9154	 1.0152	PixelFly	L1.5-	160x 60	1.0216	0.1400	0.0600	20	0	 5	150	 200	200	     0
29/09/18 20:30:37	OT	VEGA           	 0.9360	 1.0638	11499.2	10605.8	 0.229819	 0.163934	 0.0331	 0.0315	 0.1108	 0.1055	 0.9125	 0.9594	PixelFly	L1.5-	160x 60	1.0216	0.1400	0.0600	20	0	 5	150	 200	198	     0
29/09/18 20:31:07	OT	VEGA           	 1.2959	 1.0644	11637.7	10606.6	 0.416990	 0.267842	 0.0328	 0.0279	 0.0775	 0.0786	 1.3042	 1.2876	PixelFly	L1.5-	160x 60	1.0216	0.1400	0.0600	20	0	 5	150	 200	194	     0
29/09/18 20:31:37	OT	VEGA           	 1.0012	 1.0650	11585.5	10473.1	 0.217503	 0.212429	 0.0303	 0.0310	 0.1146	 0.0903	 0.8823	 1.1200	PixelFly	L1.5-	160x 60	1.0216	0.1400	0.0600	20	0	 5	150	 200	199	    50
29/09/18 20:32:07	OT	VEGA           	 1.0120	 1.0656	11830.4	10576.7	 0.275026	 0.178525	 0.0299	 0.0305	 0.0996	 0.1003	 1.0153	 1.0087	PixelFly	L1.5-	160x 60	1.0216	0.1400	0.0600	20	0	 5	150	 200	199	     0
29/09/18 20:32:37	OT	VEGA           	 1.0475	 1.0662	11387.7	10348.1	 0.282046	 0.195418	 0.0362	 0.0279	 0.0981	 0.0950	 1.0304	 1.0646	PixelFly	L1.5-	160x 60	1.0216	0.1400	0.0600	20	0	 5	150	 200	199	     0
29/09/18 20:33:07	OT	VEGA           	 1.1787	 1.0668	11570.2	10547.4	 0.325521	 0.250351	 0.0313	 0.0250	 0.0900	 0.0819	 1.1226	 1.2348	PixelFly	L1.5-	160x 60	1.0216	0.1400	0.0600	20	0	 5	150	 200	198	     0
29/09/18 20:33:37	OT	VEGA           	 0.9629	 1.0675	11393.1	10603.9	 0.247569	 0.168542	 0.0225	 0.0253	 0.1062	 0.1039	 0.9522	 0.9735	PixelFly	L1.5-	160x 60	1.0216	0.1400	0.0600	20	0	 5	150	 200	196	     0
29/09/18 20:34:07	OT	VEGA           	 0.7486	 1.0681	11504.6	10372.1	 0.151656	 0.118495	 0.0243	 0.0231	 0.1425	 0.1284	 0.7094	 0.7877	PixelFly	L1.5-	160x 60	1.0216	0.1400	0.0600	20	0	 5	150	 200	200	     0
29/09/18 20:34:37	OT	VEGA           	 0.6115	 1.0687	11872.4	10635.9	 0.132807	 0.068765	 0.0220	 0.0245	 0.1544	 0.1781	 0.6549	 0.5681	PixelFly	L1.5-	160x 60	1.0216	0.1400	0.0600	20	0	 5	150	 200	194	     0
29/09/18 20:35:07	OT	VEGA           	 0.6712	 1.0693	11645.7	10451.8	 0.117708	 0.105325	 0.0213	 0.0208	 0.1660	 0.1380	 0.6089	 0.7334	PixelFly	L1.5-	160x 60	1.0216	0.1400	0.0600	20	0	 5	150	 200	197	     0
29/09/18 20:35:37	OT	VEGA           	 0.8444	 1.0700	11504.3	10472.9	 0.201063	 0.134626	 0.0246	 0.0213	 0.1204	 0.1191	 0.8393	 0.8495	PixelFly	L1.5-	160x 60	1.0216	0.1400	0.0600	20	0	 5	150	 200	198	     0
29/09/18 20:36:07	OT	VEGA           	 0.6967	 1.0706	11535.5	10454.4	 0.152647	 0.093450	 0.0195	 0.0176	 0.1421	 0.1483	 0.7112	 0.6822	PixelFly	L1.5-	160x 60	1.0216	0.1400	0.0600	20	0	 5	150	 200	200	     0
29/09/18 20:36:37	OT	VEGA           	 0.7039	 1.0712	11707.5	10440.7	 0.157908	 0.093552	 0.0200	 0.0192	 0.1393	 0.1483	 0.7255	 0.6824	PixelFly	L1.5-	160x 60	1.0216	0.1400	0.0600	20	0	 5	150	 200	200	     0
29/09/18 20:37:07	OT	VEGA           	 0.6329	 1.0719	11613.4	10370.4	 0.108156	 0.094883	 0.0160	 0.0187	 0.1749	 0.1471	 0.5779	 0.6879	PixelFly	L1.5-	160x 60	1.0216	0.1400	0.0600	20	0	 5	150	 200	200	     0
29/09/18 20:37:37	OT	VEGA           	 0.5446	 1.0725	11448.9	10544.0	 0.104026	 0.060469	 0.0202	 0.0209	 0.1791	 0.1928	 0.5644	 0.5248	PixelFly	L1.5-	160x 60	1.0216	0.1400	0.0600	20	0	 5	150	 200	197	     0
29/09/18 20:38:07	OT	VEGA           	 0.6680	 1.0732	11672.4	10544.0	 0.147073	 0.084561	 0.0247	 0.0224	 0.1456	 0.1577	 0.6945	 0.6415	PixelFly	L1.5-	160x 60	1.0216	0.1400	0.0600	20	0	 5	150	 200	200	     0
29/09/18 20:38:37	OT	VEGA           	 0.7422	 1.0739	11651.4	10484.2	 0.171180	 0.103508	 0.0236	 0.0223	 0.1329	 0.1398	 0.7604	 0.7240	PixelFly	L1.5-	160x 60	1.0216	0.1400	0.0600	20	0	 5	150	 200	198	     0
29/09/18 20:39:07	OT	VEGA           	 1.0937	 1.0745	11589.6	10366.2	 0.275195	 0.232715	 0.0246	 0.0234	 0.1000	 0.0860	 1.0106	 1.1767	PixelFly	L1.5-	160x 60	1.0216	0.1400	0.0600	20	0	 5	150	 200	198	     0
29/09/18 20:39:37	OT	VEGA           	 0.9531	 1.0752	11721.4	10492.8	 0.234441	 0.174139	 0.0267	 0.0254	 0.1102	 0.1024	 0.9176	 0.9885	PixelFly	L1.5-	160x 60	1.0216	0.1400	0.0600	20	0	 5	150	 200	200	     0
29/09/18 20:40:07	OT	VEGA           	 0.8667	 1.0759	11455.0	10253.4	 0.190901	 0.155320	 0.0260	 0.0271	 0.1247	 0.1097	 0.8109	 0.9226	PixelFly	L1.5-	160x 60	1.0216	0.1400	0.0600	20	0	 5	150	 200	200	     0
29/09/18 20:40:37	OT	VEGA           	 0.7464	 1.0765	11647.9	10319.6	 0.156950	 0.115510	 0.0314	 0.0279	 0.1403	 0.1310	 0.7207	 0.7721	PixelFly	L1.5-	160x 60	1.0216	0.1400	0.0600	20	0	 5	150	 200	200	     0
29/09/18 20:41:07	OT	VEGA           	 1.1282	 1.0772	11401.9	10290.2	 0.293212	 0.243796	 0.0351	 0.0278	 0.0964	 0.0837	 1.0483	 1.2082	PixelFly	L1.5-	160x 60	1.0216	0.1400	0.0600	20	0	 5	150	 200	200	     0
29/09/18 20:41:37	OT	VEGA           	 0.9185	 1.0779	11529.9	10502.7	 0.234519	 0.155072	 0.0317	 0.0274	 0.1103	 0.1099	 0.9164	 0.9206	PixelFly	L1.5-	160x 60	1.0216	0.1400	0.0600	20	0	 5	150	 200	198	     0
29/09/18 20:42:07	OT	VEGA           	 0.6164	 1.0786	11713.4	10249.8	 0.133486	 0.071748	 0.0304	 0.0244	 0.1547	 0.1746	 0.6533	 0.5795	PixelFly	L1.5-	160x 60	1.0216	0.1400	0.0600	20	0	 5	150	 200	200	     0
29/09/18 20:42:37	OT	VEGA           	 0.5907	 1.0793	11614.2	10304.5	 0.123277	 0.067573	 0.0238	 0.0283	 0.1624	 0.1811	 0.6226	 0.5589	PixelFly	L1.5-	160x 60	1.0216	0.1400	0.0600	20	0	 5	150	 200	200	     0
29/09/18 20:43:07	OT	VEGA           	 0.6867	 1.0800	11334.1	10400.8	 0.157995	 0.087242	 0.0244	 0.0240	 0.1400	 0.1554	 0.7222	 0.6512	PixelFly	L1.5-	160x 60	1.0216	0.1400	0.0600	20	0	 5	150	 200	200	     0
29/09/18 20:43:37	OT	VEGA           	 0.7564	 1.0807	11509.0	10473.5	 0.169617	 0.112807	 0.0264	 0.0284	 0.1342	 0.1332	 0.7534	 0.7594	PixelFly	L1.5-	160x 60	1.0216	0.1400	0.0600	20	0	 5	150	 200	200	     0
29/09/18 20:44:07	OT	VEGA           	 0.6488	 1.0814	11705.6	10202.3	 0.137209	 0.083647	 0.0408	 0.0272	 0.1524	 0.1595	 0.6631	 0.6344	PixelFly	L1.5-	160x 60	1.0216	0.1400	0.0600	20	0	 5	150	 200	200	     0
29/09/18 20:44:37	OT	VEGA           	 0.8524	 1.0821	11417.5	10463.7	 0.209494	 0.136384	 0.0349	 0.0321	 0.1183	 0.1190	 0.8544	 0.8504	PixelFly	L1.5-	160x 60	1.0216	0.1400	0.0600	20	0	 5	150	 200	200	     0
29/09/18 20:45:07	OT	VEGA           	 0.7125	 1.0828	11707.5	10449.5	 0.167352	 0.093696	 0.0377	 0.0251	 0.1354	 0.1491	 0.7464	 0.6786	PixelFly	L1.5-	160x 60	1.0216	0.1400	0.0600	20	0	 5	150	 200	200	     0
29/09/18 20:45:37	OT	VEGA           	 0.8969	 1.0835	11412.9	10447.8	 0.245886	 0.137500	 0.0332	 0.0314	 0.1076	 0.1185	 0.9399	 0.8539	PixelFly	L1.5-	160x 60	1.0216	0.1400	0.0600	20	0	 5	150	 200	199	     0
29/09/18 20:46:07	OT	VEGA           	 0.8050	 1.0843	11790.0	10376.5	 0.207267	 0.113836	 0.0256	 0.0292	 0.1192	 0.1328	 0.8480	 0.7621	PixelFly	L1.5-	160x 60	1.0216	0.1400	0.0600	20	0	 5	150	 200	200	     0
29/09/18 20:46:37	OT	VEGA           	 0.9312	 1.0850	11400.4	10660.6	 0.231814	 0.166163	 0.0319	 0.0296	 0.1115	 0.1059	 0.9065	 0.9558	PixelFly	L1.5-	160x 60	1.0216	0.1400	0.0600	20	0	 5	150	 200	200	     0
29/09/18 20:47:07	OT	VEGA           	 0.7154	 1.0857	11404.6	10321.6	 0.154926	 0.103537	 0.0261	 0.0283	 0.1421	 0.1407	 0.7115	 0.7193	PixelFly	L1.5-	160x 60	1.0216	0.1400	0.0600	20	0	 5	150	 200	200	     0
29/09/18 20:47:37	OT	VEGA           	 0.7656	 1.0865	11445.0	10439.2	 0.184144	 0.109196	 0.0198	 0.0247	 0.1281	 0.1363	 0.7889	 0.7424	PixelFly	L1.5-	160x 60	1.0216	0.1400	0.0600	20	0	 5	150	 200	200	     0
29/09/18 20:48:07	OT	VEGA           	 0.7241	 1.0872	11643.4	10360.7	 0.144289	 0.115357	 0.0232	 0.0309	 0.1484	 0.1319	 0.6812	 0.7669	PixelFly	L1.5-	160x 60	1.0216	0.1400	0.0600	20	0	 5	150	 200	200	     0
29/09/18 20:48:37	OT	VEGA           	 0.6989	 1.0880	11435.8	10529.9	 0.152025	 0.097993	 0.0278	 0.0266	 0.1439	 0.1456	 0.7026	 0.6951	PixelFly	L1.5-	160x 60	1.0216	0.1400	0.0600	20	0	 5	150	 200	200	     0
29/09/18 20:49:07	OT	VEGA           	 0.6609	 1.0887	11564.3	10228.2	 0.128974	 0.095802	 0.0295	 0.0239	 0.1589	 0.1476	 0.6363	 0.6855	PixelFly	L1.5-	160x 60	1.0216	0.1400	0.0600	20	0	 5	150	 200	200	     0
29/09/18 20:49:37	OT	VEGA           	 0.5630	 1.0895	11627.8	10522.3	 0.112720	 0.064280	 0.0298	 0.0273	 0.1723	 0.1876	 0.5867	 0.5393	PixelFly	L1.5-	160x 60	1.0216	0.1400	0.0600	20	0	 5	150	 200	200	     0
29/09/18 20:50:07	OT	VEGA           	 0.6837	 1.0902	11688.5	10625.7	 0.161690	 0.085390	 0.0375	 0.0321	 0.1388	 0.1583	 0.7282	 0.6392	PixelFly	L1.5-	160x 60	1.0216	0.1400	0.0600	20	0	 5	150	 200	200	     0
29/09/18 20:50:37	OT	VEGA           	 0.7143	 1.0910	11668.6	10261.9	 0.154620	 0.104178	 0.0516	 0.0461	 0.1427	 0.1405	 0.7086	 0.7199	PixelFly	L1.5-	160x 60	1.0216	0.1400	0.0600	20	0	 5	150	 200	200	     0
29/09/18 20:51:07	OT	VEGA           	 0.6749	 1.0918	11421.7	10707.0	 0.164291	 0.080238	 0.0408	 0.0434	 0.1376	 0.1644	 0.7346	 0.6153	PixelFly	L1.5-	160x 60	1.0216	0.1400	0.0600	20	0	 5	150	 200	200	     0
29/09/18 20:51:37	OT	VEGA           	 0.5859	 1.0926	11495.0	10596.8	 0.126335	 0.065521	 0.0526	 0.0413	 0.1612	 0.1858	 0.6272	 0.5446	PixelFly	L1.5-	160x 60	1.0216	0.1400	0.0600	20	0	 5	150	 200	200	     0
29/09/18 20:52:07	OT	VEGA           	 0.6377	 1.0933	11707.1	10480.5	 0.130396	 0.085042	 0.0450	 0.0398	 0.1582	 0.1589	 0.6389	 0.6366	PixelFly	L1.5-	160x 60	1.0216	0.1400	0.0600	20	0	 5	150	 200	200	     0
29/09/18 20:52:37	OT	VEGA           	 0.7669	 1.0941	11499.3	10846.0	 0.162934	 0.125523	 0.0503	 0.0442	 0.1385	 0.1259	 0.7300	 0.8037	PixelFly	L1.5-	160x 60	1.0216	0.1400	0.0600	20	0	 5	150	 200	200	     0
29/09/18 20:53:07	OT	VEGA           	 0.7273	 1.0949	11431.0	10486.6	 0.161719	 0.106542	 0.0472	 0.0443	 0.1392	 0.1390	 0.7264	 0.7281	PixelFly	L1.5-	160x 60	1.0216	0.1400	0.0600	20	0	 5	150	 200	200	     0
29/09/18 20:53:37	OT	VEGA           	 0.7001	 1.0957	11612.2	10331.7	 0.153687	 0.098905	 0.0646	 0.0727	 0.1435	 0.1454	 0.7042	 0.6960	PixelFly	L1.5-	160x 60	1.0216	0.1400	0.0600	20	0	 5	150	 200	200	     0
29/09/18 20:54:07	OT	VEGA           	 0.7111	 1.0965	11624.2	10774.0	 0.172748	 0.092231	 0.0773	 0.0693	 0.1339	 0.1517	 0.7551	 0.6672	PixelFly	L1.5-	160x 60	1.0216	0.1400	0.0600	20	0	 5	150	 200	200	     0
29/09/18 20:54:37	OT	VEGA           	 0.7917	 1.0973	11856.3	10537.6	 0.214808	 0.105568	 0.0925	 0.1000	 0.1175	 0.1399	 0.8602	 0.7232	PixelFly	L1.5-	160x 60	1.0216	0.1400	0.0600	20	0	 5	150	 200	198	     0
29/09/18 20:55:07	OT	VEGA           	 0.8301	 1.0981	11336.8	10557.4	 0.213695	 0.125816	 0.0985	 0.0896	 0.1179	 0.1260	 0.8571	 0.8031	PixelFly	L1.5-	160x 60	1.0216	0.1400	0.0600	20	0	 5	150	 200	198	     0
29/09/18 20:55:37	OT	VEGA           	 1.8606	 1.0989	11417.1	10503.1	 0.665474	 0.589322	 0.1348	 0.1066	 0.0597	 0.0499	 1.6937	 2.0274	PixelFly	L1.5-	160x 60	1.0216	0.1400	0.0600	20	0	 5	150	 200	200	     0
29/09/18 20:56:07	OT	VEGA           	 1.6824	 1.0997	11225.0	 9814.6	 0.627372	 0.453027	 0.0926	 0.1160	 0.0619	 0.0585	 1.6341	 1.7307	PixelFly	L1.5-	160x 60	1.0216	0.1400	0.0600	20	0	 5	150	 200	200	     0
29/09/18 20:56:37	OT	VEGA           	 2.3287	 1.1006	11448.0	10197.9	 1.189189	 0.707322	 0.1106	 0.0982	 0.0422	 0.0448	 2.3973	 2.2601	PixelFly	L1.5-	160x 60	1.0216	0.1400	0.0600	20	0	 5	150	 200	199	     0
29/09/18 20:57:07	OT	VEGA           	 1.8711	 1.1014	11008.2	10257.7	 0.842849	 0.481339	 0.0997	 0.1102	 0.0519	 0.0564	 1.9491	 1.7932	PixelFly	L1.5-	160x 60	1.0216	0.1400	0.0600	20	0	 5	150	 200	197	     0
29/09/18 20:57:37	OT	VEGA           	 1.3346	 1.1022	11166.5	10429.4	 0.400502	 0.327457	 0.0899	 0.0920	 0.0811	 0.0711	 1.2466	 1.4225	PixelFly	L1.5-	160x 60	1.0216	0.1400	0.0600	20	0	 5	150	 200	200	     0
29/09/18 20:58:07	OT	VEGA           	 1.0458	 1.1031	11543.7	10168.9	 0.294193	 0.199466	 0.0752	 0.0884	 0.0976	 0.0958	 1.0355	 1.0560	PixelFly	L1.5-	160x 60	1.0216	0.1400	0.0600	20	0	 5	150	 200	200	     0
29/09/18 20:58:37	OT	VEGA           	 1.3933	 1.1039	11514.7	10138.5	 0.521108	 0.292437	 0.0880	 0.0741	 0.0693	 0.0762	 1.4586	 1.3279	PixelFly	L1.5-	160x 60	1.0216	0.1400	0.0600	20	0	 5	150	 200	200	     0
29/09/18 20:59:07	OT	VEGA           	 1.0418	 1.1047	11599.6	10199.3	 0.294017	 0.197696	 0.1422	 0.1381	 0.0977	 0.0964	 1.0342	 1.0494	PixelFly	L1.5-	160x 60	1.0216	0.1400	0.0600	20	0	 5	150	 200	198	     0
29/09/18 20:59:37	OT	VEGA           	 1.0855	 1.1056	11625.0	10387.0	 0.328947	 0.202825	 0.1325	 0.1402	 0.0914	 0.0950	 1.1058	 1.0652	PixelFly	L1.5-	160x 60	1.0216	0.1400	0.0600	20	0	 5	150	 200	200	     0
29/09/18 21:00:07	OT	VEGA           	 1.3390	 1.1065	11946.5	10567.8	 0.502772	 0.265854	 0.1731	 0.1354	 0.0709	 0.0808	 1.4256	 1.2524	PixelFly	L1.5-	160x 60	1.0216	0.1400	0.0600	20	0	 5	150	 200	200	     0
29/09/18 21:00:37	OT	VEGA           	 1.1417	 1.1073	11601.7	 9645.6	 0.357166	 0.221759	 0.1421	 0.1402	 0.0871	 0.0901	 1.1606	 1.1227	PixelFly	L1.5-	160x 60	1.0216	0.1400	0.0600	20	0	 5	150	 200	199	     0
29/09/18 21:01:07	OT	VEGA           	 1.4080	 1.1082	11403.4	10125.2	 0.488081	 0.327033	 0.1303	 0.1449	 0.0722	 0.0714	 1.3992	 1.4168	PixelFly	L1.5-	160x 60	1.0216	0.1400	0.0600	20	0	 5	150	 200	199	     0
29/09/18 21:01:37	OT	VEGA           	 1.1230	 1.1091	11778.7	10136.3	 0.384082	 0.193872	 0.2262	 0.2357	 0.0835	 0.0978	 1.2112	 1.0348	PixelFly	L1.5-	160x 60	1.0216	0.1400	0.0600	20	0	 5	150	 200	199	     0
29/09/18 21:02:07	OT	VEGA           	 1.0926	 1.1099	11553.3	10745.4	 0.340809	 0.201425	 0.1361	 0.1233	 0.0897	 0.0956	 1.1269	 1.0583	PixelFly	L1.5-	160x 60	1.0216	0.1400	0.0600	20	0	 5	150	 200	199	     0
29/09/18 21:02:37	OT	VEGA           	 0.8601	 1.1108	11927.7	10270.1	 0.237863	 0.129762	 0.1201	 0.1012	 0.1114	 0.1245	 0.9077	 0.8125	PixelFly	L1.5-	160x 60	1.0216	0.1400	0.0600	20	0	 5	150	 200	200	     0
29/09/18 21:03:07	OT	VEGA           	 1.2454	 1.1117	11557.0	10152.7	 0.403072	 0.264786	 0.1159	 0.1205	 0.0812	 0.0812	 1.2450	 1.2458	PixelFly	L1.5-	160x 60	1.0216	0.1400	0.0600	20	0	 5	150	 200	199	     0
29/09/18 21:03:37	OT	VEGA           	 1.4346	 1.1126	11909.5	10721.1	 0.516907	 0.331296	 0.1330	 0.0950	 0.0700	 0.0710	 1.4447	 1.4244	PixelFly	L1.5-	160x 60	1.0216	0.1400	0.0600	20	0	 5	150	 200	199	     0
29/09/18 21:04:07	OT	VEGA           	 1.2432	 1.1135	11598.1	10344.8	 0.429469	 0.247151	 0.1207	 0.1022	 0.0782	 0.0847	 1.2921	 1.1942	PixelFly	L1.5-	160x 60	1.0216	0.1400	0.0600	20	0	 5	150	 200	200	     0
29/09/18 21:04:37	OT	VEGA           	 1.1552	 1.1144	11209.8	10553.5	 0.375709	 0.221798	 0.1117	 0.1080	 0.0848	 0.0905	 1.1919	 1.1186	PixelFly	L1.5-	160x 60	1.0216	0.1400	0.0600	20	0	 5	150	 200	200	     0
29/09/18 21:05:07	OT	VEGA           	 1.2823	 1.1153	11880.7	10263.3	 0.441347	 0.267973	 0.0739	 0.0738	 0.0770	 0.0808	 1.3121	 1.2524	PixelFly	L1.5-	160x 60	1.0216	0.1400	0.0600	20	0	 5	150	 200	200	     0
29/09/18 21:05:37	OT	VEGA           	 1.4109	 1.1162	11195.9	10401.0	 0.573094	 0.280953	 0.0768	 0.0914	 0.0659	 0.0786	 1.5340	 1.2878	PixelFly	L1.5-	160x 60	1.0216	0.1400	0.0600	20	0	 5	150	 200	200	     0
29/09/18 21:06:07	OT	VEGA           	 1.2757	 1.1171	11867.5	10221.9	 0.380531	 0.305000	 0.0939	 0.0856	 0.0843	 0.0748	 1.1993	 1.3522	PixelFly	L1.5-	160x 60	1.0216	0.1400	0.0600	20	0	 5	150	 200	200	     0
29/09/18 21:06:37	OT	VEGA           	 1.4519	 1.1180	11415.0	10199.2	 0.544459	 0.330318	 0.1103	 0.0953	 0.0680	 0.0714	 1.4861	 1.4178	PixelFly	L1.5-	160x 60	1.0216	0.1400	0.0600	20	0	 5	150	 200	200	     0
29/09/18 21:07:07	OT	VEGA           	 1.6030	 1.1190	11019.1	10153.4	 0.611278	 0.410284	 0.1090	 0.0802	 0.0635	 0.0627	 1.5922	 1.6139	PixelFly	L1.5-	160x 60	1.0216	0.1400	0.0600	20	0	 5	150	 200	200	     0
29/09/18 21:07:37	OT	VEGA           	 1.0858	 1.1199	11678.9	10555.0	 0.348236	 0.196200	 0.1019	 0.1041	 0.0890	 0.0976	 1.1354	 1.0362	PixelFly	L1.5-	160x 60	1.0216	0.1400	0.0600	20	0	 5	150	 200	199	     0
29/09/18 21:08:07	OT	VEGA           	 1.1141	 1.1208	11462.6	10253.0	 0.312409	 0.238702	 0.0865	 0.0944	 0.0951	 0.0869	 1.0633	 1.1649	PixelFly	L1.5-	160x 60	1.0216	0.1400	0.0600	20	0	 5	150	 200	200	     0
29/09/18 21:08:37	OT	VEGA           	 1.1374	 1.1218	11634.0	10200.0	 0.363964	 0.220435	 0.1093	 0.0842	 0.0868	 0.0911	 1.1647	 1.1100	PixelFly	L1.5-	160x 60	1.0216	0.1400	0.0600	20	0	 5	150	 200	200	     0
29/09/18 21:09:07	OT	VEGA           	 0.9469	 1.1227	11245.9	10424.6	 0.292611	 0.147692	 0.0896	 0.1091	 0.0990	 0.1160	 1.0213	 0.8725	PixelFly	L1.5-	160x 60	1.0216	0.1400	0.0600	20	0	 5	150	 200	200	     0
29/09/18 21:09:37	OT	VEGA           	 1.1726	 1.1237	11449.4	10502.6	 0.389598	 0.228517	 0.1602	 0.1480	 0.0834	 0.0893	 1.2121	 1.1331	PixelFly	L1.5-	160x 60	1.0216	0.1400	0.0600	20	0	 5	150	 200	199	     0
29/09/18 21:10:07	OT	VEGA           	 1.1186	 1.1246	11816.4	 9807.7	 0.408078	 0.183123	 0.1396	 0.1590	 0.0812	 0.1020	 1.2456	 0.9916	PixelFly	L1.5-	160x 60	1.0216	0.1400	0.0600	20	0	 5	150	 200	200	    50
29/09/18 21:10:37	OT	VEGA           	 1.1786	 1.1256	11351.8	10440.8	 0.421640	 0.213750	 0.1273	 0.1301	 0.0796	 0.0930	 1.2696	 1.0875	PixelFly	L1.5-	160x 60	1.0216	0.1400	0.0600	20	0	 5	150	 200	199	     0
29/09/18 21:11:07	OT	VEGA           	 1.1680	 1.1266	11485.8	 9926.8	 0.383259	 0.230650	 0.1148	 0.1230	 0.0844	 0.0889	 1.1983	 1.1377	PixelFly	L1.5-	160x 60	1.0216	0.1400	0.0600	20	0	 5	150	 200	197	     0
29/09/18 21:11:37	OT	VEGA           	 0.9361	 1.1275	11197.9	10457.2	 0.283344	 0.148454	 0.0821	 0.0891	 0.1012	 0.1159	 0.9992	 0.8730	PixelFly	L1.5-	160x 60	1.0216	0.1400	0.0600	20	0	 5	150	 200	199	     0
29/09/18 21:12:07	OT	VEGA           	 0.9474	 1.1285	11258.6	10172.3	 0.272955	 0.161640	 0.0714	 0.0915	 0.1035	 0.1102	 0.9765	 0.9182	PixelFly	L1.5-	160x 60	1.0216	0.1400	0.0600	20	0	 5	150	 200	200	     0
29/09/18 21:12:37	OT	VEGA           	 0.8507	 1.1295	11510.7	10072.9	 0.235407	 0.130833	 0.0816	 0.0797	 0.1132	 0.1252	 0.8931	 0.8084	PixelFly	L1.5-	160x 60	1.0216	0.1400	0.0600	20	0	 5	150	 200	200	     0
29/09/18 21:13:07	OT	VEGA           	 0.8653	 1.1305	11480.9	10112.1	 0.238318	 0.137219	 0.0755	 0.0815	 0.1124	 0.1217	 0.8992	 0.8314	PixelFly	L1.5-	160x 60	1.0216	0.1400	0.0600	20	0	 5	150	 200	200	     0
29/09/18 21:13:37	OT	VEGA           	 1.3556	 1.1315	11303.9	10495.1	 0.479099	 0.306064	 0.0947	 0.1023	 0.0740	 0.0752	 1.3665	 1.3447	PixelFly	L1.5-	160x 60	1.0216	0.1400	0.0600	20	0	 5	150	 200	199	     0
29/09/18 21:14:07	OT	VEGA           	 1.0456	 1.1325	11650.9	10261.1	 0.281162	 0.218904	 0.1110	 0.0747	 0.1019	 0.0921	 0.9920	 1.0991	PixelFly	L1.5-	160x 60	1.0216	0.1400	0.0600	20	0	 5	150	 200	196	     0
29/09/18 21:14:37	OT	VEGA           	 0.9974	 1.1335	11727.5	10364.3	 0.308077	 0.171084	 0.0884	 0.1063	 0.0965	 0.1068	 1.0473	 0.9475	PixelFly	L1.5-	160x 60	1.0216	0.1400	0.0600	20	0	 5	150	 200	198	     0
29/09/18 21:15:07	OT	VEGA           	 0.9519	 1.1345	11529.0	10330.7	 0.305248	 0.146506	 0.1050	 0.0848	 0.0971	 0.1173	 1.0410	 0.8629	PixelFly	L1.5-	160x 60	1.0216	0.1400	0.0600	20	0	 5	150	 200	198	    50
29/09/18 21:15:37	OT	VEGA           	 1.0514	 1.1355	11651.9	10560.1	 0.294733	 0.214492	 0.0976	 0.1045	 0.0992	 0.0933	 1.0188	 1.0840	PixelFly	L1.5-	160x 60	1.0216	0.1400	0.0600	20	0	 5	150	 200	200	     0
29/09/18 21:16:07	OT	VEGA           	 0.9243	 1.1365	11797.9	10348.3	 0.261945	 0.157415	 0.1102	 0.1100	 0.1066	 0.1124	 0.9487	 0.8999	PixelFly	L1.5-	160x 60	1.0216	0.1400	0.0600	20	0	 5	150	 200	196	     0
29/09/18 21:16:37	OT	VEGA           	 1.0607	 1.1376	11270.4	10755.0	 0.348648	 0.186497	 0.1150	 0.1164	 0.0898	 0.1016	 1.1256	 0.9957	PixelFly	L1.5-	160x 60	1.0216	0.1400	0.0600	20	0	 5	150	 200	196	     0
29/09/18 21:17:07	OT	VEGA           	 0.9337	 1.1386	11849.9	10879.6	 0.297637	 0.141774	 0.1172	 0.0894	 0.0988	 0.1199	 1.0231	 0.8442	PixelFly	L1.5-	160x 60	1.0216	0.1400	0.0600	20	0	 5	150	 200	199	    50
29/09/18 21:17:37	OT	VEGA           	 0.9742	 1.1396	11419.3	10389.2	 0.290842	 0.169693	 0.1067	 0.0834	 0.1002	 0.1077	 1.0085	 0.9398	PixelFly	L1.5-	160x 60	1.0216	0.1400	0.0600	20	0	 5	150	 200	195	     0
29/09/18 21:18:07	OT	VEGA           	 0.9095	 1.1407	11600.0	10450.1	 0.262911	 0.149448	 0.0968	 0.0971	 0.1066	 0.1162	 0.9487	 0.8704	PixelFly	L1.5-	160x 60	1.0216	0.1400	0.0600	20	0	 5	150	 200	193	     0
29/09/18 21:18:37	OT	VEGA           	 1.1243	 1.1417	11751.3	10839.7	 0.366579	 0.217993	 0.1270	 0.1270	 0.0873	 0.0927	 1.1575	 1.0911	PixelFly	L1.5-	160x 60	1.0216	0.1400	0.0600	20	0	 5	150	 200	196	     0
29/09/18 21:19:07	OT	VEGA           	 0.9270	 1.1428	11819.6	10285.4	 0.243894	 0.172629	 0.0850	 0.0974	 0.1116	 0.1067	 0.9059	 0.9480	PixelFly	L1.5-	160x 60	1.0216	0.1400	0.0600	20	0	 5	150	 200	194	     0
29/09/18 21:19:37	OT	VEGA           	 0.7430	 1.1438	11579.8	10119.5	 0.207453	 0.095562	 0.0997	 0.0994	 0.1230	 0.1523	 0.8216	 0.6645	PixelFly	L1.5-	160x 60	1.0216	0.1400	0.0600	20	0	 5	150	 200	197	    50
29/09/18 21:20:07	OT	VEGA           	 0.8092	 1.1449	11427.3	10650.4	 0.205413	 0.130882	 0.0909	 0.0884	 0.1238	 0.1262	 0.8163	 0.8020	PixelFly	L1.5-	160x 60	1.0216	0.1400	0.0600	20	0	 5	150	 200	192	     0
29/09/18 21:20:36	OT	VEGA           	 0.9620	 1.1459	11296.4	10605.9	 0.263323	 0.182049	 0.1164	 0.1193	 0.1067	 0.1036	 0.9470	 0.9771	PixelFly	L1.5-	160x 60	1.0216	0.1400	0.0600	20	0	 5	150	 200	188	    11
29/09/18 21:21:07	OT	VEGA           	 0.8063	 1.1470	11895.1	10488.8	 0.251974	 0.102251	 0.1434	 0.1266	 0.1097	 0.1465	 0.9217	 0.6908	PixelFly	L1.5-	160x 60	1.0216	0.1400	0.0600	20	0	 5	150	 200	196	    50
29/09/18 21:21:37	OT	VEGA           	 0.8798	 1.1481	11897.6	10342.4	 0.236044	 0.151417	 0.1094	 0.0808	 0.1141	 0.1158	 0.8858	 0.8738	PixelFly	L1.5-	160x 60	1.0216	0.1400	0.0600	20	0	 5	150	 200	196	     0
29/09/18 21:22:07	OT	VEGA           	 0.8308	 1.1492	11328.1	10374.4	 0.259562	 0.110878	 0.0845	 0.0969	 0.1079	 0.1397	 0.9372	 0.7244	PixelFly	L1.5-	160x 60	1.0216	0.1400	0.0600	20	0	 5	150	 200	194	    50
29/09/18 21:22:37	OT	VEGA           	 0.8374	 1.1503	11418.9	10105.3	 0.209399	 0.145248	 0.0958	 0.0962	 0.1228	 0.1189	 0.8234	 0.8513	PixelFly	L1.5-	160x 60	1.0216	0.1400	0.0600	20	0	 5	150	 200	199	     0
29/09/18 21:23:07	OT	VEGA           	 0.9853	 1.1514	11007.8	10422.9	 0.305022	 0.171261	 0.0672	 0.0947	 0.0980	 0.1077	 1.0313	 0.9392	PixelFly	L1.5-	160x 60	1.0216	0.1400	0.0600	20	0	 5	150	 200	197	     0
29/09/18 21:23:37	OT	VEGA           	 0.8328	 1.1525	11753.0	10202.8	 0.225696	 0.132653	 0.0821	 0.0936	 0.1175	 0.1256	 0.8603	 0.8053	PixelFly	L1.5-	160x 60	1.0216	0.1400	0.0600	20	0	 5	150	 200	194	     0
29/09/18 21:24:07	OT	VEGA           	 0.9569	 1.1536	11536.6	10492.9	 0.302054	 0.156739	 0.0857	 0.0698	 0.0987	 0.1137	 1.0241	 0.8896	PixelFly	L1.5-	160x 60	1.0216	0.1400	0.0600	20	0	 5	150	 200	197	     0
29/09/18 21:24:37	OT	VEGA           	 0.9731	 1.1547	11690.5	10333.5	 0.297988	 0.169234	 0.1076	 0.1005	 0.0996	 0.1087	 1.0152	 0.9309	PixelFly	L1.5-	160x 60	1.0216	0.1400	0.0600	20	0	 5	150	 200	196	     0
29/09/18 21:25:07	OT	VEGA           	 0.9074	 1.1559	11901.2	10024.2	 0.274558	 0.145216	 0.1452	 0.1274	 0.1046	 0.1192	 0.9660	 0.8488	PixelFly	L1.5-	160x 60	1.0216	0.1400	0.0600	20	0	 5	150	 200	198	     0
29/09/18 21:25:07	OT	VEGA           	 0.0000	 1.1559	    0.0	    0.0	-0.000000	-0.000000	    0.0	    0.0	    0.0	    0.0	 0.0000	 0.0000	PixelFly	L1.5-	160x 60	1.0216	0.1400	0.0600	20	0	 5	150	 200	  0	    31
29/09/18 21:28:00	OT	DENEB          	 1.0271	 1.0470	 3574.2	 3346.1	 0.272772	 0.182512	 0.0964	 0.0729	 0.0990	 0.0979	 1.0211	 1.0331	PixelFly	L1.5-	160x 60	1.0216	0.1400	0.0600	20	0	 5	150	 200	190	     0
29/09/18 21:28:20	OT	DENEB          	 0.8741	 1.0471	 3584.3	 3405.7	 0.206347	 0.140958	 0.0864	 0.0953	 0.1171	 0.1144	 0.8636	 0.8847	PixelFly	L1.5-	160x 60	1.0216	0.1400	0.0600	20	0	 5	150	 200	118	    11
29/09/18 21:28:50	OT	DENEB          	 0.8766	 1.0472	 3730.2	 3360.8	 0.244760	 0.118348	 0.1096	 0.0948	 0.1057	 0.1270	 0.9567	 0.7965	PixelFly	L1.5-	160x 60	1.0216	0.1400	0.0600	20	0	 5	150	 200	198	    50
29/09/18 21:29:20	OT	DENEB          	 1.1666	 1.0473	 3757.0	 3313.2	 0.321503	 0.236478	 0.1110	 0.1130	 0.0897	 0.0839	 1.1267	 1.2066	PixelFly	L1.5-	160x 60	1.0216	0.1400	0.0600	20	0	 5	150	 200	199	     0
29/09/18 21:29:41	OT	DENEB          	 0.8701	 1.0473	 3743.1	 3232.5	 0.212593	 0.134805	 0.1058	 0.1390	 0.1150	 0.1175	 0.8791	 0.8612	PixelFly	L1.5-	160x 60	1.0216	0.1400	0.0600	20	0	 5	150	 200	132	    11
29/09/18 21:30:11	OT	DENEB          	 0.9311	 1.0475	 3573.6	 3405.5	 0.230934	 0.155601	 0.0995	 0.0951	 0.1094	 0.1078	 0.9237	 0.9385	PixelFly	L1.5-	160x 60	1.0216	0.1400	0.0600	20	0	 5	150	 200	191	     0
29/09/18 21:30:41	OT	DENEB          	 1.2206	 1.0476	 3632.3	 3320.9	 0.366087	 0.242033	 0.0993	 0.1051	 0.0830	 0.0827	 1.2178	 1.2233	PixelFly	L1.5-	160x 60	1.0216	0.1400	0.0600	20	0	 5	150	 200	190	     0
29/09/18 21:31:11	OT	DENEB          	 1.0459	 1.0477	 3606.1	 3419.6	 0.356319	 0.143456	 0.0834	 0.0800	 0.0844	 0.1132	 1.1981	 0.8937	PixelFly	L1.5-	160x 60	1.0216	0.1400	0.0600	20	0	 5	150	 200	196	    50
29/09/18 21:31:41	OT	DENEB          	 1.1872	 1.0478	 3621.6	 3298.2	 0.348462	 0.231916	 0.0933	 0.0955	 0.0855	 0.0849	 1.1821	 1.1922	PixelFly	L1.5-	160x 60	1.0216	0.1400	0.0600	20	0	 5	150	 200	192	     0
29/09/18 21:32:11	OT	DENEB          	 0.8978	 1.0479	 3666.9	 3340.1	 0.206762	 0.153711	 0.0912	 0.0918	 0.1170	 0.1086	 0.8642	 0.9314	PixelFly	L1.5-	160x 60	1.0216	0.1400	0.0600	20	0	 5	150	 200	199	     0
29/09/18 21:32:41	OT	DENEB          	 0.8905	 1.0481	 3703.9	 3253.5	 0.208611	 0.148459	 0.0789	 0.0749	 0.1164	 0.1109	 0.8688	 0.9121	PixelFly	L1.5-	160x 60	1.0216	0.1400	0.0600	20	0	 5	150	 200	194	     0
29/09/18 21:33:11	OT	DENEB          	 0.9154	 1.0482	 3739.1	 3392.4	 0.218958	 0.155170	 0.0698	 0.0678	 0.1130	 0.1080	 0.8943	 0.9366	PixelFly	L1.5-	160x 60	1.0216	0.1400	0.0600	20	0	 5	150	 200	199	     0
29/09/18 21:33:41	OT	DENEB          	 0.8974	 1.0483	 3881.9	 3333.4	 0.252260	 0.124676	 0.0785	 0.0972	 0.1038	 0.1232	 0.9735	 0.8213	PixelFly	L1.5-	160x 60	1.0216	0.1400	0.0600	20	0	 5	150	 200	196	     0
29/09/18 21:34:11	OT	DENEB          	 0.9182	 1.0484	 3591.6	 3458.4	 0.229662	 0.149609	 0.0757	 0.0862	 0.1099	 0.1104	 0.9202	 0.9161	PixelFly	L1.5-	160x 60	1.0216	0.1400	0.0600	20	0	 5	150	 200	197	     0
29/09/18 21:34:41	OT	DENEB          	 1.0026	 1.0486	 3552.4	 3304.2	 0.269740	 0.170828	 0.0935	 0.0715	 0.0998	 0.1020	 1.0133	 0.9920	PixelFly	L1.5-	160x 60	1.0216	0.1400	0.0600	20	0	 5	150	 200	196	     0
29/09/18 21:35:11	OT	DENEB          	 1.0274	 1.0487	 3586.4	 3316.9	 0.314678	 0.157158	 0.0819	 0.0806	 0.0910	 0.1072	 1.1114	 0.9435	PixelFly	L1.5-	160x 60	1.0216	0.1400	0.0600	20	0	 5	150	 200	199	     0
29/09/18 21:35:41	OT	DENEB          	 0.8127	 1.0489	 3683.9	 3393.1	 0.183072	 0.125025	 0.0798	 0.1057	 0.1259	 0.1230	 0.8029	 0.8224	PixelFly	L1.5-	160x 60	1.0216	0.1400	0.0600	20	0	 5	150	 200	200	     0
29/09/18 21:36:11	OT	DENEB          	 0.8624	 1.0490	 3850.9	 3357.1	 0.191766	 0.145114	 0.1070	 0.1114	 0.1225	 0.1125	 0.8255	 0.8992	PixelFly	L1.5-	160x 60	1.0216	0.1400	0.0600	20	0	 5	150	 200	191	     0
29/09/18 21:36:28	OT	DENEB          	 0.8931	 1.0491	 3620.9	 3487.7	 0.260621	 0.117894	 0.1385	 0.1255	 0.1019	 0.1275	 0.9923	 0.7938	PixelFly	L1.5-	160x 60	1.0216	0.1400	0.0600	20	0	 5	150	 200	103	    11
29/09/18 21:36:44	OT	DENEB          	 1.0439	 1.0492	 3697.4	 3112.3	 0.305609	 0.172121	 0.1955	 0.1517	 0.0926	 0.1016	 1.0918	 0.9961	PixelFly	L1.5-	160x 60	1.0216	0.1400	0.0600	20	0	 5	150	 200	 97	    99
