Fecha Hora	Ubicacion	Objeto	Seeing	Maire	Flujo 1	Flujo 2	Var l	Var t	Centelleo 1	Centelleo 2	r0l	r0t	fwhml	fwmlt	CCD	Software	Ventana	EscalaPlaca	Distancia	Diametro	WinSpot	Gain	Texp	Sampling	N	Muestras	Return
05/09/18 20:34:09	OT	RASALHAGUE     	 0.0000	 1.0640	    0.0	    0.0	-0.000000	-0.000000	    0.0	    0.0	    0.0	    0.0	 0.0000	 0.0000	PixelFly	L1.5-	160x 60	1.0216	0.1400	0.0600	20	0	 5	150	 200	  0	    12
05/09/18 20:34:11	OT	RASALHAGUE     	 0.0000	 1.0641	    0.0	    0.0	-0.000000	-0.000000	    0.0	    0.0	    0.0	    0.0	 0.0000	 0.0000	PixelFly	L1.5-	160x 60	1.0216	0.1400	0.0600	20	0	 5	150	 200	  0	    12
05/09/18 20:34:12	OT	RASALHAGUE     	 0.0000	 1.0641	    0.0	    0.0	-0.000000	-0.000000	    0.0	    0.0	    0.0	    0.0	 0.0000	 0.0000	PixelFly	L1.5-	160x 60	1.0216	0.1400	0.0600	20	0	 5	150	 200	  0	    12
05/09/18 20:34:14	OT	RASALHAGUE     	 0.0000	 1.0641	    0.0	    0.0	-0.000000	-0.000000	    0.0	    0.0	    0.0	    0.0	 0.0000	 0.0000	PixelFly	L1.5-	160x 60	1.0216	0.1400	0.0600	20	0	 5	150	 200	  0	    12
05/09/18 20:34:15	OT	RASALHAGUE     	 0.0000	 1.0641	    0.0	    0.0	-0.000000	-0.000000	    0.0	    0.0	    0.0	    0.0	 0.0000	 0.0000	PixelFly	L1.5-	160x 60	1.0216	0.1400	0.0600	20	0	 5	150	 200	  0	    12
05/09/18 20:35:15	OT	RASALHAGUE     	 0.0000	 1.0651	    0.0	    0.0	-0.000000	-0.000000	    0.0	    0.0	    0.0	    0.0	 0.0000	 0.0000	PixelFly	L1.5-	160x 60	1.0216	0.1400	0.0600	20	0	 5	150	 200	  0	    12
05/09/18 20:35:16	OT	RASALHAGUE     	 0.0000	 1.0651	    0.0	    0.0	-0.000000	-0.000000	    0.0	    0.0	    0.0	    0.0	 0.0000	 0.0000	PixelFly	L1.5-	160x 60	1.0216	0.1400	0.0600	20	0	 5	150	 200	  0	    12
05/09/18 20:35:18	OT	RASALHAGUE     	 0.0000	 1.0652	    0.0	    0.0	-0.000000	-0.000000	    0.0	    0.0	    0.0	    0.0	 0.0000	 0.0000	PixelFly	L1.5-	160x 60	1.0216	0.1400	0.0600	20	0	 5	150	 200	  0	    12
05/09/18 20:35:19	OT	RASALHAGUE     	 0.0000	 1.0652	    0.0	    0.0	-0.000000	-0.000000	    0.0	    0.0	    0.0	    0.0	 0.0000	 0.0000	PixelFly	L1.5-	160x 60	1.0216	0.1400	0.0600	20	0	 5	150	 200	  0	    12
05/09/18 20:35:21	OT	RASALHAGUE     	 0.0000	 1.0652	    0.0	    0.0	-0.000000	-0.000000	    0.0	    0.0	    0.0	    0.0	 0.0000	 0.0000	PixelFly	L1.5-	160x 60	1.0216	0.1400	0.0600	20	0	 5	150	 200	  0	    12
05/09/18 20:35:35	OT	RASALHAGUE     	 0.0000	 1.0654	    0.0	    0.0	-0.000000	-0.000000	    0.0	    0.0	    0.0	    0.0	 0.0000	 0.0000	PixelFly	L1.5-	160x 60	1.0216	0.1400	0.0600	20	0	 5	150	 200	  0	    12
05/09/18 20:35:37	OT	RASALHAGUE     	 0.0000	 1.0655	    0.0	    0.0	-0.000000	-0.000000	    0.0	    0.0	    0.0	    0.0	 0.0000	 0.0000	PixelFly	L1.5-	160x 60	1.0216	0.1400	0.0600	20	0	 5	150	 200	  0	    12
05/09/18 20:35:38	OT	RASALHAGUE     	 0.0000	 1.0655	    0.0	    0.0	-0.000000	-0.000000	    0.0	    0.0	    0.0	    0.0	 0.0000	 0.0000	PixelFly	L1.5-	160x 60	1.0216	0.1400	0.0600	20	0	 5	150	 200	  0	    12
05/09/18 20:35:40	OT	RASALHAGUE     	 0.0000	 1.0655	    0.0	    0.0	-0.000000	-0.000000	    0.0	    0.0	    0.0	    0.0	 0.0000	 0.0000	PixelFly	L1.5-	160x 60	1.0216	0.1400	0.0600	20	0	 5	150	 200	  0	    12
05/09/18 20:35:41	OT	RASALHAGUE     	 0.0000	 1.0655	    0.0	    0.0	-0.000000	-0.000000	    0.0	    0.0	    0.0	    0.0	 0.0000	 0.0000	PixelFly	L1.5-	160x 60	1.0216	0.1400	0.0600	20	0	 5	150	 200	  0	    12
05/09/18 20:41:00	OT	RASALHAGUE     	 0.0000	 1.0712	    0.0	    0.0	-0.000000	-0.000000	    0.0	    0.0	    0.0	    0.0	 0.0000	 0.0000	PixelFly	L1.5-	160x 60	1.0216	0.1400	0.0600	20	0	 5	150	 200	  0	    12
05/09/18 20:41:01	OT	RASALHAGUE     	 0.0000	 1.0712	    0.0	    0.0	-0.000000	-0.000000	    0.0	    0.0	    0.0	    0.0	 0.0000	 0.0000	PixelFly	L1.5-	160x 60	1.0216	0.1400	0.0600	20	0	 5	150	 200	  0	    12
05/09/18 20:41:03	OT	RASALHAGUE     	 0.0000	 1.0712	    0.0	    0.0	-0.000000	-0.000000	    0.0	    0.0	    0.0	    0.0	 0.0000	 0.0000	PixelFly	L1.5-	160x 60	1.0216	0.1400	0.0600	20	0	 5	150	 200	  0	    12
05/09/18 20:41:04	OT	RASALHAGUE     	 0.0000	 1.0712	    0.0	    0.0	-0.000000	-0.000000	    0.0	    0.0	    0.0	    0.0	 0.0000	 0.0000	PixelFly	L1.5-	160x 60	1.0216	0.1400	0.0600	20	0	 5	150	 200	  0	    12
05/09/18 20:41:06	OT	RASALHAGUE     	 0.0000	 1.0713	    0.0	    0.0	-0.000000	-0.000000	    0.0	    0.0	    0.0	    0.0	 0.0000	 0.0000	PixelFly	L1.5-	160x 60	1.0216	0.1400	0.0600	20	0	 5	150	 200	  0	    12
05/09/18 20:51:30	OT	RASALHAGUE     	 0.0000	 1.0840	    0.0	    0.0	-0.000000	-0.000000	    0.0	    0.0	    0.0	    0.0	 0.0000	 0.0000	PixelFly	L1.5-	160x 60	1.0216	0.1400	0.0600	20	0	 5	150	 200	  0	    12
05/09/18 20:51:32	OT	RASALHAGUE     	 0.0000	 1.0840	    0.0	    0.0	-0.000000	-0.000000	    0.0	    0.0	    0.0	    0.0	 0.0000	 0.0000	PixelFly	L1.5-	160x 60	1.0216	0.1400	0.0600	20	0	 5	150	 200	  0	    12
05/09/18 20:51:32	OT	RASALHAGUE     	 0.0000	 1.0840	    0.0	    0.0	-0.000000	-0.000000	    0.0	    0.0	    0.0	    0.0	 0.0000	 0.0000	PixelFly	L1.5-	160x 60	1.0216	0.1400	0.0600	20	0	 5	150	 200	  0	    99
05/09/18 23:29:01	OT	DENEB          	 2.9217	 1.0568	  106.8	  164.8	 0.318897	 2.324445	 0.7639	 1.0379	 0.0906	 0.0214	 1.1151	 4.7283	PixelFly	L1.5-	160x 60	1.0216	0.1400	0.0600	20	0	 5	150	 200	  5	    12
05/09/18 23:29:03	OT	DENEB          	 0.0000	 1.0568	    0.0	    0.0	-0.000000	-0.000000	    0.0	    0.0	    0.0	    0.0	 0.0000	 0.0000	PixelFly	L1.5-	160x 60	1.0216	0.1400	0.0600	20	0	 5	150	 200	  0	    99
