Fecha Hora	Ubicacion	Objeto	Seeing	Maire	Flujo 1	Flujo 2	Var l	Var t	Centelleo 1	Centelleo 2	r0l	r0t	fwhml	fwmlt	CCD	Software	Ventana	EscalaPlaca	Distancia	Diametro	WinSpot	Gain	Texp	Sampling	N	Muestras	Return
22/09/18 00:27:06	OT	MARKAB         	 0.0000	 1.0300	    0.0	    0.0	-0.000000	-0.000000	    0.0	    0.0	    0.0	    0.0	 0.0000	 0.0000	PixelFly	L1.5-	160x 60	1.0216	0.1400	0.0600	20	0	 5	150	 200	  0	    12
22/09/18 00:27:08	OT	MARKAB         	 0.0000	 1.0300	    0.0	    0.0	-0.000000	-0.000000	    0.0	    0.0	    0.0	    0.0	 0.0000	 0.0000	PixelFly	L1.5-	160x 60	1.0216	0.1400	0.0600	20	0	 5	150	 200	  0	    12
22/09/18 00:27:09	OT	MARKAB         	 0.0000	 1.0300	    0.0	    0.0	-0.000000	-0.000000	    0.0	    0.0	    0.0	    0.0	 0.0000	 0.0000	PixelFly	L1.5-	160x 60	1.0216	0.1400	0.0600	20	0	 5	150	 200	  0	    12
22/09/18 00:27:11	OT	MARKAB         	 0.0000	 1.0300	    0.0	    0.0	-0.000000	-0.000000	    0.0	    0.0	    0.0	    0.0	 0.0000	 0.0000	PixelFly	L1.5-	160x 60	1.0216	0.1400	0.0600	20	0	 5	150	 200	  0	    12
22/09/18 00:27:12	OT	MARKAB         	 0.0000	 1.0300	    0.0	    0.0	-0.000000	-0.000000	    0.0	    0.0	    0.0	    0.0	 0.0000	 0.0000	PixelFly	L1.5-	160x 60	1.0216	0.1400	0.0600	20	0	 5	150	 200	  0	    12
22/09/18 00:28:51	OT	MARKAB         	 0.5014	 1.0306	 1178.3	 1066.2	 0.076694	 0.057469	 0.0216	 0.0301	 0.2100	 0.1941	 0.4814	 0.5213	PixelFly	L1.5-	160x 60	1.0216	0.1400	0.0600	20	0	 5	150	 200	200	     0
22/09/18 00:29:21	OT	MARKAB         	 0.4709	 1.0308	 1199.9	 1043.8	 0.062604	 0.056448	 0.0246	 0.0271	 0.2372	 0.1962	 0.4262	 0.5157	PixelFly	L1.5-	160x 60	1.0216	0.1400	0.0600	20	0	 5	150	 200	200	     0
22/09/18 00:29:51	OT	MARKAB         	 0.4498	 1.0310	 1182.2	 1076.2	 0.072288	 0.042516	 0.0197	 0.0208	 0.2176	 0.2326	 0.4645	 0.4350	PixelFly	L1.5-	160x 60	1.0216	0.1400	0.0600	20	0	 5	150	 200	200	     0
22/09/18 00:30:21	OT	MARKAB         	 0.4985	 1.0312	 1162.7	 1073.4	 0.093541	 0.045815	 0.0272	 0.0281	 0.1864	 0.2224	 0.5422	 0.4549	PixelFly	L1.5-	160x 60	1.0216	0.1400	0.0600	20	0	 5	150	 200	200	     0
22/09/18 00:30:51	OT	MARKAB         	 0.5141	 1.0314	 1181.8	 1058.1	 0.096493	 0.049389	 0.0268	 0.0342	 0.1830	 0.2126	 0.5523	 0.4758	PixelFly	L1.5-	160x 60	1.0216	0.1400	0.0600	20	0	 5	150	 200	200	     0
22/09/18 00:31:21	OT	MARKAB         	 0.5215	 1.0316	 1196.2	 1059.6	 0.096800	 0.051828	 0.0308	 0.0394	 0.1827	 0.2066	 0.5533	 0.4897	PixelFly	L1.5-	160x 60	1.0216	0.1400	0.0600	20	0	 5	150	 200	200	     0
22/09/18 00:31:51	OT	MARKAB         	 0.4187	 1.0318	 1189.3	 1081.0	 0.071780	 0.033215	 0.0295	 0.0303	 0.2186	 0.2699	 0.4624	 0.3749	PixelFly	L1.5-	160x 60	1.0216	0.1400	0.0600	20	0	 5	150	 200	200	    50
22/09/18 00:32:21	OT	MARKAB         	 0.3959	 1.0320	 1183.1	 1065.8	 0.058657	 0.034298	 0.0258	 0.0234	 0.2468	 0.2647	 0.4096	 0.3822	PixelFly	L1.5-	160x 60	1.0216	0.1400	0.0600	20	0	 5	150	 200	200	     0
22/09/18 00:32:51	OT	MARKAB         	 0.4474	 1.0322	 1170.9	 1071.8	 0.065476	 0.046275	 0.0221	 0.0234	 0.2311	 0.2212	 0.4375	 0.4574	PixelFly	L1.5-	160x 60	1.0216	0.1400	0.0600	20	0	 5	150	 200	200	     0
22/09/18 00:33:21	OT	MARKAB         	 0.4422	 1.0324	 1199.0	 1065.1	 0.077620	 0.037005	 0.0245	 0.0230	 0.2087	 0.2530	 0.4844	 0.3999	PixelFly	L1.5-	160x 60	1.0216	0.1400	0.0600	20	0	 5	150	 200	200	    50
22/09/18 00:33:51	OT	MARKAB         	 0.4375	 1.0327	 1168.9	 1077.1	 0.065523	 0.042997	 0.0236	 0.0221	 0.2310	 0.2313	 0.4375	 0.4375	PixelFly	L1.5-	160x 60	1.0216	0.1400	0.0600	20	0	 5	150	 200	200	     0
22/09/18 00:34:22	OT	MARKAB         	 0.4832	 1.0329	 1183.9	 1061.5	 0.070764	 0.055204	 0.0184	 0.0216	 0.2206	 0.1991	 0.4581	 0.5082	PixelFly	L1.5-	160x 60	1.0216	0.1400	0.0600	20	0	 5	150	 200	200	     0
22/09/18 00:34:52	OT	MARKAB         	 0.4728	 1.0331	 1172.7	 1067.4	 0.081896	 0.044329	 0.0267	 0.0222	 0.2022	 0.2271	 0.5000	 0.4455	PixelFly	L1.5-	160x 60	1.0216	0.1400	0.0600	20	0	 5	150	 200	200	     0
22/09/18 00:35:22	OT	MARKAB         	 0.4453	 1.0334	 1185.0	 1050.9	 0.069752	 0.042849	 0.0218	 0.0199	 0.2226	 0.2318	 0.4541	 0.4364	PixelFly	L1.5-	160x 60	1.0216	0.1400	0.0600	20	0	 5	150	 200	200	     0
22/09/18 00:35:52	OT	MARKAB         	 0.5205	 1.0336	 1181.9	 1075.3	 0.101846	 0.048699	 0.0212	 0.0234	 0.1774	 0.2147	 0.5698	 0.4712	PixelFly	L1.5-	160x 60	1.0216	0.1400	0.0600	20	0	 5	150	 200	200	    50
22/09/18 00:36:22	OT	MARKAB         	 0.4386	 1.0339	 1148.0	 1070.3	 0.063227	 0.044984	 0.0202	 0.0209	 0.2362	 0.2252	 0.4280	 0.4492	PixelFly	L1.5-	160x 60	1.0216	0.1400	0.0600	20	0	 5	150	 200	200	     0
22/09/18 00:36:52	OT	MARKAB         	 0.4626	 1.0341	 1181.7	 1072.2	 0.071906	 0.047296	 0.0236	 0.0235	 0.2187	 0.2186	 0.4622	 0.4629	PixelFly	L1.5-	160x 60	1.0216	0.1400	0.0600	20	0	 5	150	 200	200	     0
22/09/18 00:37:22	OT	MARKAB         	 0.4679	 1.0344	 1175.4	 1097.0	 0.078279	 0.045063	 0.0167	 0.0183	 0.2079	 0.2251	 0.4863	 0.4496	PixelFly	L1.5-	160x 60	1.0216	0.1400	0.0600	20	0	 5	150	 200	200	     0
22/09/18 00:37:52	OT	MARKAB         	 0.4603	 1.0346	 1188.1	 1085.0	 0.071987	 0.046518	 0.0205	 0.0141	 0.2186	 0.2208	 0.4624	 0.4582	PixelFly	L1.5-	160x 60	1.0216	0.1400	0.0600	20	0	 5	150	 200	200	     0
22/09/18 00:38:22	OT	MARKAB         	 0.4806	 1.0349	 1174.1	 1068.8	 0.077180	 0.050121	 0.0208	 0.0212	 0.2097	 0.2112	 0.4821	 0.4791	PixelFly	L1.5-	160x 60	1.0216	0.1400	0.0600	20	0	 5	150	 200	200	     0
22/09/18 00:38:52	OT	MARKAB         	 0.4748	 1.0352	 1172.2	 1080.5	 0.070828	 0.052387	 0.0185	 0.0174	 0.2208	 0.2057	 0.4578	 0.4919	PixelFly	L1.5-	160x 60	1.0216	0.1400	0.0600	20	0	 5	150	 200	200	     0
22/09/18 00:39:22	OT	MARKAB         	 0.5602	 1.0354	 1167.7	 1056.0	 0.088210	 0.072620	 0.0182	 0.0153	 0.1936	 0.1691	 0.5221	 0.5982	PixelFly	L1.5-	160x 60	1.0216	0.1400	0.0600	20	0	 5	150	 200	200	     0
22/09/18 00:39:52	OT	MARKAB         	 0.4358	 1.0357	 1163.9	 1077.2	 0.066716	 0.041927	 0.0243	 0.0197	 0.2290	 0.2352	 0.4415	 0.4302	PixelFly	L1.5-	160x 60	1.0216	0.1400	0.0600	20	0	 5	150	 200	200	     0
22/09/18 00:40:21	OT	MARKAB         	 0.4941	 1.0360	 1148.9	 1066.3	 0.098118	 0.042206	 0.0223	 0.0183	 0.1817	 0.2343	 0.5564	 0.4318	PixelFly	L1.5-	160x 60	1.0216	0.1400	0.0600	20	0	 5	150	 200	200	    50
22/09/18 00:40:51	OT	MARKAB         	 0.4937	 1.0363	 1178.5	 1088.7	 0.074341	 0.056873	 0.0184	 0.0237	 0.2146	 0.1959	 0.4710	 0.5164	PixelFly	L1.5-	160x 60	1.0216	0.1400	0.0600	20	0	 5	150	 200	200	     0
22/09/18 00:41:21	OT	MARKAB         	 0.4911	 1.0366	 1164.3	 1083.2	 0.074618	 0.055783	 0.0215	 0.0217	 0.2142	 0.1983	 0.4719	 0.5103	PixelFly	L1.5-	160x 60	1.0216	0.1400	0.0600	20	0	 5	150	 200	200	     0
22/09/18 00:41:51	OT	MARKAB         	 0.4619	 1.0369	 1183.7	 1073.1	 0.079304	 0.042664	 0.0245	 0.0253	 0.2065	 0.2329	 0.4894	 0.4344	PixelFly	L1.5-	160x 60	1.0216	0.1400	0.0600	20	0	 5	150	 200	200	     0
22/09/18 00:42:21	OT	MARKAB         	 0.4718	 1.0372	 1189.3	 1037.8	 0.088036	 0.040773	 0.0261	 0.0257	 0.1940	 0.2394	 0.5210	 0.4227	PixelFly	L1.5-	160x 60	1.0216	0.1400	0.0600	20	0	 5	150	 200	200	    50
22/09/18 00:42:51	OT	MARKAB         	 0.4504	 1.0375	 1190.0	 1065.1	 0.071381	 0.043859	 0.0241	 0.0255	 0.2201	 0.2292	 0.4593	 0.4415	PixelFly	L1.5-	160x 60	1.0216	0.1400	0.0600	20	0	 5	150	 200	200	     0
22/09/18 00:43:21	OT	MARKAB         	 0.4430	 1.0378	 1159.9	 1087.7	 0.067615	 0.043865	 0.0165	 0.0216	 0.2274	 0.2292	 0.4445	 0.4415	PixelFly	L1.5-	160x 60	1.0216	0.1400	0.0600	20	0	 5	150	 200	200	     0
22/09/18 00:43:51	OT	MARKAB         	 0.4534	 1.0381	 1173.5	 1072.8	 0.069204	 0.046338	 0.0214	 0.0219	 0.2243	 0.2218	 0.4507	 0.4562	PixelFly	L1.5-	160x 60	1.0216	0.1400	0.0600	20	0	 5	150	 200	200	     0
22/09/18 00:44:21	OT	MARKAB         	 0.4838	 1.0384	 1180.9	 1061.0	 0.085692	 0.046203	 0.0260	 0.0209	 0.1973	 0.2222	 0.5122	 0.4553	PixelFly	L1.5-	160x 60	1.0216	0.1400	0.0600	20	0	 5	150	 200	200	     0
22/09/18 00:44:51	OT	MARKAB         	 0.4211	 1.0387	 1178.3	 1068.2	 0.070244	 0.035346	 0.0245	 0.0279	 0.2224	 0.2610	 0.4546	 0.3876	PixelFly	L1.5-	160x 60	1.0216	0.1400	0.0600	20	0	 5	150	 200	200	     0
22/09/18 00:45:21	OT	MARKAB         	 0.4183	 1.0391	 1171.6	 1081.3	 0.064582	 0.037940	 0.0238	 0.0247	 0.2339	 0.2502	 0.4321	 0.4044	PixelFly	L1.5-	160x 60	1.0216	0.1400	0.0600	20	0	 5	150	 200	200	     0
22/09/18 00:45:51	OT	MARKAB         	 0.3641	 1.0394	 1174.2	 1075.7	 0.055381	 0.027626	 0.0241	 0.0253	 0.2566	 0.3027	 0.3940	 0.3342	PixelFly	L1.5-	160x 60	1.0216	0.1400	0.0600	20	0	 5	150	 200	200	     0
22/09/18 00:46:21	OT	MARKAB         	 0.4511	 1.0397	 1198.3	 1088.4	 0.071678	 0.044087	 0.0248	 0.0229	 0.2198	 0.2287	 0.4599	 0.4423	PixelFly	L1.5-	160x 60	1.0216	0.1400	0.0600	20	0	 5	150	 200	200	     0
22/09/18 00:46:52	OT	MARKAB         	 0.3881	 1.0401	 1178.4	 1057.6	 0.060525	 0.031419	 0.0241	 0.0208	 0.2434	 0.2804	 0.4154	 0.3609	PixelFly	L1.5-	160x 60	1.0216	0.1400	0.0600	20	0	 5	150	 200	200	     0
22/09/18 00:47:22	OT	MARKAB         	 0.3995	 1.0404	 1175.9	 1062.2	 0.067735	 0.030523	 0.0246	 0.0241	 0.2275	 0.2853	 0.4443	 0.3546	PixelFly	L1.5-	160x 60	1.0216	0.1400	0.0600	20	0	 5	150	 200	200	    50
22/09/18 00:47:52	OT	MARKAB         	 0.3537	 1.0408	 1158.3	 1079.3	 0.048383	 0.029078	 0.0267	 0.0277	 0.2785	 0.2938	 0.3630	 0.3444	PixelFly	L1.5-	160x 60	1.0216	0.1400	0.0600	20	0	 5	150	 200	200	     0
22/09/18 00:48:22	OT	MARKAB         	 0.3880	 1.0411	 1153.8	 1083.7	 0.058747	 0.032529	 0.0233	 0.0210	 0.2479	 0.2747	 0.4078	 0.3683	PixelFly	L1.5-	160x 60	1.0216	0.1400	0.0600	20	0	 5	150	 200	200	     0
22/09/18 00:48:52	OT	MARKAB         	 0.3448	 1.0415	 1192.6	 1079.0	 0.048165	 0.026798	 0.0246	 0.0204	 0.2793	 0.3087	 0.3619	 0.3278	PixelFly	L1.5-	160x 60	1.0216	0.1400	0.0600	20	0	 5	150	 200	200	     0
22/09/18 00:49:22	OT	MARKAB         	 0.3826	 1.0419	 1184.2	 1067.2	 0.052301	 0.035060	 0.0262	 0.0188	 0.2659	 0.2628	 0.3802	 0.3850	PixelFly	L1.5-	160x 60	1.0216	0.1400	0.0600	20	0	 5	150	 200	200	     0
22/09/18 00:49:52	OT	MARKAB         	 0.3830	 1.0422	 1177.5	 1069.5	 0.054649	 0.033688	 0.0187	 0.0192	 0.2590	 0.2692	 0.3902	 0.3759	PixelFly	L1.5-	160x 60	1.0216	0.1400	0.0600	20	0	 5	150	 200	200	     0
22/09/18 00:50:21	OT	MARKAB         	 0.3700	 1.0426	 1184.5	 1090.5	 0.054554	 0.029961	 0.0250	 0.0281	 0.2594	 0.2889	 0.3897	 0.3503	PixelFly	L1.5-	160x 60	1.0216	0.1400	0.0600	20	0	 5	150	 200	200	     0
22/09/18 00:50:51	OT	MARKAB         	 0.4095	 1.0430	 1189.5	 1080.5	 0.071691	 0.031361	 0.0248	 0.0267	 0.2202	 0.2811	 0.4590	 0.3599	PixelFly	L1.5-	160x 60	1.0216	0.1400	0.0600	20	0	 5	150	 200	200	    50
22/09/18 00:51:21	OT	MARKAB         	 0.4319	 1.0434	 1176.8	 1055.4	 0.071688	 0.038166	 0.0233	 0.0246	 0.2203	 0.2499	 0.4589	 0.4048	PixelFly	L1.5-	160x 60	1.0216	0.1400	0.0600	20	0	 5	150	 200	200	     0
22/09/18 00:51:51	OT	MARKAB         	 0.3228	 1.0438	 1194.3	 1072.1	 0.042630	 0.024437	 0.0226	 0.0222	 0.3009	 0.3267	 0.3359	 0.3097	PixelFly	L1.5-	160x 60	1.0216	0.1400	0.0600	20	0	 5	150	 200	200	     0
22/09/18 00:52:21	OT	MARKAB         	 0.4298	 1.0441	 1174.5	 1058.1	 0.064299	 0.042197	 0.0244	 0.0206	 0.2352	 0.2354	 0.4297	 0.4298	PixelFly	L1.5-	160x 60	1.0216	0.1400	0.0600	20	0	 5	150	 200	200	     0
22/09/18 00:52:51	OT	MARKAB         	 0.5073	 1.0445	 1194.6	 1079.3	 0.082182	 0.057399	 0.0195	 0.0251	 0.2031	 0.1958	 0.4978	 0.5168	PixelFly	L1.5-	160x 60	1.0216	0.1400	0.0600	20	0	 5	150	 200	200	     0
22/09/18 00:53:21	OT	MARKAB         	 0.5339	 1.0449	 1168.9	 1067.0	 0.091303	 0.061359	 0.0248	 0.0212	 0.1907	 0.1882	 0.5301	 0.5378	PixelFly	L1.5-	160x 60	1.0216	0.1400	0.0600	20	0	 5	150	 200	200	     0
22/09/18 00:53:51	OT	MARKAB         	 0.5480	 1.0454	 1204.2	 1091.5	 0.106456	 0.057088	 0.0274	 0.0297	 0.1739	 0.1965	 0.5811	 0.5149	PixelFly	L1.5-	160x 60	1.0216	0.1400	0.0600	20	0	 5	150	 200	200	     0
22/09/18 00:54:21	OT	MARKAB         	 0.5381	 1.0458	 1191.4	 1090.0	 0.103995	 0.055005	 0.0266	 0.0261	 0.1764	 0.2010	 0.5729	 0.5034	PixelFly	L1.5-	160x 60	1.0216	0.1400	0.0600	20	0	 5	150	 200	200	     0
22/09/18 00:54:51	OT	MARKAB         	 0.4822	 1.0462	 1179.4	 1086.2	 0.087629	 0.045240	 0.0337	 0.0351	 0.1956	 0.2261	 0.5169	 0.4476	PixelFly	L1.5-	160x 60	1.0216	0.1400	0.0600	20	0	 5	150	 200	200	     0
22/09/18 00:55:21	OT	MARKAB         	 0.4695	 1.0466	 1202.5	 1074.4	 0.082782	 0.043933	 0.0314	 0.0306	 0.2024	 0.2301	 0.4994	 0.4397	PixelFly	L1.5-	160x 60	1.0216	0.1400	0.0600	20	0	 5	150	 200	200	     0
22/09/18 00:55:51	OT	MARKAB         	 0.5075	 1.0470	 1171.6	 1078.2	 0.108780	 0.041847	 0.0287	 0.0214	 0.1719	 0.2370	 0.5882	 0.4269	PixelFly	L1.5-	160x 60	1.0216	0.1400	0.0600	20	0	 5	150	 200	200	    50
22/09/18 00:56:21	OT	MARKAB         	 0.4798	 1.0475	 1201.4	 1057.5	 0.091294	 0.042420	 0.0216	 0.0191	 0.1910	 0.2351	 0.5293	 0.4303	PixelFly	L1.5-	160x 60	1.0216	0.1400	0.0600	20	0	 5	150	 200	200	    50
22/09/18 00:56:51	OT	MARKAB         	 0.4412	 1.0479	 1171.1	 1076.7	 0.068481	 0.043562	 0.0231	 0.0317	 0.2270	 0.2315	 0.4453	 0.4371	PixelFly	L1.5-	160x 60	1.0216	0.1400	0.0600	20	0	 5	150	 200	200	     0
22/09/18 00:57:21	OT	MARKAB         	 0.5160	 1.0483	 1165.2	 1080.6	 0.086900	 0.057884	 0.0291	 0.0282	 0.1968	 0.1952	 0.5136	 0.5183	PixelFly	L1.5-	160x 60	1.0216	0.1400	0.0600	20	0	 5	150	 200	200	     0
22/09/18 00:57:51	OT	MARKAB         	 0.5132	 1.0488	 1163.0	 1076.1	 0.090985	 0.054295	 0.0268	 0.0234	 0.1915	 0.2029	 0.5279	 0.4986	PixelFly	L1.5-	160x 60	1.0216	0.1400	0.0600	20	0	 5	150	 200	200	     0
22/09/18 00:58:21	OT	MARKAB         	 0.4488	 1.0492	 1171.2	 1086.4	 0.073970	 0.042708	 0.0332	 0.0292	 0.2169	 0.2344	 0.4661	 0.4316	PixelFly	L1.5-	160x 60	1.0216	0.1400	0.0600	20	0	 5	150	 200	200	     0
22/09/18 00:58:51	OT	MARKAB         	 0.4792	 1.0497	 1186.3	 1078.6	 0.074571	 0.052810	 0.0279	 0.0296	 0.2159	 0.2064	 0.4682	 0.4901	PixelFly	L1.5-	160x 60	1.0216	0.1400	0.0600	20	0	 5	150	 200	200	     0
22/09/18 00:59:22	OT	MARKAB         	 0.5830	 1.0501	 1183.7	 1073.4	 0.121367	 0.061921	 0.0264	 0.0242	 0.1612	 0.1877	 0.6270	 0.5391	PixelFly	L1.5-	160x 60	1.0216	0.1400	0.0600	20	0	 5	150	 200	200	     0
22/09/18 00:59:52	OT	MARKAB         	 0.5289	 1.0506	 1186.1	 1074.0	 0.094617	 0.057953	 0.0228	 0.0234	 0.1873	 0.1953	 0.5398	 0.5180	PixelFly	L1.5-	160x 60	1.0216	0.1400	0.0600	20	0	 5	150	 200	200	     0
22/09/18 01:00:21	OT	MARKAB         	 0.6180	 1.0511	 1187.7	 1083.2	 0.118352	 0.077970	 0.0285	 0.0285	 0.1638	 0.1635	 0.6173	 0.6187	PixelFly	L1.5-	160x 60	1.0216	0.1400	0.0600	20	0	 5	150	 200	200	     0
22/09/18 01:00:51	OT	MARKAB         	 0.5806	 1.0515	 1213.4	 1066.3	 0.112129	 0.066807	 0.0276	 0.0266	 0.1692	 0.1795	 0.5974	 0.5638	PixelFly	L1.5-	160x 60	1.0216	0.1400	0.0600	20	0	 5	150	 200	200	     0
22/09/18 01:01:21	OT	MARKAB         	 0.5165	 1.0520	 1188.4	 1074.3	 0.085440	 0.059466	 0.0244	 0.0267	 0.1992	 0.1925	 0.5074	 0.5256	PixelFly	L1.5-	160x 60	1.0216	0.1400	0.0600	20	0	 5	150	 200	200	     0
22/09/18 01:01:51	OT	MARKAB         	 0.5752	 1.0525	 1179.8	 1066.0	 0.113966	 0.063653	 0.0244	 0.0203	 0.1677	 0.1849	 0.6029	 0.5474	PixelFly	L1.5-	160x 60	1.0216	0.1400	0.0600	20	0	 5	150	 200	200	     0
22/09/18 01:02:21	OT	MARKAB         	 0.5455	 1.0530	 1180.5	 1084.6	 0.103192	 0.059034	 0.0229	 0.0235	 0.1780	 0.1935	 0.5679	 0.5230	PixelFly	L1.5-	160x 60	1.0216	0.1400	0.0600	20	0	 5	150	 200	200	     0
22/09/18 01:02:51	OT	MARKAB         	 0.5966	 1.0535	 1166.6	 1069.0	 0.137538	 0.058255	 0.0381	 0.0327	 0.1499	 0.1951	 0.6746	 0.5187	PixelFly	L1.5-	160x 60	1.0216	0.1400	0.0600	20	0	 5	150	 200	200	    50
22/09/18 01:03:21	OT	MARKAB         	 0.6051	 1.0540	 1183.1	 1069.3	 0.112706	 0.076740	 0.0311	 0.0242	 0.1689	 0.1654	 0.5984	 0.6118	PixelFly	L1.5-	160x 60	1.0216	0.1400	0.0600	20	0	 5	150	 200	200	     0
22/09/18 01:03:51	OT	MARKAB         	 0.5948	 1.0545	 1168.6	 1077.1	 0.119058	 0.068481	 0.0314	 0.0304	 0.1635	 0.1771	 0.6183	 0.5713	PixelFly	L1.5-	160x 60	1.0216	0.1400	0.0600	20	0	 5	150	 200	200	     0
22/09/18 01:04:21	OT	MARKAB         	 0.5374	 1.0550	 1159.8	 1066.9	 0.097685	 0.059690	 0.0319	 0.0328	 0.1842	 0.1924	 0.5489	 0.5259	PixelFly	L1.5-	160x 60	1.0216	0.1400	0.0600	20	0	 5	150	 200	200	     0
22/09/18 01:04:51	OT	MARKAB         	 0.4909	 1.0555	 1187.7	 1071.0	 0.085260	 0.050590	 0.0314	 0.0260	 0.1999	 0.2125	 0.5057	 0.4761	PixelFly	L1.5-	160x 60	1.0216	0.1400	0.0600	20	0	 5	150	 200	200	     0
22/09/18 01:05:21	OT	MARKAB         	 0.4987	 1.0560	 1152.0	 1044.4	 0.083386	 0.054657	 0.0287	 0.0291	 0.2026	 0.2030	 0.4989	 0.4985	PixelFly	L1.5-	160x 60	1.0216	0.1400	0.0600	20	0	 5	150	 200	200	     0
22/09/18 01:05:51	OT	MARKAB         	 0.5412	 1.0565	 1180.3	 1081.8	 0.110567	 0.053422	 0.0326	 0.0323	 0.1711	 0.2058	 0.5907	 0.4916	PixelFly	L1.5-	160x 60	1.0216	0.1400	0.0600	20	0	 5	150	 200	200	    50
22/09/18 01:06:21	OT	MARKAB         	 0.4644	 1.0571	 1170.1	 1079.7	 0.073446	 0.049026	 0.0254	 0.0250	 0.2188	 0.2168	 0.4620	 0.4668	PixelFly	L1.5-	160x 60	1.0216	0.1400	0.0600	20	0	 5	150	 200	200	     0
22/09/18 01:06:51	OT	MARKAB         	 0.6520	 1.0576	 1190.2	 1061.4	 0.136986	 0.081415	 0.0312	 0.0244	 0.1506	 0.1599	 0.6714	 0.6326	PixelFly	L1.5-	160x 60	1.0216	0.1400	0.0600	20	0	 5	150	 200	200	     0
22/09/18 01:07:21	OT	MARKAB         	 0.5805	 1.0581	 1152.7	 1062.1	 0.106283	 0.071436	 0.0296	 0.0239	 0.1754	 0.1730	 0.5764	 0.5847	PixelFly	L1.5-	160x 60	1.0216	0.1400	0.0600	20	0	 5	150	 200	200	     0
22/09/18 01:07:51	OT	MARKAB         	 0.5687	 1.0587	 1170.8	 1078.3	 0.098490	 0.071937	 0.0269	 0.0284	 0.1836	 0.1724	 0.5505	 0.5870	PixelFly	L1.5-	160x 60	1.0216	0.1400	0.0600	20	0	 5	150	 200	200	     0
22/09/18 01:08:21	OT	MARKAB         	 0.5597	 1.0592	 1196.6	 1069.0	 0.112466	 0.059492	 0.0271	 0.0262	 0.1696	 0.1932	 0.5959	 0.5236	PixelFly	L1.5-	160x 60	1.0216	0.1400	0.0600	20	0	 5	150	 200	200	     0
22/09/18 01:08:51	OT	MARKAB         	 0.4800	 1.0598	 1153.9	 1077.9	 0.076576	 0.052760	 0.0220	 0.0228	 0.2137	 0.2077	 0.4730	 0.4871	PixelFly	L1.5-	160x 60	1.0216	0.1400	0.0600	20	0	 5	150	 200	200	     0
22/09/18 01:09:21	OT	MARKAB         	 0.4727	 1.0603	 1186.4	 1082.5	 0.082219	 0.046601	 0.0212	 0.0189	 0.2048	 0.2239	 0.4935	 0.4520	PixelFly	L1.5-	160x 60	1.0216	0.1400	0.0600	20	0	 5	150	 200	200	     0
22/09/18 01:09:51	OT	MARKAB         	 0.4357	 1.0609	 1179.7	 1067.8	 0.074788	 0.038905	 0.0218	 0.0199	 0.2169	 0.2496	 0.4661	 0.4054	PixelFly	L1.5-	160x 60	1.0216	0.1400	0.0600	20	0	 5	150	 200	200	     0
22/09/18 01:10:21	OT	MARKAB         	 0.4532	 1.0614	 1191.2	 1062.9	 0.077863	 0.042790	 0.0222	 0.0221	 0.2118	 0.2358	 0.4773	 0.4291	PixelFly	L1.5-	160x 60	1.0216	0.1400	0.0600	20	0	 5	150	 200	200	     0
22/09/18 01:10:51	OT	MARKAB         	 0.4138	 1.0620	 1192.4	 1080.1	 0.074471	 0.032397	 0.0279	 0.0277	 0.2176	 0.2787	 0.4646	 0.3630	PixelFly	L1.5-	160x 60	1.0216	0.1400	0.0600	20	0	 5	150	 200	200	    50
22/09/18 01:11:21	OT	MARKAB         	 0.6037	 1.0626	 1185.8	 1077.5	 0.113573	 0.076794	 0.0238	 0.0251	 0.1690	 0.1661	 0.5983	 0.6091	PixelFly	L1.5-	160x 60	1.0216	0.1400	0.0600	20	0	 5	150	 200	200	     0
22/09/18 01:11:51	OT	MARKAB         	 0.7768	 1.0632	 1164.2	 1050.6	 0.178106	 0.113595	 0.0231	 0.0207	 0.1290	 0.1314	 0.7834	 0.7701	PixelFly	L1.5-	160x 60	1.0216	0.1400	0.0600	20	0	 5	150	 200	200	     0
22/09/18 01:12:21	OT	MARKAB         	 0.7197	 1.0638	 1152.4	 1089.2	 0.149820	 0.104779	 0.0242	 0.0230	 0.1432	 0.1379	 0.7060	 0.7335	PixelFly	L1.5-	160x 60	1.0216	0.1400	0.0600	20	0	 5	150	 200	200	     0
22/09/18 01:12:51	OT	MARKAB         	 0.7032	 1.0643	 1178.8	 1065.6	 0.157916	 0.091955	 0.0231	 0.0232	 0.1388	 0.1492	 0.7284	 0.6780	PixelFly	L1.5-	160x 60	1.0216	0.1400	0.0600	20	0	 5	150	 200	200	     0
22/09/18 01:13:21	OT	MARKAB         	 0.9332	 1.0649	 1163.0	 1062.6	 0.265813	 0.139756	 0.0249	 0.0223	 0.1016	 0.1161	 0.9952	 0.8713	PixelFly	L1.5-	160x 60	1.0216	0.1400	0.0600	20	0	 5	150	 200	200	     0
22/09/18 01:13:51	OT	MARKAB         	 0.8276	 1.0655	 1184.5	 1061.7	 0.188788	 0.132875	 0.0252	 0.0257	 0.1248	 0.1197	 0.8102	 0.8450	PixelFly	L1.5-	160x 60	1.0216	0.1400	0.0600	20	0	 5	150	 200	200	     0
22/09/18 01:14:21	OT	MARKAB         	 1.0514	 1.0661	 1154.7	 1071.3	 0.335185	 0.164436	 0.0213	 0.0214	 0.0884	 0.1054	 1.1429	 0.9599	PixelFly	L1.5-	160x 60	1.0216	0.1400	0.0600	20	0	 5	150	 200	199	     0
22/09/18 01:14:51	OT	MARKAB         	 0.9334	 1.0668	 1174.6	 1049.0	 0.257448	 0.145479	 0.0152	 0.0183	 0.1037	 0.1135	 0.9752	 0.8916	PixelFly	L1.5-	160x 60	1.0216	0.1400	0.0600	20	0	 5	150	 200	200	     0
22/09/18 01:15:21	OT	MARKAB         	 1.0503	 1.0674	 1139.9	 1052.6	 0.307745	 0.180824	 0.0177	 0.0247	 0.0932	 0.0996	 1.0851	 1.0155	PixelFly	L1.5-	160x 60	1.0216	0.1400	0.0600	20	0	 5	150	 200	200	     0
22/09/18 01:15:51	OT	MARKAB         	 0.9285	 1.0680	 1174.3	 1075.2	 0.224248	 0.164743	 0.0232	 0.0211	 0.1127	 0.1054	 0.8971	 0.9600	PixelFly	L1.5-	160x 60	1.0216	0.1400	0.0600	20	0	 5	150	 200	200	     0
22/09/18 01:16:21	OT	MARKAB         	 0.8376	 1.0686	 1169.5	 1069.3	 0.190348	 0.137874	 0.0177	 0.0170	 0.1244	 0.1173	 0.8128	 0.8624	PixelFly	L1.5-	160x 60	1.0216	0.1400	0.0600	20	0	 5	150	 200	200	     0
22/09/18 01:16:51	OT	MARKAB         	 0.9412	 1.0693	 1159.0	 1052.0	 0.222431	 0.173696	 0.0240	 0.0155	 0.1133	 0.1022	 0.8921	 0.9902	PixelFly	L1.5-	160x 60	1.0216	0.1400	0.0600	20	0	 5	150	 200	200	     0
22/09/18 01:17:21	OT	MARKAB         	 1.0684	 1.0699	 1156.7	 1066.0	 0.261970	 0.223972	 0.0215	 0.0214	 0.1028	 0.0878	 0.9838	 1.1530	PixelFly	L1.5-	160x 60	1.0216	0.1400	0.0600	20	0	 5	150	 200	200	     0
22/09/18 01:17:51	OT	MARKAB         	 0.8988	 1.0705	 1163.6	 1085.4	 0.234416	 0.142211	 0.0258	 0.0229	 0.1099	 0.1153	 0.9200	 0.8776	PixelFly	L1.5-	160x 60	1.0216	0.1400	0.0600	20	0	 5	150	 200	200	     0
22/09/18 01:18:21	OT	MARKAB         	 0.9080	 1.0712	 1166.2	 1069.3	 0.226881	 0.152299	 0.0217	 0.0231	 0.1121	 0.1107	 0.9018	 0.9141	PixelFly	L1.5-	160x 60	1.0216	0.1400	0.0600	20	0	 5	150	 200	200	     0
22/09/18 01:18:51	OT	MARKAB         	 0.8970	 1.0718	 1155.5	 1068.1	 0.227039	 0.146330	 0.0184	 0.0251	 0.1121	 0.1134	 0.9018	 0.8922	PixelFly	L1.5-	160x 60	1.0216	0.1400	0.0600	20	0	 5	150	 200	200	     0
22/09/18 01:19:21	OT	MARKAB         	 1.0304	 1.0725	 1185.2	 1058.2	 0.293883	 0.179553	 0.0186	 0.0231	 0.0960	 0.1003	 1.0525	 1.0083	PixelFly	L1.5-	160x 60	1.0216	0.1400	0.0600	20	0	 5	150	 200	200	     0
22/09/18 01:19:51	OT	MARKAB         	 1.0962	 1.0732	 1161.8	 1069.5	 0.299718	 0.216562	 0.0305	 0.0254	 0.0950	 0.0897	 1.0646	 1.1279	PixelFly	L1.5-	160x 60	1.0216	0.1400	0.0600	20	0	 5	150	 200	200	     0
22/09/18 01:20:21	OT	MARKAB         	 1.2040	 1.0738	 1181.9	 1063.4	 0.377739	 0.235407	 0.0226	 0.0298	 0.0827	 0.0854	 1.2226	 1.1854	PixelFly	L1.5-	160x 60	1.0216	0.1400	0.0600	20	0	 5	150	 200	200	     0
22/09/18 01:20:51	OT	MARKAB         	 1.1675	 1.0745	 1162.5	 1047.0	 0.322559	 0.248233	 0.0277	 0.0299	 0.0909	 0.0827	 1.1117	 1.2232	PixelFly	L1.5-	160x 60	1.0216	0.1400	0.0600	20	0	 5	150	 200	200	     0
22/09/18 01:21:21	OT	MARKAB         	 0.9347	 1.0752	 1171.8	 1057.6	 0.250856	 0.152757	 0.0281	 0.0215	 0.1058	 0.1107	 0.9557	 0.9138	PixelFly	L1.5-	160x 60	1.0216	0.1400	0.0600	20	0	 5	150	 200	200	     0
22/09/18 01:21:51	OT	MARKAB         	 0.7688	 1.0759	 1170.5	 1092.1	 0.163488	 0.122164	 0.0190	 0.0169	 0.1368	 0.1267	 0.7389	 0.7988	PixelFly	L1.5-	160x 60	1.0216	0.1400	0.0600	20	0	 5	150	 200	200	     0
22/09/18 01:22:21	OT	MARKAB         	 0.4760	 1.0766	 1174.9	 1053.6	 0.088084	 0.045653	 0.0266	 0.0263	 0.1984	 0.2287	 0.5096	 0.4424	PixelFly	L1.5-	160x 60	1.0216	0.1400	0.0600	20	0	 5	150	 200	200	     0
22/09/18 01:22:51	OT	MARKAB         	 0.4943	 1.0772	 1193.3	 1098.6	 0.082333	 0.055906	 0.0321	 0.0297	 0.2066	 0.2026	 0.4892	 0.4993	PixelFly	L1.5-	160x 60	1.0216	0.1400	0.0600	20	0	 5	150	 200	200	     0
22/09/18 01:23:21	OT	MARKAB         	 0.4226	 1.0779	 1183.3	 1069.2	 0.060120	 0.045346	 0.0263	 0.0279	 0.2496	 0.2298	 0.4049	 0.4402	PixelFly	L1.5-	160x 60	1.0216	0.1400	0.0600	20	0	 5	150	 200	200	     0
22/09/18 01:23:51	OT	MARKAB         	 0.6358	 1.0787	 1147.3	 1066.5	 0.117405	 0.090635	 0.0242	 0.0299	 0.1671	 0.1518	 0.6048	 0.6668	PixelFly	L1.5-	160x 60	1.0216	0.1400	0.0600	20	0	 5	150	 200	200	     0
22/09/18 01:24:21	OT	MARKAB         	 0.9561	 1.0794	 1175.1	 1054.4	 0.217171	 0.189574	 0.0251	 0.0251	 0.1156	 0.0975	 0.8744	 1.0377	PixelFly	L1.5-	160x 60	1.0216	0.1400	0.0600	20	0	 5	150	 200	200	     0
22/09/18 01:24:51	OT	MARKAB         	 1.7952	 1.0801	 1129.4	 1052.1	 0.690288	 0.493166	 0.0291	 0.0239	 0.0578	 0.0550	 1.7494	 1.8409	PixelFly	L1.5-	160x 60	1.0216	0.1400	0.0600	20	0	 5	150	 200	200	     0
22/09/18 01:25:21	OT	MARKAB         	 1.2525	 1.0808	 1165.8	 1060.5	 0.411720	 0.249423	 0.0241	 0.0272	 0.0788	 0.0828	 1.2825	 1.2224	PixelFly	L1.5-	160x 60	1.0216	0.1400	0.0600	20	0	 5	150	 200	200	     0
22/09/18 01:25:51	OT	MARKAB         	 0.8895	 1.0815	 1169.3	 1062.8	 0.224929	 0.146265	 0.0258	 0.0241	 0.1133	 0.1141	 0.8920	 0.8871	PixelFly	L1.5-	160x 60	1.0216	0.1400	0.0600	20	0	 5	150	 200	200	     0
22/09/18 01:26:21	OT	MARKAB         	 0.7444	 1.0823	 1175.0	 1055.3	 0.200964	 0.088382	 0.0335	 0.0289	 0.1213	 0.1544	 0.8333	 0.6554	PixelFly	L1.5-	160x 60	1.0216	0.1400	0.0600	20	0	 5	150	 200	200	    50
22/09/18 01:26:52	OT	MARKAB         	 0.7096	 1.0830	 1189.0	 1075.0	 0.150513	 0.103177	 0.0242	 0.0295	 0.1443	 0.1407	 0.7003	 0.7189	PixelFly	L1.5-	160x 60	1.0216	0.1400	0.0600	20	0	 5	150	 200	200	     0
22/09/18 01:27:22	OT	MARKAB         	 0.5435	 1.0838	 1173.4	 1070.0	 0.096602	 0.066153	 0.0244	 0.0236	 0.1884	 0.1838	 0.5365	 0.5504	PixelFly	L1.5-	160x 60	1.0216	0.1400	0.0600	20	0	 5	150	 200	200	     0
22/09/18 01:27:52	OT	MARKAB         	 0.4951	 1.0845	 1172.9	 1084.2	 0.092902	 0.050228	 0.0226	 0.0195	 0.1930	 0.2169	 0.5239	 0.4664	PixelFly	L1.5-	160x 60	1.0216	0.1400	0.0600	20	0	 5	150	 200	200	     0
22/09/18 01:28:22	OT	MARKAB         	 1.0817	 1.0853	 1143.4	 1060.3	 0.286422	 0.221114	 0.0230	 0.0185	 0.0982	 0.0892	 1.0290	 1.1344	PixelFly	L1.5-	160x 60	1.0216	0.1400	0.0600	20	0	 5	150	 200	200	     0
22/09/18 01:28:52	OT	MARKAB         	 0.8890	 1.0860	 1156.5	 1065.8	 0.227234	 0.145693	 0.0196	 0.0232	 0.1129	 0.1146	 0.8952	 0.8828	PixelFly	L1.5-	160x 60	1.0216	0.1400	0.0600	20	0	 5	150	 200	200	     0
22/09/18 01:29:22	OT	MARKAB         	 0.5684	 1.0868	 1191.5	 1067.2	 0.115377	 0.064457	 0.0202	 0.0245	 0.1697	 0.1870	 0.5958	 0.5410	PixelFly	L1.5-	160x 60	1.0216	0.1400	0.0600	20	0	 5	150	 200	200	     0
22/09/18 01:29:52	OT	MARKAB         	 0.2938	 1.0876	 1162.5	 1062.2	 0.039874	 0.020597	 0.0217	 0.0215	 0.3211	 0.3710	 0.3148	 0.2727	PixelFly	L1.5-	160x 60	1.0216	0.1400	0.0600	20	0	 5	150	 200	200	     0
22/09/18 01:30:22	OT	MARKAB         	 0.3627	 1.0884	 1169.8	 1053.7	 0.046386	 0.035966	 0.0260	 0.0292	 0.2933	 0.2656	 0.3446	 0.3809	PixelFly	L1.5-	160x 60	1.0216	0.1400	0.0600	20	0	 5	150	 200	200	     0
22/09/18 01:30:52	OT	MARKAB         	 0.3193	 1.0891	 1170.6	 1059.8	 0.035217	 0.030749	 0.0232	 0.0214	 0.3462	 0.2920	 0.2920	 0.3465	PixelFly	L1.5-	160x 60	1.0216	0.1400	0.0600	20	0	 5	150	 200	200	     0
22/09/18 01:31:22	OT	MARKAB         	 0.4089	 1.0899	 1166.0	 1064.4	 0.077597	 0.031133	 0.0213	 0.0202	 0.2156	 0.2899	 0.4688	 0.3490	PixelFly	L1.5-	160x 60	1.0216	0.1400	0.0600	20	0	 5	150	 200	200	    50
22/09/18 01:31:52	OT	MARKAB         	 0.8634	 1.0907	 1160.0	 1058.0	 0.185012	 0.161731	 0.0192	 0.0266	 0.1281	 0.1079	 0.7893	 0.9375	PixelFly	L1.5-	160x 60	1.0216	0.1400	0.0600	20	0	 5	150	 200	200	     0
22/09/18 01:32:22	OT	MARKAB         	 1.5056	 1.0915	 1134.3	 1039.0	 0.516562	 0.374331	 0.0256	 0.0237	 0.0692	 0.0653	 1.4608	 1.5504	PixelFly	L1.5-	160x 60	1.0216	0.1400	0.0600	20	0	 5	150	 200	200	     0
22/09/18 01:32:52	OT	MARKAB         	 1.2340	 1.0923	 1161.9	 1060.4	 0.377503	 0.264515	 0.0266	 0.0243	 0.0836	 0.0804	 1.2097	 1.2583	PixelFly	L1.5-	160x 60	1.0216	0.1400	0.0600	20	0	 5	150	 200	200	     0
22/09/18 01:33:22	OT	MARKAB         	 1.3068	 1.0931	 1175.3	 1039.0	 0.420726	 0.287819	 0.0226	 0.0255	 0.0783	 0.0765	 1.2904	 1.3231	PixelFly	L1.5-	160x 60	1.0216	0.1400	0.0600	20	0	 5	150	 200	200	     0
22/09/18 01:33:52	OT	MARKAB         	 1.3028	 1.0940	 1149.1	 1049.1	 0.423585	 0.283501	 0.0240	 0.0250	 0.0781	 0.0772	 1.2951	 1.3105	PixelFly	L1.5-	160x 60	1.0216	0.1400	0.0600	20	0	 5	150	 200	199	     0
22/09/18 01:34:22	OT	MARKAB         	 0.4856	 1.0948	 1174.8	 1093.2	 0.072719	 0.061061	 0.0200	 0.0177	 0.2248	 0.1941	 0.4497	 0.5214	PixelFly	L1.5-	160x 60	1.0216	0.1400	0.0600	20	0	 5	150	 200	200	     0
22/09/18 01:34:53	OT	MARKAB         	 0.2447	 1.0956	 1159.3	 1072.8	 0.030315	 0.014896	 0.0164	 0.0171	 0.3802	 0.4526	 0.2659	 0.2235	PixelFly	L1.5-	160x 60	1.0216	0.1400	0.0600	20	0	 5	150	 200	200	     0
22/09/18 01:35:23	OT	MARKAB         	 0.2700	 1.0965	 1182.4	 1079.1	 0.031518	 0.020155	 0.0189	 0.0184	 0.3715	 0.3777	 0.2721	 0.2679	PixelFly	L1.5-	160x 60	1.0216	0.1400	0.0600	20	0	 5	150	 200	200	     0
22/09/18 01:35:53	OT	MARKAB         	 0.6045	 1.0973	 1172.5	 1053.8	 0.116176	 0.080400	 0.0226	 0.0264	 0.1699	 0.1647	 0.5949	 0.6141	PixelFly	L1.5-	160x 60	1.0216	0.1400	0.0600	20	0	 5	150	 200	200	     0
22/09/18 01:36:23	OT	MARKAB         	 0.3688	 1.0982	 1162.7	 1069.0	 0.056446	 0.031827	 0.0233	 0.0259	 0.2622	 0.2874	 0.3856	 0.3520	PixelFly	L1.5-	160x 60	1.0216	0.1400	0.0600	20	0	 5	150	 200	200	     0
22/09/18 01:36:53	OT	MARKAB         	 0.3212	 1.0990	 1192.5	 1055.2	 0.047296	 0.023843	 0.0243	 0.0259	 0.2916	 0.3420	 0.3466	 0.2959	PixelFly	L1.5-	160x 60	1.0216	0.1400	0.0600	20	0	 5	150	 200	200	     0
22/09/18 01:37:23	OT	MARKAB         	 0.5477	 1.0999	 1163.4	 1055.9	 0.104755	 0.064440	 0.0199	 0.0211	 0.1811	 0.1884	 0.5583	 0.5370	PixelFly	L1.5-	160x 60	1.0216	0.1400	0.0600	20	0	 5	150	 200	200	     0
22/09/18 01:37:53	OT	MARKAB         	 0.4323	 1.1007	 1172.0	 1074.7	 0.070023	 0.043902	 0.0212	 0.0250	 0.2307	 0.2373	 0.4382	 0.4264	PixelFly	L1.5-	160x 60	1.0216	0.1400	0.0600	20	0	 5	150	 200	200	     0
22/09/18 01:38:23	OT	MARKAB         	 0.2846	 1.1016	 1173.8	 1057.8	 0.040321	 0.018620	 0.0186	 0.0190	 0.3214	 0.3972	 0.3145	 0.2547	PixelFly	L1.5-	160x 60	1.0216	0.1400	0.0600	20	0	 5	150	 200	200	    50
22/09/18 01:38:53	OT	MARKAB         	 0.2728	 1.1025	 1192.4	 1039.2	 0.033923	 0.019547	 0.0202	 0.0214	 0.3567	 0.3860	 0.2834	 0.2621	PixelFly	L1.5-	160x 60	1.0216	0.1400	0.0600	20	0	 5	150	 200	200	     0
22/09/18 01:39:23	OT	MARKAB         	 0.2914	 1.1034	 1178.7	 1061.7	 0.040613	 0.020196	 0.0201	 0.0236	 0.3203	 0.3787	 0.3156	 0.2672	PixelFly	L1.5-	160x 60	1.0216	0.1400	0.0600	20	0	 5	150	 200	200	     0
22/09/18 01:39:53	OT	MARKAB         	 0.2844	 1.1043	 1157.3	 1070.4	 0.038050	 0.019981	 0.0289	 0.0231	 0.3333	 0.3813	 0.3033	 0.2654	PixelFly	L1.5-	160x 60	1.0216	0.1400	0.0600	20	0	 5	150	 200	200	     0
22/09/18 01:40:23	OT	MARKAB         	 0.3040	 1.1051	 1163.8	 1064.0	 0.041018	 0.023304	 0.0222	 0.0198	 0.3187	 0.3478	 0.3172	 0.2909	PixelFly	L1.5-	160x 60	1.0216	0.1400	0.0600	20	0	 5	150	 200	200	     0
22/09/18 01:40:53	OT	MARKAB         	 0.3311	 1.1060	 1152.3	 1076.4	 0.044661	 0.028568	 0.0211	 0.0214	 0.3030	 0.3080	 0.3336	 0.3285	PixelFly	L1.5-	160x 60	1.0216	0.1400	0.0600	20	0	 5	150	 200	200	     0
22/09/18 01:41:23	OT	MARKAB         	 0.2879	 1.1070	 1171.2	 1082.8	 0.041422	 0.019005	 0.0262	 0.0218	 0.3172	 0.3935	 0.3187	 0.2571	PixelFly	L1.5-	160x 60	1.0216	0.1400	0.0600	20	0	 5	150	 200	200	    50
22/09/18 01:41:53	OT	MARKAB         	 0.2998	 1.1079	 1167.3	 1061.2	 0.044309	 0.020360	 0.0196	 0.0222	 0.3048	 0.3777	 0.3317	 0.2679	PixelFly	L1.5-	160x 60	1.0216	0.1400	0.0600	20	0	 5	150	 200	200	    50
22/09/18 01:42:23	OT	MARKAB         	 0.4993	 1.1088	 1155.6	 1048.5	 0.088193	 0.057180	 0.0219	 0.0188	 0.2017	 0.2034	 0.5011	 0.4975	PixelFly	L1.5-	160x 60	1.0216	0.1400	0.0600	20	0	 5	150	 200	200	     0
22/09/18 01:42:53	OT	MARKAB         	 0.7078	 1.1097	 1180.7	 1038.2	 0.161058	 0.100365	 0.0268	 0.0216	 0.1406	 0.1452	 0.7188	 0.6969	PixelFly	L1.5-	160x 60	1.0216	0.1400	0.0600	20	0	 5	150	 200	200	     0
22/09/18 01:43:23	OT	MARKAB         	 0.6797	 1.1106	 1171.9	 1065.0	 0.137511	 0.102640	 0.0255	 0.0249	 0.1547	 0.1433	 0.6534	 0.7059	PixelFly	L1.5-	160x 60	1.0216	0.1400	0.0600	20	0	 5	150	 200	200	     0
22/09/18 01:43:53	OT	MARKAB         	 0.7121	 1.1116	 1158.2	 1065.2	 0.157137	 0.105363	 0.0256	 0.0247	 0.1429	 0.1412	 0.7075	 0.7167	PixelFly	L1.5-	160x 60	1.0216	0.1400	0.0600	20	0	 5	150	 200	200	     0
22/09/18 01:44:24	OT	MARKAB         	 0.6841	 1.1125	 1175.3	 1056.9	 0.151222	 0.095914	 0.0252	 0.0238	 0.1463	 0.1494	 0.6911	 0.6771	PixelFly	L1.5-	160x 60	1.0216	0.1400	0.0600	20	0	 5	150	 200	200	     0
22/09/18 01:44:54	OT	MARKAB         	 0.6154	 1.1135	 1167.0	 1051.0	 0.140499	 0.072014	 0.0228	 0.0224	 0.1530	 0.1776	 0.6609	 0.5698	PixelFly	L1.5-	160x 60	1.0216	0.1400	0.0600	20	0	 5	150	 200	200	     0
22/09/18 01:45:24	OT	MARKAB         	 0.7280	 1.1145	 1188.7	 1052.6	 0.179377	 0.099425	 0.0275	 0.0271	 0.1322	 0.1464	 0.7648	 0.6912	PixelFly	L1.5-	160x 60	1.0216	0.1400	0.0600	20	0	 5	150	 200	200	     0
22/09/18 01:45:54	OT	MARKAB         	 0.7040	 1.1154	 1157.4	 1057.9	 0.172251	 0.092612	 0.0236	 0.0290	 0.1355	 0.1528	 0.7461	 0.6620	PixelFly	L1.5-	160x 60	1.0216	0.1400	0.0600	20	0	 5	150	 200	200	     0
22/09/18 01:46:24	OT	MARKAB         	 0.6503	 1.1164	 1171.1	 1040.1	 0.158100	 0.076991	 0.0219	 0.0216	 0.1427	 0.1708	 0.7083	 0.5922	PixelFly	L1.5-	160x 60	1.0216	0.1400	0.0600	20	0	 5	150	 200	200	     0
22/09/18 01:46:54	OT	MARKAB         	 0.8934	 1.1174	 1155.8	 1052.5	 0.271653	 0.129102	 0.0249	 0.0210	 0.1032	 0.1254	 0.9796	 0.8072	PixelFly	L1.5-	160x 60	1.0216	0.1400	0.0600	20	0	 5	150	 200	200	    50
22/09/18 01:47:24	OT	MARKAB         	 0.6400	 1.1183	 1149.5	 1060.5	 0.151522	 0.076712	 0.0275	 0.0268	 0.1466	 0.1714	 0.6897	 0.5903	PixelFly	L1.5-	160x 60	1.0216	0.1400	0.0600	20	0	 5	150	 200	200	     0
22/09/18 01:47:54	OT	MARKAB         	 0.7720	 1.1193	 1151.2	 1035.8	 0.190400	 0.115304	 0.0252	 0.0291	 0.1279	 0.1343	 0.7906	 0.7534	PixelFly	L1.5-	160x 60	1.0216	0.1400	0.0600	20	0	 5	150	 200	200	     0
22/09/18 01:48:24	OT	MARKAB         	 0.7394	 1.1203	 1160.6	 1048.8	 0.195397	 0.096384	 0.0267	 0.0232	 0.1260	 0.1496	 0.8026	 0.6763	PixelFly	L1.5-	160x 60	1.0216	0.1400	0.0600	20	0	 5	150	 200	200	     0
22/09/18 01:48:54	OT	MARKAB         	 0.6540	 1.1213	 1147.2	 1054.9	 0.134628	 0.094185	 0.0239	 0.0199	 0.1576	 0.1518	 0.6415	 0.6666	PixelFly	L1.5-	160x 60	1.0216	0.1400	0.0600	20	0	 5	150	 200	200	     0
22/09/18 01:49:24	OT	MARKAB         	 0.5715	 1.1223	 1163.2	 1042.3	 0.134004	 0.059101	 0.0188	 0.0271	 0.1581	 0.2009	 0.6394	 0.5037	PixelFly	L1.5-	160x 60	1.0216	0.1400	0.0600	20	0	 5	150	 200	200	    50
22/09/18 01:49:54	OT	MARKAB         	 0.6778	 1.1233	 1157.4	 1066.3	 0.154122	 0.092940	 0.0217	 0.0230	 0.1455	 0.1532	 0.6950	 0.6606	PixelFly	L1.5-	160x 60	1.0216	0.1400	0.0600	20	0	 5	150	 200	200	     0
22/09/18 01:50:24	OT	MARKAB         	 1.0315	 1.1244	 1164.8	 1049.6	 0.308636	 0.188589	 0.0278	 0.0268	 0.0959	 0.1002	 1.0536	 1.0095	PixelFly	L1.5-	160x 60	1.0216	0.1400	0.0600	20	0	 5	150	 200	200	     0
22/09/18 01:50:54	OT	MARKAB         	 0.8627	 1.1254	 1147.1	 1073.5	 0.209706	 0.153124	 0.0221	 0.0167	 0.1211	 0.1136	 0.8351	 0.8904	PixelFly	L1.5-	160x 60	1.0216	0.1400	0.0600	20	0	 5	150	 200	200	     0
22/09/18 01:51:24	OT	MARKAB         	 0.6687	 1.1264	 1164.1	 1073.1	 0.150070	 0.091789	 0.0202	 0.0206	 0.1480	 0.1546	 0.6828	 0.6546	PixelFly	L1.5-	160x 60	1.0216	0.1400	0.0600	20	0	 5	150	 200	200	     0
22/09/18 01:51:54	OT	MARKAB         	 0.6761	 1.1274	 1174.4	 1059.2	 0.161315	 0.088379	 0.0251	 0.0298	 0.1418	 0.1582	 0.7127	 0.6395	PixelFly	L1.5-	160x 60	1.0216	0.1400	0.0600	20	0	 5	150	 200	200	     0
22/09/18 01:52:24	OT	MARKAB         	 0.9057	 1.1285	 1150.0	 1055.7	 0.244333	 0.155632	 0.0233	 0.0248	 0.1106	 0.1127	 0.9138	 0.8976	PixelFly	L1.5-	160x 60	1.0216	0.1400	0.0600	20	0	 5	150	 200	200	     0
22/09/18 01:52:54	OT	MARKAB         	 0.8292	 1.1295	 1144.3	 1048.2	 0.238785	 0.117442	 0.0200	 0.0231	 0.1122	 0.1335	 0.9007	 0.7577	PixelFly	L1.5-	160x 60	1.0216	0.1400	0.0600	20	0	 5	150	 200	200	     0
22/09/18 01:53:24	OT	MARKAB         	 0.8962	 1.1306	 1171.0	 1047.9	 0.197619	 0.183225	 0.0283	 0.0257	 0.1258	 0.1023	 0.8036	 0.9888	PixelFly	L1.5-	160x 60	1.0216	0.1400	0.0600	20	0	 5	150	 200	200	     0
22/09/18 01:53:54	OT	MARKAB         	 0.7787	 1.1317	 1172.0	 1057.2	 0.229589	 0.097926	 0.0248	 0.0273	 0.1150	 0.1491	 0.8788	 0.6786	PixelFly	L1.5-	160x 60	1.0216	0.1400	0.0600	20	0	 5	150	 200	200	    50
22/09/18 01:54:24	OT	MARKAB         	 0.7104	 1.1327	 1177.7	 1054.2	 0.165984	 0.102694	 0.0232	 0.0205	 0.1398	 0.1450	 0.7229	 0.6979	PixelFly	L1.5-	160x 60	1.0216	0.1400	0.0600	20	0	 5	150	 200	200	     0
22/09/18 01:54:54	OT	MARKAB         	 0.5964	 1.1338	 1171.9	 1077.3	 0.124947	 0.076283	 0.0216	 0.0234	 0.1659	 0.1734	 0.6093	 0.5835	PixelFly	L1.5-	160x 60	1.0216	0.1400	0.0600	20	0	 5	150	 200	200	     0
22/09/18 01:55:24	OT	MARKAB         	 0.6733	 1.1349	 1150.0	 1041.6	 0.152003	 0.094139	 0.0200	 0.0235	 0.1476	 0.1529	 0.6850	 0.6616	PixelFly	L1.5-	160x 60	1.0216	0.1400	0.0600	20	0	 5	150	 200	200	     0
22/09/18 01:55:54	OT	MARKAB         	 0.7188	 1.1360	 1171.5	 1028.1	 0.177832	 0.099966	 0.0261	 0.0225	 0.1344	 0.1476	 0.7522	 0.6855	PixelFly	L1.5-	160x 60	1.0216	0.1400	0.0600	20	0	 5	150	 200	200	     0
22/09/18 01:56:24	OT	MARKAB         	 0.7764	 1.1371	 1161.3	 1052.6	 0.188399	 0.122643	 0.0216	 0.0205	 0.1299	 0.1306	 0.7782	 0.7745	PixelFly	L1.5-	160x 60	1.0216	0.1400	0.0600	20	0	 5	150	 200	200	     0
22/09/18 01:56:54	OT	MARKAB         	 0.6422	 1.1382	 1136.0	 1063.8	 0.145695	 0.084232	 0.0219	 0.0263	 0.1516	 0.1638	 0.6666	 0.6178	PixelFly	L1.5-	160x 60	1.0216	0.1400	0.0600	20	0	 5	150	 200	200	     0
22/09/18 01:57:24	OT	MARKAB         	 0.6392	 1.1393	 1137.6	 1065.3	 0.132603	 0.091482	 0.0237	 0.0308	 0.1605	 0.1559	 0.6296	 0.6488	PixelFly	L1.5-	160x 60	1.0216	0.1400	0.0600	20	0	 5	150	 200	200	     0
22/09/18 01:57:54	OT	MARKAB         	 0.6257	 1.1404	 1153.8	 1040.2	 0.145865	 0.077084	 0.0305	 0.0297	 0.1517	 0.1729	 0.6663	 0.5851	PixelFly	L1.5-	160x 60	1.0216	0.1400	0.0600	20	0	 5	150	 200	200	     0
22/09/18 01:58:24	OT	MARKAB         	 0.5162	 1.1416	 1148.1	 1046.8	 0.103432	 0.057527	 0.0288	 0.0282	 0.1866	 0.2062	 0.5418	 0.4906	PixelFly	L1.5-	160x 60	1.0216	0.1400	0.0600	20	0	 5	150	 200	200	     0
22/09/18 01:58:54	OT	MARKAB         	 0.6249	 1.1427	 1157.9	 1049.9	 0.142852	 0.078897	 0.0263	 0.0259	 0.1538	 0.1707	 0.6572	 0.5926	PixelFly	L1.5-	160x 60	1.0216	0.1400	0.0600	20	0	 5	150	 200	200	     0
22/09/18 01:59:24	OT	MARKAB         	 0.7518	 1.1438	 1134.1	 1050.7	 0.162308	 0.128706	 0.0293	 0.0237	 0.1425	 0.1274	 0.7091	 0.7944	PixelFly	L1.5-	160x 60	1.0216	0.1400	0.0600	20	0	 5	150	 200	200	     0
22/09/18 01:59:54	OT	MARKAB         	 0.6342	 1.1450	 1159.6	 1061.1	 0.139846	 0.085310	 0.0258	 0.0248	 0.1560	 0.1631	 0.6481	 0.6204	PixelFly	L1.5-	160x 60	1.0216	0.1400	0.0600	20	0	 5	150	 200	200	     0
22/09/18 02:00:24	OT	MARKAB         	 0.5624	 1.1461	 1160.3	 1049.3	 0.126586	 0.062544	 0.0227	 0.0224	 0.1657	 0.1966	 0.6101	 0.5146	PixelFly	L1.5-	160x 60	1.0216	0.1400	0.0600	20	0	 5	150	 200	200	     0
22/09/18 02:00:54	OT	MARKAB         	 0.5225	 1.1473	 1156.6	 1063.2	 0.094468	 0.066449	 0.0183	 0.0209	 0.1976	 0.1897	 0.5116	 0.5333	PixelFly	L1.5-	160x 60	1.0216	0.1400	0.0600	20	0	 5	150	 200	200	     0
22/09/18 02:01:24	OT	MARKAB         	 0.5418	 1.1485	 1156.3	 1049.7	 0.100037	 0.070978	 0.0218	 0.0188	 0.1910	 0.1825	 0.5291	 0.5545	PixelFly	L1.5-	160x 60	1.0216	0.1400	0.0600	20	0	 5	150	 200	200	     0
22/09/18 02:01:54	OT	MARKAB         	 0.4955	 1.1496	 1146.3	 1043.0	 0.096044	 0.054903	 0.0237	 0.0246	 0.1959	 0.2130	 0.5160	 0.4751	PixelFly	L1.5-	160x 60	1.0216	0.1400	0.0600	20	0	 5	150	 200	200	     0
22/09/18 02:02:24	OT	MARKAB         	 0.4866	 1.1508	 1140.0	 1050.1	 0.082444	 0.060391	 0.0218	 0.0246	 0.2148	 0.2013	 0.4706	 0.5027	PixelFly	L1.5-	160x 60	1.0216	0.1400	0.0600	20	0	 5	150	 200	200	     0
22/09/18 02:02:54	OT	MARKAB         	 0.5418	 1.1520	 1161.3	 1031.6	 0.102217	 0.069941	 0.0223	 0.0230	 0.1889	 0.1844	 0.5350	 0.5486	PixelFly	L1.5-	160x 60	1.0216	0.1400	0.0600	20	0	 5	150	 200	200	     0
22/09/18 02:03:24	OT	MARKAB         	 0.6836	 1.1532	 1139.3	 1053.6	 0.153392	 0.101381	 0.0234	 0.0231	 0.1482	 0.1477	 0.6822	 0.6851	PixelFly	L1.5-	160x 60	1.0216	0.1400	0.0600	20	0	 5	150	 200	200	     0
22/09/18 02:03:54	OT	MARKAB         	 0.6980	 1.1544	 1173.3	 1051.2	 0.169093	 0.098551	 0.0228	 0.0302	 0.1399	 0.1503	 0.7228	 0.6731	PixelFly	L1.5-	160x 60	1.0216	0.1400	0.0600	20	0	 5	150	 200	200	     0
22/09/18 02:04:24	OT	MARKAB         	 0.5063	 1.1556	 1151.1	 1044.5	 0.101638	 0.056220	 0.0266	 0.0240	 0.1899	 0.2106	 0.5322	 0.4804	PixelFly	L1.5-	160x 60	1.0216	0.1400	0.0600	20	0	 5	150	 200	200	     0
22/09/18 02:04:25	OT	MARKAB         	 0.0000	 1.1557	    0.0	    0.0	-0.000000	-0.000000	    0.0	    0.0	    0.0	    0.0	 0.0000	 0.0000	PixelFly	L1.5-	160x 60	1.0216	0.1400	0.0600	20	0	 5	150	 200	  0	    31
22/09/18 03:10:51	OT	MIRACH         	 0.5570	 1.0326	 2095.9	 1829.3	 0.107878	 0.058034	 0.0168	 0.0219	 0.1713	 0.1932	 0.5901	 0.5238	PixelFly	L1.5-	160x 60	1.0216	0.1400	0.0600	20	0	 5	150	 200	 53	    99
22/09/18 03:11:45	OT	MIRACH         	 0.5654	 1.0334	 2052.0	 1840.0	 0.114255	 0.057431	 0.0247	 0.0261	 0.1656	 0.1945	 0.6105	 0.5203	PixelFly	L1.5-	160x 60	1.0216	0.1400	0.0600	20	0	 5	150	 200	200	     0
22/09/18 03:12:15	OT	MIRACH         	 0.5766	 1.0338	 2069.8	 1829.8	 0.103170	 0.068688	 0.0248	 0.0263	 0.1761	 0.1747	 0.5741	 0.5791	PixelFly	L1.5-	160x 60	1.0216	0.1400	0.0600	20	0	 5	150	 200	200	     0
22/09/18 03:12:45	OT	MIRACH         	 0.5112	 1.0343	 2056.4	 1829.6	 0.077489	 0.060970	 0.0318	 0.0292	 0.2091	 0.1877	 0.4834	 0.5390	PixelFly	L1.5-	160x 60	1.0216	0.1400	0.0600	20	0	 5	150	 200	200	     0
22/09/18 03:13:15	OT	MIRACH         	 0.6237	 1.0347	 2064.6	 1828.8	 0.141480	 0.063839	 0.0502	 0.0448	 0.1458	 0.1827	 0.6935	 0.5540	PixelFly	L1.5-	160x 60	1.0216	0.1400	0.0600	20	0	 5	150	 200	199	    50
22/09/18 03:13:45	OT	MIRACH         	 0.6116	 1.0352	 2062.9	 1829.9	 0.109189	 0.079066	 0.0495	 0.0431	 0.1703	 0.1607	 0.5935	 0.6297	PixelFly	L1.5-	160x 60	1.0216	0.1400	0.0600	20	0	 5	150	 200	200	     0
22/09/18 03:14:15	OT	MIRACH         	 0.5748	 1.0356	 2075.9	 1888.5	 0.103792	 0.067782	 0.0297	 0.0347	 0.1756	 0.1763	 0.5756	 0.5739	PixelFly	L1.5-	160x 60	1.0216	0.1400	0.0600	20	0	 5	150	 200	200	     0
22/09/18 03:14:45	OT	MIRACH         	 0.5705	 1.0361	 2119.7	 1842.8	 0.084609	 0.079603	 0.0309	 0.0392	 0.1986	 0.1601	 0.5090	 0.6319	PixelFly	L1.5-	160x 60	1.0216	0.1400	0.0600	20	0	 5	150	 200	200	     0
22/09/18 03:15:15	OT	MIRACH         	 0.6273	 1.0365	 2058.3	 1820.0	 0.109751	 0.085559	 0.0401	 0.0394	 0.1699	 0.1534	 0.5949	 0.6597	PixelFly	L1.5-	160x 60	1.0216	0.1400	0.0600	20	0	 5	150	 200	200	     0
22/09/18 03:15:45	OT	MIRACH         	 0.6286	 1.0370	 2006.8	 1814.1	 0.126213	 0.075237	 0.0414	 0.0425	 0.1563	 0.1657	 0.6468	 0.6105	PixelFly	L1.5-	160x 60	1.0216	0.1400	0.0600	20	0	 5	150	 200	200	     0
22/09/18 03:16:15	OT	MIRACH         	 0.7340	 1.0374	 2067.0	 1847.9	 0.170902	 0.092829	 0.0281	 0.0286	 0.1303	 0.1461	 0.7756	 0.6924	PixelFly	L1.5-	160x 60	1.0216	0.1400	0.0600	20	0	 5	150	 200	198	     0
22/09/18 03:16:45	OT	MIRACH         	 0.6440	 1.0379	 2056.2	 1838.8	 0.114540	 0.089710	 0.0195	 0.0220	 0.1658	 0.1492	 0.6098	 0.6782	PixelFly	L1.5-	160x 60	1.0216	0.1400	0.0600	20	0	 5	150	 200	200	     0
22/09/18 03:17:15	OT	MIRACH         	 0.7619	 1.0384	 2069.9	 1835.9	 0.177372	 0.101772	 0.0195	 0.0271	 0.1275	 0.1384	 0.7926	 0.7313	PixelFly	L1.5-	160x 60	1.0216	0.1400	0.0600	20	0	 5	150	 200	200	     0
22/09/18 03:17:45	OT	MIRACH         	 0.6779	 1.0389	 2041.9	 1799.5	 0.131164	 0.093462	 0.0232	 0.0266	 0.1529	 0.1457	 0.6611	 0.6946	PixelFly	L1.5-	160x 60	1.0216	0.1400	0.0600	20	0	 5	150	 200	200	     0
22/09/18 03:18:15	OT	MIRACH         	 0.6007	 1.0393	 2040.2	 1817.9	 0.109047	 0.075254	 0.0208	 0.0215	 0.1709	 0.1659	 0.5916	 0.6098	PixelFly	L1.5-	160x 60	1.0216	0.1400	0.0600	20	0	 5	150	 200	200	     0
22/09/18 03:18:45	OT	MIRACH         	 0.6437	 1.0398	 2045.5	 1812.4	 0.100509	 0.100281	 0.0227	 0.0222	 0.1795	 0.1397	 0.5632	 0.7242	PixelFly	L1.5-	160x 60	1.0216	0.1400	0.0600	20	0	 5	150	 200	200	    50
22/09/18 03:19:15	OT	MIRACH         	 0.7112	 1.0403	 2043.4	 1779.1	 0.157817	 0.091272	 0.0200	 0.0224	 0.1369	 0.1479	 0.7381	 0.6843	PixelFly	L1.5-	160x 60	1.0216	0.1400	0.0600	20	0	 5	150	 200	200	     0
22/09/18 03:19:46	OT	MIRACH         	 0.6676	 1.0408	 2030.9	 1827.6	 0.145298	 0.080190	 0.0227	 0.0229	 0.1440	 0.1599	 0.7022	 0.6329	PixelFly	L1.5-	160x 60	1.0216	0.1400	0.0600	20	0	 5	150	 200	200	     0
22/09/18 03:20:15	OT	MIRACH         	 0.6886	 1.0413	 2015.4	 1841.6	 0.140979	 0.092163	 0.0260	 0.0262	 0.1466	 0.1471	 0.6894	 0.6879	PixelFly	L1.5-	160x 60	1.0216	0.1400	0.0600	20	0	 5	150	 200	200	     0
22/09/18 03:20:45	OT	MIRACH         	 0.6696	 1.0418	 2063.1	 1826.8	 0.117464	 0.099834	 0.0353	 0.0302	 0.1636	 0.1402	 0.6178	 0.7215	PixelFly	L1.5-	160x 60	1.0216	0.1400	0.0600	20	0	 5	150	 200	200	     0
22/09/18 03:21:15	OT	MIRACH         	 0.6583	 1.0423	 2045.0	 1822.2	 0.115359	 0.096291	 0.0285	 0.0269	 0.1655	 0.1434	 0.6109	 0.7058	PixelFly	L1.5-	160x 60	1.0216	0.1400	0.0600	20	0	 5	150	 200	200	     0
22/09/18 03:21:45	OT	MIRACH         	 0.5139	 1.0428	 2072.4	 1812.7	 0.078322	 0.062365	 0.0324	 0.0371	 0.2088	 0.1861	 0.4841	 0.5437	PixelFly	L1.5-	160x 60	1.0216	0.1400	0.0600	20	0	 5	150	 200	200	     0
22/09/18 03:22:15	OT	MIRACH         	 0.5198	 1.0433	 2015.4	 1805.4	 0.090229	 0.056595	 0.0229	 0.0266	 0.1919	 0.1973	 0.5269	 0.5128	PixelFly	L1.5-	160x 60	1.0216	0.1400	0.0600	20	0	 5	150	 200	200	     0
22/09/18 03:22:45	OT	MIRACH         	 0.5270	 1.0438	 2066.0	 1799.3	 0.093520	 0.057195	 0.0252	 0.0252	 0.1878	 0.1961	 0.5382	 0.5159	PixelFly	L1.5-	160x 60	1.0216	0.1400	0.0600	20	0	 5	150	 200	200	     0
22/09/18 03:23:15	OT	MIRACH         	 0.5567	 1.0444	 2080.5	 1829.9	 0.098216	 0.065471	 0.0292	 0.0295	 0.1825	 0.1809	 0.5540	 0.5593	PixelFly	L1.5-	160x 60	1.0216	0.1400	0.0600	20	0	 5	150	 200	200	     0
22/09/18 03:23:45	OT	MIRACH         	 0.6760	 1.0449	 2053.3	 1767.9	 0.150636	 0.081157	 0.0338	 0.0362	 0.1412	 0.1591	 0.7159	 0.6360	PixelFly	L1.5-	160x 60	1.0216	0.1400	0.0600	20	0	 5	150	 200	200	     0
22/09/18 03:24:15	OT	MIRACH         	 0.5945	 1.0454	 2076.0	 1786.9	 0.114702	 0.069885	 0.0252	 0.0286	 0.1663	 0.1741	 0.6077	 0.5813	PixelFly	L1.5-	160x 60	1.0216	0.1400	0.0600	20	0	 5	150	 200	200	     0
22/09/18 03:24:45	OT	MIRACH         	 0.5618	 1.0459	 2017.7	 1783.4	 0.105867	 0.062728	 0.0331	 0.0333	 0.1746	 0.1858	 0.5790	 0.5446	PixelFly	L1.5-	160x 60	1.0216	0.1400	0.0600	20	0	 5	150	 200	200	     0
22/09/18 03:25:15	OT	MIRACH         	 0.6284	 1.0465	 2051.3	 1839.5	 0.131215	 0.073406	 0.0303	 0.0311	 0.1535	 0.1691	 0.6584	 0.5983	PixelFly	L1.5-	160x 60	1.0216	0.1400	0.0600	20	0	 5	150	 200	199	     0
22/09/18 03:25:45	OT	MIRACH         	 0.4925	 1.0470	 2031.9	 1833.2	 0.071852	 0.059317	 0.0343	 0.0326	 0.2204	 0.1922	 0.4586	 0.5263	PixelFly	L1.5-	160x 60	1.0216	0.1400	0.0600	20	0	 5	150	 200	200	     0
22/09/18 03:26:15	OT	MIRACH         	 0.4947	 1.0476	 2054.8	 1822.5	 0.071321	 0.060607	 0.0345	 0.0303	 0.2215	 0.1898	 0.4564	 0.5330	PixelFly	L1.5-	160x 60	1.0216	0.1400	0.0600	20	0	 5	150	 200	200	     0
22/09/18 03:26:45	OT	MIRACH         	 0.3932	 1.0481	 2054.2	 1830.7	 0.051264	 0.039500	 0.0271	 0.0237	 0.2701	 0.2455	 0.3743	 0.4121	PixelFly	L1.5-	160x 60	1.0216	0.1400	0.0600	20	0	 5	150	 200	200	     0
22/09/18 03:27:15	OT	MIRACH         	 0.5079	 1.0487	 2057.8	 1802.6	 0.093956	 0.050544	 0.0264	 0.0249	 0.1878	 0.2118	 0.5382	 0.4777	PixelFly	L1.5-	160x 60	1.0216	0.1400	0.0600	20	0	 5	150	 200	200	     0
22/09/18 03:27:45	OT	MIRACH         	 0.4284	 1.0492	 2063.8	 1818.9	 0.060878	 0.044441	 0.0278	 0.0274	 0.2438	 0.2289	 0.4147	 0.4420	PixelFly	L1.5-	160x 60	1.0216	0.1400	0.0600	20	0	 5	150	 200	200	     0
22/09/18 03:28:15	OT	MIRACH         	 0.3695	 1.0498	 2072.5	 1779.4	 0.058691	 0.027797	 0.0294	 0.0279	 0.2493	 0.3034	 0.4055	 0.3335	PixelFly	L1.5-	160x 60	1.0216	0.1400	0.0600	20	0	 5	150	 200	200	    50
22/09/18 03:28:45	OT	MIRACH         	 0.3740	 1.0504	 2098.0	 1808.1	 0.047032	 0.036577	 0.0308	 0.0262	 0.2848	 0.2574	 0.3550	 0.3930	PixelFly	L1.5-	160x 60	1.0216	0.1400	0.0600	20	0	 5	150	 200	200	     0
22/09/18 03:29:15	OT	MIRACH         	 0.4008	 1.0509	 2046.1	 1781.3	 0.055757	 0.039051	 0.0302	 0.0288	 0.2572	 0.2476	 0.3930	 0.4087	PixelFly	L1.5-	160x 60	1.0216	0.1400	0.0600	20	0	 5	150	 200	200	     0
22/09/18 03:29:45	OT	MIRACH         	 0.3580	 1.0515	 2039.1	 1819.8	 0.048463	 0.030884	 0.0273	 0.0311	 0.2799	 0.2851	 0.3612	 0.3549	PixelFly	L1.5-	160x 60	1.0216	0.1400	0.0600	20	0	 5	150	 200	200	     0
22/09/18 03:30:15	OT	MIRACH         	 0.3571	 1.0521	 2055.4	 1822.6	 0.049284	 0.030119	 0.0251	 0.0287	 0.2772	 0.2895	 0.3647	 0.3495	PixelFly	L1.5-	160x 60	1.0216	0.1400	0.0600	20	0	 5	150	 200	200	     0
22/09/18 03:30:45	OT	MIRACH         	 0.3849	 1.0527	 2077.2	 1797.8	 0.053132	 0.035934	 0.0327	 0.0346	 0.2650	 0.2605	 0.3814	 0.3884	PixelFly	L1.5-	160x 60	1.0216	0.1400	0.0600	20	0	 5	150	 200	200	     0
22/09/18 03:31:15	OT	MIRACH         	 0.3932	 1.0532	 2062.2	 1861.0	 0.052134	 0.039257	 0.0348	 0.0400	 0.2682	 0.2471	 0.3770	 0.4094	PixelFly	L1.5-	160x 60	1.0216	0.1400	0.0600	20	0	 5	150	 200	200	     0
22/09/18 03:31:45	OT	MIRACH         	 0.3956	 1.0538	 2091.1	 1774.9	 0.051330	 0.040640	 0.0299	 0.0267	 0.2708	 0.2421	 0.3733	 0.4179	PixelFly	L1.5-	160x 60	1.0216	0.1400	0.0600	20	0	 5	150	 200	200	     0
22/09/18 03:32:15	OT	MIRACH         	 0.3513	 1.0544	 2113.2	 1779.8	 0.038600	 0.035943	 0.0297	 0.0317	 0.3214	 0.2607	 0.3145	 0.3880	PixelFly	L1.5-	160x 60	1.0216	0.1400	0.0600	20	0	 5	150	 200	200	     0
22/09/18 03:32:45	OT	MIRACH         	 0.3750	 1.0550	 2086.0	 1815.2	 0.047507	 0.036874	 0.0267	 0.0323	 0.2838	 0.2569	 0.3562	 0.3939	PixelFly	L1.5-	160x 60	1.0216	0.1400	0.0600	20	0	 5	150	 200	200	     0
22/09/18 03:33:15	OT	MIRACH         	 0.3915	 1.0556	 2029.4	 1773.8	 0.047029	 0.042565	 0.0351	 0.0367	 0.2857	 0.2358	 0.3539	 0.4292	PixelFly	L1.5-	160x 60	1.0216	0.1400	0.0600	20	0	 5	150	 200	200	     0
22/09/18 03:33:30	OT	MIRACH         	 0.4107	 1.0559	 2106.8	 1793.5	 0.064146	 0.037088	 0.0301	 0.0365	 0.2372	 0.2561	 0.4262	 0.3951	PixelFly	L1.5-	160x 60	1.0216	0.1400	0.0600	20	0	 5	150	 200	100	    12
22/09/18 03:34:02	OT	MIRACH         	 0.4234	 1.0566	 2085.3	 1772.1	 0.063029	 0.041953	 0.0339	 0.0365	 0.2398	 0.2379	 0.4216	 0.4252	PixelFly	L1.5-	160x 60	1.0216	0.1400	0.0600	20	0	 5	150	 200	200	     0
22/09/18 03:34:32	OT	MIRACH         	 0.3759	 1.0572	 2032.0	 1818.5	 0.057749	 0.030614	 0.0259	 0.0266	 0.2528	 0.2876	 0.3999	 0.3519	PixelFly	L1.5-	160x 60	1.0216	0.1400	0.0600	20	0	 5	150	 200	200	     0
22/09/18 03:35:02	OT	MIRACH         	 0.3596	 1.0578	 2087.8	 1848.3	 0.049336	 0.031146	 0.0244	 0.0321	 0.2779	 0.2847	 0.3637	 0.3554	PixelFly	L1.5-	160x 60	1.0216	0.1400	0.0600	20	0	 5	150	 200	200	     0
22/09/18 03:35:32	OT	MIRACH         	 0.3812	 1.0585	 2018.1	 1817.2	 0.050293	 0.037107	 0.0315	 0.0280	 0.2748	 0.2564	 0.3678	 0.3946	PixelFly	L1.5-	160x 60	1.0216	0.1400	0.0600	20	0	 5	150	 200	200	     0
22/09/18 03:36:02	OT	MIRACH         	 0.4003	 1.0591	 2063.1	 1839.9	 0.058207	 0.037841	 0.0271	 0.0287	 0.2518	 0.2535	 0.4014	 0.3992	PixelFly	L1.5-	160x 60	1.0216	0.1400	0.0600	20	0	 5	150	 200	200	     0
22/09/18 03:36:32	OT	MIRACH         	 0.4576	 1.0597	 2062.8	 1817.7	 0.071347	 0.048276	 0.0232	 0.0211	 0.2230	 0.2191	 0.4534	 0.4618	PixelFly	L1.5-	160x 60	1.0216	0.1400	0.0600	20	0	 5	150	 200	200	     0
22/09/18 03:37:02	OT	MIRACH         	 0.4616	 1.0603	 2074.7	 1841.8	 0.076344	 0.046468	 0.0225	 0.0275	 0.2142	 0.2243	 0.4720	 0.4512	PixelFly	L1.5-	160x 60	1.0216	0.1400	0.0600	20	0	 5	150	 200	200	     0
22/09/18 03:37:32	OT	MIRACH         	 0.5139	 1.0610	 2054.9	 1820.4	 0.093479	 0.054278	 0.0228	 0.0320	 0.1897	 0.2044	 0.5328	 0.4951	PixelFly	L1.5-	160x 60	1.0216	0.1400	0.0600	20	0	 5	150	 200	200	     0
22/09/18 03:38:02	OT	MIRACH         	 0.5646	 1.0616	 2101.7	 1792.5	 0.092089	 0.075110	 0.0294	 0.0265	 0.1915	 0.1682	 0.5278	 0.6014	PixelFly	L1.5-	160x 60	1.0216	0.1400	0.0600	20	0	 5	150	 200	200	     0
22/09/18 03:38:32	OT	MIRACH         	 0.4464	 1.0623	 2076.4	 1809.0	 0.063371	 0.050047	 0.0358	 0.0344	 0.2398	 0.2147	 0.4216	 0.4712	PixelFly	L1.5-	160x 60	1.0216	0.1400	0.0600	20	0	 5	150	 200	200	     0
22/09/18 03:39:02	OT	MIRACH         	 0.4072	 1.0629	 2030.7	 1848.4	 0.059902	 0.039225	 0.0297	 0.0288	 0.2481	 0.2486	 0.4075	 0.4070	PixelFly	L1.5-	160x 60	1.0216	0.1400	0.0600	20	0	 5	150	 200	200	     0
22/09/18 03:39:32	OT	MIRACH         	 0.4551	 1.0636	 2040.9	 1823.4	 0.064377	 0.052548	 0.0303	 0.0311	 0.2377	 0.2087	 0.4253	 0.4848	PixelFly	L1.5-	160x 60	1.0216	0.1400	0.0600	20	0	 5	150	 200	200	     0
22/09/18 03:40:02	OT	MIRACH         	 0.3880	 1.0643	 2075.1	 1851.0	 0.051818	 0.038583	 0.0297	 0.0287	 0.2708	 0.2513	 0.3733	 0.4027	PixelFly	L1.5-	160x 60	1.0216	0.1400	0.0600	20	0	 5	150	 200	200	     0
22/09/18 03:40:32	OT	MIRACH         	 0.4272	 1.0649	 2080.9	 1836.0	 0.058434	 0.047043	 0.0188	 0.0195	 0.2521	 0.2232	 0.4010	 0.4533	PixelFly	L1.5-	160x 60	1.0216	0.1400	0.0600	20	0	 5	150	 200	200	     0
22/09/18 03:41:02	OT	MIRACH         	 0.4201	 1.0656	 2086.1	 1774.8	 0.066532	 0.039315	 0.0238	 0.0170	 0.2333	 0.2487	 0.4333	 0.4069	PixelFly	L1.5-	160x 60	1.0216	0.1400	0.0600	20	0	 5	150	 200	200	     0
22/09/18 03:41:32	OT	MIRACH         	 0.4555	 1.0663	 2062.9	 1822.0	 0.071999	 0.047702	 0.0233	 0.0199	 0.2226	 0.2215	 0.4542	 0.4568	PixelFly	L1.5-	160x 60	1.0216	0.1400	0.0600	20	0	 5	150	 200	200	     0
22/09/18 03:42:02	OT	MIRACH         	 0.4909	 1.0670	 2078.3	 1806.1	 0.070978	 0.061480	 0.0177	 0.0186	 0.2246	 0.1903	 0.4501	 0.5317	PixelFly	L1.5-	160x 60	1.0216	0.1400	0.0600	20	0	 5	150	 200	200	     0
22/09/18 03:42:32	OT	MIRACH         	 0.8176	 1.0676	 2056.0	 1833.0	 0.156930	 0.150900	 0.0229	 0.0218	 0.1396	 0.1111	 0.7243	 0.9109	PixelFly	L1.5-	160x 60	1.0216	0.1400	0.0600	20	0	 5	150	 200	200	    50
22/09/18 03:43:02	OT	MIRACH         	 0.8138	 1.0683	 2063.5	 1842.3	 0.181149	 0.131535	 0.0259	 0.0282	 0.1281	 0.1207	 0.7891	 0.8385	PixelFly	L1.5-	160x 60	1.0216	0.1400	0.0600	20	0	 5	150	 200	200	     0
22/09/18 03:43:32	OT	MIRACH         	 0.8129	 1.0690	 2082.9	 1801.3	 0.173654	 0.136403	 0.0275	 0.0261	 0.1314	 0.1181	 0.7691	 0.8567	PixelFly	L1.5-	160x 60	1.0216	0.1400	0.0600	20	0	 5	150	 200	200	     0
22/09/18 03:44:02	OT	MIRACH         	 0.7126	 1.0697	 2075.1	 1782.8	 0.149134	 0.103013	 0.0263	 0.0259	 0.1441	 0.1398	 0.7017	 0.7236	PixelFly	L1.5-	160x 60	1.0216	0.1400	0.0600	20	0	 5	150	 200	200	     0
22/09/18 03:44:32	OT	MIRACH         	 0.6821	 1.0704	 2050.0	 1800.7	 0.122589	 0.107181	 0.0339	 0.0314	 0.1621	 0.1366	 0.6236	 0.7407	PixelFly	L1.5-	160x 60	1.0216	0.1400	0.0600	20	0	 5	150	 200	200	     0
22/09/18 03:45:02	OT	MIRACH         	 0.6065	 1.0711	 2053.6	 1826.6	 0.126197	 0.071081	 0.0306	 0.0288	 0.1594	 0.1748	 0.6343	 0.5787	PixelFly	L1.5-	160x 60	1.0216	0.1400	0.0600	20	0	 5	150	 200	200	     0
22/09/18 03:45:32	OT	MIRACH         	 0.7120	 1.0718	 2055.0	 1791.9	 0.137856	 0.110895	 0.0286	 0.0302	 0.1512	 0.1339	 0.6685	 0.7554	PixelFly	L1.5-	160x 60	1.0216	0.1400	0.0600	20	0	 5	150	 200	200	     0
22/09/18 03:46:02	OT	MIRACH         	 0.8230	 1.0726	 2047.1	 1835.7	 0.201889	 0.123599	 0.0244	 0.0326	 0.1203	 0.1256	 0.8401	 0.8059	PixelFly	L1.5-	160x 60	1.0216	0.1400	0.0600	20	0	 5	150	 200	200	     0
22/09/18 03:46:32	OT	MIRACH         	 0.7827	 1.0733	 2061.7	 1776.9	 0.190179	 0.110968	 0.0259	 0.0273	 0.1248	 0.1340	 0.8102	 0.7551	PixelFly	L1.5-	160x 60	1.0216	0.1400	0.0600	20	0	 5	150	 200	200	     0
22/09/18 03:47:02	OT	MIRACH         	 0.7904	 1.0740	 2060.5	 1781.5	 0.184034	 0.118916	 0.0308	 0.0305	 0.1273	 0.1286	 0.7941	 0.7868	PixelFly	L1.5-	160x 60	1.0216	0.1400	0.0600	20	0	 5	150	 200	200	     0
22/09/18 03:47:32	OT	MIRACH         	 1.1150	 1.0747	 2048.0	 1803.7	 0.311962	 0.220964	 0.0324	 0.0284	 0.0928	 0.0887	 1.0895	 1.1406	PixelFly	L1.5-	160x 60	1.0216	0.1400	0.0600	20	0	 5	150	 200	200	     0
22/09/18 03:48:02	OT	MIRACH         	 1.3178	 1.0755	 2066.8	 1782.9	 0.491030	 0.242651	 0.0300	 0.0267	 0.0707	 0.0839	 1.4297	 1.2060	PixelFly	L1.5-	160x 60	1.0216	0.1400	0.0600	20	0	 5	150	 200	200	     0
22/09/18 03:48:32	OT	MIRACH         	 1.2391	 1.0762	 2039.7	 1815.8	 0.401697	 0.244601	 0.0268	 0.0350	 0.0798	 0.0835	 1.2669	 1.2113	PixelFly	L1.5-	160x 60	1.0216	0.1400	0.0600	20	0	 5	150	 200	200	     0
22/09/18 03:49:02	OT	MIRACH         	 1.0904	 1.0770	 2094.0	 1803.7	 0.301922	 0.212801	 0.0297	 0.0258	 0.0947	 0.0908	 1.0670	 1.1137	PixelFly	L1.5-	160x 60	1.0216	0.1400	0.0600	20	0	 5	150	 200	200	     0
22/09/18 03:49:32	OT	MIRACH         	 1.3729	 1.0777	 2004.3	 1812.2	 0.446990	 0.310392	 0.0332	 0.0352	 0.0749	 0.0725	 1.3496	 1.3962	PixelFly	L1.5-	160x 60	1.0216	0.1400	0.0600	20	0	 5	150	 200	200	     0
22/09/18 03:50:02	OT	MIRACH         	 1.3876	 1.0785	 2060.5	 1785.3	 0.474588	 0.303394	 0.0405	 0.0347	 0.0723	 0.0735	 1.3985	 1.3767	PixelFly	L1.5-	160x 60	1.0216	0.1400	0.0600	20	0	 5	150	 200	200	     0
22/09/18 03:50:32	OT	MIRACH         	 1.2100	 1.0792	 2062.5	 1796.3	 0.343084	 0.265212	 0.0342	 0.0417	 0.0879	 0.0797	 1.1506	 1.2694	PixelFly	L1.5-	160x 60	1.0216	0.1400	0.0600	20	0	 5	150	 200	200	     0
22/09/18 03:51:02	OT	MIRACH         	 0.8859	 1.0800	 2042.6	 1818.7	 0.257206	 0.124040	 0.0372	 0.0385	 0.1045	 0.1258	 0.9675	 0.8043	PixelFly	L1.5-	160x 60	1.0216	0.1400	0.0600	20	0	 5	150	 200	200	    50
22/09/18 03:51:32	OT	MIRACH         	 1.0409	 1.0808	 2019.2	 1785.4	 0.261582	 0.210734	 0.0307	 0.0388	 0.1035	 0.0916	 0.9769	 1.1049	PixelFly	L1.5-	160x 60	1.0216	0.1400	0.0600	20	0	 5	150	 200	200	     0
22/09/18 03:52:02	OT	MIRACH         	 0.8155	 1.0815	 2052.8	 1830.7	 0.165398	 0.146859	 0.0310	 0.0430	 0.1363	 0.1138	 0.7417	 0.8893	PixelFly	L1.5-	160x 60	1.0216	0.1400	0.0600	20	0	 5	150	 200	200	     0
22/09/18 03:52:32	OT	MIRACH         	 1.0346	 1.0823	 2033.3	 1848.9	 0.317657	 0.170563	 0.0383	 0.0380	 0.0922	 0.1041	 1.0967	 0.9724	PixelFly	L1.5-	160x 60	1.0216	0.1400	0.0600	20	0	 5	150	 200	200	     0
22/09/18 03:53:02	OT	MIRACH         	 1.3153	 1.0831	 2081.9	 1756.8	 0.458385	 0.264452	 0.0308	 0.0501	 0.0740	 0.0800	 1.3661	 1.2645	PixelFly	L1.5-	160x 60	1.0216	0.1400	0.0600	20	0	 5	150	 200	200	     0
22/09/18 03:53:32	OT	MIRACH         	 1.1842	 1.0839	 2031.3	 1815.0	 0.341223	 0.250844	 0.0367	 0.0439	 0.0884	 0.0826	 1.1439	 1.2245	PixelFly	L1.5-	160x 60	1.0216	0.1400	0.0600	20	0	 5	150	 200	200	     0
22/09/18 03:54:02	OT	MIRACH         	 1.0780	 1.0847	 2045.5	 1779.3	 0.274026	 0.227234	 0.0325	 0.0271	 0.1008	 0.0877	 1.0024	 1.1535	PixelFly	L1.5-	160x 60	1.0216	0.1400	0.0600	20	0	 5	150	 200	200	     0
22/09/18 03:54:32	OT	MIRACH         	 0.7883	 1.0855	 2043.7	 1802.4	 0.182851	 0.121146	 0.0268	 0.0247	 0.1286	 0.1280	 0.7860	 0.7906	PixelFly	L1.5-	160x 60	1.0216	0.1400	0.0600	20	0	 5	150	 200	200	     0
22/09/18 03:55:02	OT	MIRACH         	 0.8420	 1.0863	 2050.9	 1789.8	 0.184190	 0.149083	 0.0288	 0.0251	 0.1281	 0.1131	 0.7891	 0.8950	PixelFly	L1.5-	160x 60	1.0216	0.1400	0.0600	20	0	 5	150	 200	200	     0
22/09/18 03:55:32	OT	MIRACH         	 0.6817	 1.0871	 2076.3	 1804.5	 0.157448	 0.086537	 0.0273	 0.0259	 0.1408	 0.1568	 0.7179	 0.6455	PixelFly	L1.5-	160x 60	1.0216	0.1400	0.0600	20	0	 5	150	 200	200	     0
22/09/18 03:56:02	OT	MIRACH         	 0.9268	 1.0879	 2103.4	 1791.5	 0.222757	 0.170698	 0.0317	 0.0378	 0.1144	 0.1043	 0.8837	 0.9699	PixelFly	L1.5-	160x 60	1.0216	0.1400	0.0600	20	0	 5	150	 200	200	     0
22/09/18 03:56:32	OT	MIRACH         	 0.9019	 1.0887	 2032.6	 1791.3	 0.222074	 0.157076	 0.0327	 0.0308	 0.1147	 0.1097	 0.8817	 0.9222	PixelFly	L1.5-	160x 60	1.0216	0.1400	0.0600	20	0	 5	150	 200	200	     0
22/09/18 03:57:02	OT	MIRACH         	 0.7939	 1.0895	 2063.5	 1812.0	 0.191295	 0.119400	 0.0278	 0.0278	 0.1254	 0.1294	 0.8058	 0.7820	PixelFly	L1.5-	160x 60	1.0216	0.1400	0.0600	20	0	 5	150	 200	200	     0
22/09/18 03:57:32	OT	MIRACH         	 0.8379	 1.0903	 2052.4	 1795.7	 0.198220	 0.138115	 0.0340	 0.0248	 0.1229	 0.1186	 0.8228	 0.8530	PixelFly	L1.5-	160x 60	1.0216	0.1400	0.0600	20	0	 5	150	 200	200	     0
22/09/18 03:58:02	OT	MIRACH         	 0.6821	 1.0912	 2064.1	 1781.1	 0.140273	 0.098463	 0.0296	 0.0281	 0.1513	 0.1454	 0.6683	 0.6959	PixelFly	L1.5-	160x 60	1.0216	0.1400	0.0600	20	0	 5	150	 200	200	     0
22/09/18 03:58:32	OT	MIRACH         	 0.6417	 1.0920	 2079.3	 1812.9	 0.129409	 0.087242	 0.0278	 0.0321	 0.1588	 0.1564	 0.6365	 0.6469	PixelFly	L1.5-	160x 60	1.0216	0.1400	0.0600	20	0	 5	150	 200	200	     0
22/09/18 03:59:02	OT	MIRACH         	 0.7765	 1.0928	 2097.0	 1779.2	 0.171050	 0.124663	 0.0369	 0.0357	 0.1344	 0.1263	 0.7521	 0.8010	PixelFly	L1.5-	160x 60	1.0216	0.1400	0.0600	20	0	 5	150	 200	200	     0
22/09/18 03:59:32	OT	MIRACH         	 0.7621	 1.0937	 2039.5	 1785.2	 0.171932	 0.116850	 0.0359	 0.0346	 0.1341	 0.1314	 0.7541	 0.7701	PixelFly	L1.5-	160x 60	1.0216	0.1400	0.0600	20	0	 5	150	 200	200	     0
22/09/18 04:00:02	OT	MIRACH         	 0.9248	 1.0945	 2003.5	 1815.8	 0.231324	 0.165649	 0.0422	 0.0394	 0.1122	 0.1066	 0.9006	 0.9491	PixelFly	L1.5-	160x 60	1.0216	0.1400	0.0600	20	0	 5	150	 200	200	     0
22/09/18 04:00:32	OT	MIRACH         	 0.8109	 1.0954	 2073.7	 1758.5	 0.158785	 0.152758	 0.0345	 0.0348	 0.1407	 0.1120	 0.7183	 0.9036	PixelFly	L1.5-	160x 60	1.0216	0.1400	0.0600	20	0	 5	150	 200	200	    50
22/09/18 04:01:02	OT	MIRACH         	 0.7461	 1.0963	 2044.6	 1787.4	 0.154244	 0.121371	 0.0386	 0.0433	 0.1433	 0.1286	 0.7055	 0.7868	PixelFly	L1.5-	160x 60	1.0216	0.1400	0.0600	20	0	 5	150	 200	200	     0
22/09/18 04:01:32	OT	MIRACH         	 0.7368	 1.0971	 2090.0	 1795.9	 0.165962	 0.108874	 0.0366	 0.0357	 0.1372	 0.1373	 0.7369	 0.7367	PixelFly	L1.5-	160x 60	1.0216	0.1400	0.0600	20	0	 5	150	 200	200	     0
22/09/18 04:02:02	OT	MIRACH         	 0.7779	 1.0980	 2029.9	 1785.0	 0.187091	 0.115868	 0.0471	 0.0313	 0.1277	 0.1324	 0.7914	 0.7644	PixelFly	L1.5-	160x 60	1.0216	0.1400	0.0600	20	0	 5	150	 200	200	     0
22/09/18 04:02:32	OT	MIRACH         	 0.8327	 1.0989	 2030.7	 1803.2	 0.206040	 0.132253	 0.0376	 0.0394	 0.1206	 0.1223	 0.8382	 0.8272	PixelFly	L1.5-	160x 60	1.0216	0.1400	0.0600	20	0	 5	150	 200	200	     0
22/09/18 04:03:02	OT	MIRACH         	 0.7889	 1.0997	 2027.4	 1810.7	 0.204074	 0.111144	 0.0417	 0.0508	 0.1214	 0.1358	 0.8330	 0.7449	PixelFly	L1.5-	160x 60	1.0216	0.1400	0.0600	20	0	 5	150	 200	200	     0
22/09/18 04:03:32	OT	MIRACH         	 0.8732	 1.1006	 2048.3	 1799.5	 0.211668	 0.151168	 0.0493	 0.0484	 0.1188	 0.1130	 0.8510	 0.8954	PixelFly	L1.5-	160x 60	1.0216	0.1400	0.0600	20	0	 5	150	 200	200	     0
22/09/18 04:04:02	OT	MIRACH         	 0.7447	 1.1015	 2046.4	 1809.6	 0.183709	 0.102322	 0.0370	 0.0366	 0.1294	 0.1429	 0.7813	 0.7081	PixelFly	L1.5-	160x 60	1.0216	0.1400	0.0600	20	0	 5	150	 200	200	     0
22/09/18 04:04:32	OT	MIRACH         	 0.6188	 1.1024	 2039.8	 1857.8	 0.119448	 0.085258	 0.0366	 0.0383	 0.1676	 0.1595	 0.6032	 0.6344	PixelFly	L1.5-	160x 60	1.0216	0.1400	0.0600	20	0	 5	150	 200	200	     0
22/09/18 04:05:02	OT	MIRACH         	 0.7227	 1.1033	 2014.2	 1836.1	 0.168206	 0.101771	 0.0336	 0.0379	 0.1365	 0.1435	 0.7403	 0.7051	PixelFly	L1.5-	160x 60	1.0216	0.1400	0.0600	20	0	 5	150	 200	200	     0
22/09/18 04:05:32	OT	MIRACH         	 0.7564	 1.1042	 2021.1	 1775.7	 0.161089	 0.123562	 0.0462	 0.0394	 0.1402	 0.1278	 0.7210	 0.7918	PixelFly	L1.5-	160x 60	1.0216	0.1400	0.0600	20	0	 5	150	 200	200	     0
22/09/18 04:06:02	OT	MIRACH         	 0.8873	 1.1051	 2068.1	 1799.0	 0.228686	 0.148984	 0.0430	 0.0412	 0.1137	 0.1143	 0.8893	 0.8854	PixelFly	L1.5-	160x 60	1.0216	0.1400	0.0600	20	0	 5	150	 200	200	     0
22/09/18 04:06:32	OT	MIRACH         	 0.9046	 1.1061	 1978.3	 1830.4	 0.274068	 0.130797	 0.0470	 0.0437	 0.1020	 0.1236	 0.9908	 0.8185	PixelFly	L1.5-	160x 60	1.0216	0.1400	0.0600	20	0	 5	150	 200	200	    50
22/09/18 04:07:02	OT	MIRACH         	 0.7949	 1.1070	 2080.7	 1788.7	 0.186703	 0.126884	 0.0378	 0.0389	 0.1285	 0.1260	 0.7866	 0.8033	PixelFly	L1.5-	160x 60	1.0216	0.1400	0.0600	20	0	 5	150	 200	200	     0
22/09/18 04:07:32	OT	MIRACH         	 0.6665	 1.1079	 1969.7	 1775.9	 0.116958	 0.110559	 0.0295	 0.0387	 0.1702	 0.1369	 0.5938	 0.7392	PixelFly	L1.5-	160x 60	1.0216	0.1400	0.0600	20	0	 5	150	 200	200	     0
22/09/18 04:08:02	OT	MIRACH         	 0.7529	 1.1088	 2043.9	 1796.2	 0.171692	 0.115527	 0.0340	 0.0303	 0.1353	 0.1334	 0.7473	 0.7586	PixelFly	L1.5-	160x 60	1.0216	0.1400	0.0600	20	0	 5	150	 200	200	     0
22/09/18 04:08:32	OT	MIRACH         	 0.7222	 1.1098	 2048.8	 1819.5	 0.147044	 0.116973	 0.0308	 0.0296	 0.1485	 0.1325	 0.6806	 0.7639	PixelFly	L1.5-	160x 60	1.0216	0.1400	0.0600	20	0	 5	150	 200	200	     0
22/09/18 04:09:02	OT	MIRACH         	 0.6294	 1.1107	 2036.8	 1757.8	 0.111223	 0.097271	 0.0252	 0.0241	 0.1757	 0.1480	 0.5753	 0.6835	PixelFly	L1.5-	160x 60	1.0216	0.1400	0.0600	20	0	 5	150	 200	200	     0
22/09/18 04:09:32	OT	MIRACH         	 0.6478	 1.1117	 2045.2	 1826.1	 0.142596	 0.084563	 0.0224	 0.0263	 0.1515	 0.1611	 0.6675	 0.6281	PixelFly	L1.5-	160x 60	1.0216	0.1400	0.0600	20	0	 5	150	 200	200	     0
22/09/18 04:10:02	OT	MIRACH         	 0.5353	 1.1126	 2024.3	 1785.6	 0.101200	 0.063262	 0.0236	 0.0239	 0.1861	 0.1918	 0.5431	 0.5275	PixelFly	L1.5-	160x 60	1.0216	0.1400	0.0600	20	0	 5	150	 200	200	     0
22/09/18 04:10:32	OT	MIRACH         	 0.7260	 1.1136	 2041.4	 1760.4	 0.171867	 0.102969	 0.0302	 0.0318	 0.1355	 0.1433	 0.7458	 0.7062	PixelFly	L1.5-	160x 60	1.0216	0.1400	0.0600	20	0	 5	150	 200	200	     0
22/09/18 04:11:02	OT	MIRACH         	 0.6800	 1.1145	 2028.5	 1801.6	 0.145990	 0.097750	 0.0208	 0.0226	 0.1496	 0.1479	 0.6759	 0.6841	PixelFly	L1.5-	160x 60	1.0216	0.1400	0.0600	20	0	 5	150	 200	200	     0
22/09/18 04:11:32	OT	MIRACH         	 0.6454	 1.1155	 2035.4	 1794.1	 0.133051	 0.090247	 0.0191	 0.0181	 0.1582	 0.1552	 0.6390	 0.6518	PixelFly	L1.5-	160x 60	1.0216	0.1400	0.0600	20	0	 5	150	 200	200	     0
22/09/18 04:12:02	OT	MIRACH         	 0.6617	 1.1165	 2006.0	 1780.9	 0.137536	 0.095032	 0.0211	 0.0204	 0.1552	 0.1506	 0.6515	 0.6719	PixelFly	L1.5-	160x 60	1.0216	0.1400	0.0600	20	0	 5	150	 200	200	     0
22/09/18 04:12:32	OT	MIRACH         	 0.6293	 1.1175	 2042.9	 1806.8	 0.134691	 0.082192	 0.0220	 0.0243	 0.1572	 0.1644	 0.6430	 0.6156	PixelFly	L1.5-	160x 60	1.0216	0.1400	0.0600	20	0	 5	150	 200	200	     0
22/09/18 04:13:02	OT	MIRACH         	 0.6145	 1.1184	 2039.7	 1816.8	 0.123975	 0.082705	 0.0203	 0.0196	 0.1653	 0.1638	 0.6115	 0.6175	PixelFly	L1.5-	160x 60	1.0216	0.1400	0.0600	20	0	 5	150	 200	200	     0
22/09/18 04:13:32	OT	MIRACH         	 0.6329	 1.1194	 2047.9	 1791.9	 0.101582	 0.107794	 0.0214	 0.0134	 0.1864	 0.1398	 0.5423	 0.7236	PixelFly	L1.5-	160x 60	1.0216	0.1400	0.0600	20	0	 5	150	 200	200	    50
22/09/18 04:14:02	OT	MIRACH         	 0.6736	 1.1204	 2004.2	 1799.5	 0.137265	 0.101570	 0.0171	 0.0223	 0.1557	 0.1450	 0.6493	 0.6978	PixelFly	L1.5-	160x 60	1.0216	0.1400	0.0600	20	0	 5	150	 200	200	     0
22/09/18 04:14:32	OT	MIRACH         	 0.6660	 1.1214	 2033.7	 1761.1	 0.160875	 0.083097	 0.0233	 0.0214	 0.1416	 0.1636	 0.7138	 0.6183	PixelFly	L1.5-	160x 60	1.0216	0.1400	0.0600	20	0	 5	150	 200	200	     0
22/09/18 04:15:02	OT	MIRACH         	 0.6166	 1.1224	 2037.8	 1780.2	 0.135604	 0.076765	 0.0205	 0.0228	 0.1570	 0.1717	 0.6439	 0.5893	PixelFly	L1.5-	160x 60	1.0216	0.1400	0.0600	20	0	 5	150	 200	200	     0
22/09/18 04:15:32	OT	MIRACH         	 0.4980	 1.1235	 2041.3	 1813.3	 0.093736	 0.054646	 0.0219	 0.0245	 0.1960	 0.2107	 0.5156	 0.4803	PixelFly	L1.5-	160x 60	1.0216	0.1400	0.0600	20	0	 5	150	 200	200	     0
22/09/18 04:16:02	OT	MIRACH         	 0.4746	 1.1245	 2045.7	 1806.8	 0.081723	 0.053609	 0.0277	 0.0235	 0.2130	 0.2132	 0.4747	 0.4746	PixelFly	L1.5-	160x 60	1.0216	0.1400	0.0600	20	0	 5	150	 200	200	     0
22/09/18 04:16:32	OT	MIRACH         	 0.4053	 1.1255	 2066.6	 1790.4	 0.057763	 0.044720	 0.0201	 0.0262	 0.2624	 0.2378	 0.3852	 0.4254	PixelFly	L1.5-	160x 60	1.0216	0.1400	0.0600	20	0	 5	150	 200	200	     0
22/09/18 04:17:02	OT	MIRACH         	 0.5635	 1.1265	 2089.3	 1789.7	 0.113960	 0.068279	 0.0197	 0.0258	 0.1746	 0.1846	 0.5788	 0.5481	PixelFly	L1.5-	160x 60	1.0216	0.1400	0.0600	20	0	 5	150	 200	200	     0
22/09/18 04:17:32	OT	MIRACH         	 0.6219	 1.1276	 1999.8	 1835.3	 0.106921	 0.099607	 0.0287	 0.0292	 0.1816	 0.1473	 0.5568	 0.6871	PixelFly	L1.5-	160x 60	1.0216	0.1400	0.0600	20	0	 5	150	 200	200	     0
22/09/18 04:18:02	OT	MIRACH         	 0.5922	 1.1286	 2088.0	 1762.1	 0.107680	 0.085285	 0.0260	 0.0245	 0.1809	 0.1617	 0.5589	 0.6256	PixelFly	L1.5-	160x 60	1.0216	0.1400	0.0600	20	0	 5	150	 200	200	     0
22/09/18 04:18:32	OT	MIRACH         	 0.5973	 1.1296	 2037.7	 1820.9	 0.119083	 0.079914	 0.0271	 0.0287	 0.1704	 0.1683	 0.5933	 0.6013	PixelFly	L1.5-	160x 60	1.0216	0.1400	0.0600	20	0	 5	150	 200	200	     0
22/09/18 04:19:02	OT	MIRACH         	 0.5520	 1.1307	 2035.6	 1832.2	 0.101360	 0.072214	 0.0180	 0.0221	 0.1878	 0.1789	 0.5383	 0.5656	PixelFly	L1.5-	160x 60	1.0216	0.1400	0.0600	20	0	 5	150	 200	200	     0
22/09/18 04:19:32	OT	MIRACH         	 0.6418	 1.1318	 2070.5	 1808.3	 0.130044	 0.093198	 0.0212	 0.0223	 0.1618	 0.1536	 0.6248	 0.6587	PixelFly	L1.5-	160x 60	1.0216	0.1400	0.0600	20	0	 5	150	 200	200	     0
22/09/18 04:20:02	OT	MIRACH         	 0.7446	 1.1328	 2040.2	 1841.8	 0.179783	 0.110931	 0.0279	 0.0253	 0.1333	 0.1384	 0.7584	 0.7309	PixelFly	L1.5-	160x 60	1.0216	0.1400	0.0600	20	0	 5	150	 200	199	     0
22/09/18 04:20:32	OT	MIRACH         	 0.6518	 1.1339	 2061.4	 1810.0	 0.129139	 0.098961	 0.0186	 0.0214	 0.1627	 0.1483	 0.6215	 0.6821	PixelFly	L1.5-	160x 60	1.0216	0.1400	0.0600	20	0	 5	150	 200	200	     0
22/09/18 04:21:02	OT	MIRACH         	 0.6630	 1.1350	 2002.0	 1776.3	 0.132813	 0.102040	 0.0219	 0.0250	 0.1600	 0.1457	 0.6317	 0.6944	PixelFly	L1.5-	160x 60	1.0216	0.1400	0.0600	20	0	 5	150	 200	200	     0
22/09/18 04:21:32	OT	MIRACH         	 0.6588	 1.1360	 2036.0	 1798.0	 0.148259	 0.089911	 0.0211	 0.0204	 0.1499	 0.1573	 0.6744	 0.6432	PixelFly	L1.5-	160x 60	1.0216	0.1400	0.0600	20	0	 5	150	 200	200	     0
22/09/18 04:22:02	OT	MIRACH         	 0.6279	 1.1371	 2050.3	 1826.7	 0.137122	 0.082976	 0.0188	 0.0206	 0.1572	 0.1652	 0.6432	 0.6126	PixelFly	L1.5-	160x 60	1.0216	0.1400	0.0600	20	0	 5	150	 200	200	     0
22/09/18 04:22:32	OT	MIRACH         	 0.5384	 1.1382	 2081.3	 1803.4	 0.103839	 0.065792	 0.0242	 0.0265	 0.1858	 0.1899	 0.5440	 0.5327	PixelFly	L1.5-	160x 60	1.0216	0.1400	0.0600	20	0	 5	150	 200	200	     0
22/09/18 04:23:02	OT	MIRACH         	 0.5206	 1.1393	 2048.3	 1787.3	 0.097471	 0.062812	 0.0229	 0.0157	 0.1931	 0.1954	 0.5235	 0.5178	PixelFly	L1.5-	160x 60	1.0216	0.1400	0.0600	20	0	 5	150	 200	200	     0
22/09/18 04:23:32	OT	MIRACH         	 0.5743	 1.1404	 1993.8	 1807.6	 0.107163	 0.079225	 0.0160	 0.0170	 0.1825	 0.1701	 0.5538	 0.5948	PixelFly	L1.5-	160x 60	1.0216	0.1400	0.0600	20	0	 5	150	 200	200	     0
22/09/18 04:24:02	OT	MIRACH         	 0.6441	 1.1415	 2038.9	 1785.6	 0.138771	 0.090055	 0.0190	 0.0231	 0.1564	 0.1576	 0.6463	 0.6420	PixelFly	L1.5-	160x 60	1.0216	0.1400	0.0600	20	0	 5	150	 200	200	     0
22/09/18 04:24:32	OT	MIRACH         	 0.6013	 1.1427	 2038.1	 1781.6	 0.112032	 0.088419	 0.0177	 0.0203	 0.1779	 0.1594	 0.5681	 0.6346	PixelFly	L1.5-	160x 60	1.0216	0.1400	0.0600	20	0	 5	150	 200	200	     0
22/09/18 04:25:02	OT	MIRACH         	 0.6771	 1.1438	 2029.3	 1787.2	 0.147531	 0.100427	 0.0254	 0.0258	 0.1509	 0.1478	 0.6697	 0.6846	PixelFly	L1.5-	160x 60	1.0216	0.1400	0.0600	20	0	 5	150	 200	200	     0
22/09/18 04:25:32	OT	MIRACH         	 0.5884	 1.1449	 2048.7	 1827.7	 0.115311	 0.080583	 0.0225	 0.0202	 0.1751	 0.1688	 0.5773	 0.5995	PixelFly	L1.5-	160x 60	1.0216	0.1400	0.0600	20	0	 5	150	 200	200	     0
22/09/18 04:26:02	OT	MIRACH         	 0.4684	 1.1460	 2054.6	 1785.0	 0.082174	 0.052998	 0.0195	 0.0195	 0.2147	 0.2171	 0.4708	 0.4660	PixelFly	L1.5-	160x 60	1.0216	0.1400	0.0600	20	0	 5	150	 200	200	     0
22/09/18 04:26:32	OT	MIRACH         	 0.5376	 1.1472	 2036.0	 1812.6	 0.080662	 0.083064	 0.0202	 0.0249	 0.2172	 0.1659	 0.4653	 0.6098	PixelFly	L1.5-	160x 60	1.0216	0.1400	0.0600	20	0	 5	150	 200	200	    50
22/09/18 04:27:02	OT	MIRACH         	 0.5374	 1.1483	 2030.3	 1796.7	 0.098443	 0.070166	 0.0239	 0.0236	 0.1929	 0.1837	 0.5241	 0.5508	PixelFly	L1.5-	160x 60	1.0216	0.1400	0.0600	20	0	 5	150	 200	200	     0
22/09/18 04:27:32	OT	MIRACH         	 0.6225	 1.1495	 2032.9	 1797.3	 0.128627	 0.087897	 0.0291	 0.0234	 0.1644	 0.1606	 0.6150	 0.6301	PixelFly	L1.5-	160x 60	1.0216	0.1400	0.0600	20	0	 5	150	 200	199	     0
22/09/18 04:28:02	OT	MIRACH         	 0.6025	 1.1506	 2084.1	 1778.1	 0.130330	 0.077857	 0.0251	 0.0247	 0.1632	 0.1728	 0.6195	 0.5855	PixelFly	L1.5-	160x 60	1.0216	0.1400	0.0600	20	0	 5	150	 200	200	     0
22/09/18 04:28:32	OT	MIRACH         	 0.5383	 1.1518	 2024.5	 1755.5	 0.103984	 0.067256	 0.0262	 0.0262	 0.1870	 0.1888	 0.5406	 0.5360	PixelFly	L1.5-	160x 60	1.0216	0.1400	0.0600	20	0	 5	150	 200	200	     0
22/09/18 04:29:02	OT	MIRACH         	 0.5519	 1.1530	 2079.9	 1769.7	 0.106487	 0.071527	 0.0287	 0.0311	 0.1844	 0.1820	 0.5481	 0.5558	PixelFly	L1.5-	160x 60	1.0216	0.1400	0.0600	20	0	 5	150	 200	200	     0
22/09/18 04:29:32	OT	MIRACH         	 0.5651	 1.1541	 2047.8	 1773.8	 0.090716	 0.088841	 0.0243	 0.0250	 0.2032	 0.1599	 0.4975	 0.6326	PixelFly	L1.5-	160x 60	1.0216	0.1400	0.0600	20	0	 5	150	 200	200	    50
22/09/18 04:30:02	OT	MIRACH         	 0.6708	 1.1553	 2059.5	 1774.2	 0.138305	 0.105595	 0.0230	 0.0201	 0.1579	 0.1443	 0.6404	 0.7013	PixelFly	L1.5-	160x 60	1.0216	0.1400	0.0600	20	0	 5	150	 200	200	     0
22/09/18 04:30:03	OT	MIRACH         	 0.0000	 1.1554	    0.0	    0.0	-0.000000	-0.000000	    0.0	    0.0	    0.0	    0.0	 0.0000	 0.0000	PixelFly	L1.5-	160x 60	1.0216	0.1400	0.0600	20	0	 5	150	 200	  0	    31
22/09/18 05:46:54	OT	ALDEBARAN      	 0.5846	 1.0223	 6216.6	 5383.3	 0.106640	 0.068004	 0.0197	 0.0180	 0.1714	 0.1746	 0.5896	 0.5796	PixelFly	L1.5-	160x 60	1.0216	0.1400	0.0600	20	0	 5	150	 200	195	     0
22/09/18 05:47:24	OT	ALDEBARAN      	 0.6078	 1.0223	 6237.8	 5458.1	 0.106975	 0.077099	 0.0193	 0.0189	 0.1711	 0.1619	 0.5907	 0.6249	PixelFly	L1.5-	160x 60	1.0216	0.1400	0.0600	20	0	 5	150	 200	200	     0
22/09/18 05:47:54	OT	ALDEBARAN      	 0.5422	 1.0224	 6252.2	 5393.7	 0.094720	 0.059570	 0.0157	 0.0169	 0.1841	 0.1890	 0.5491	 0.5352	PixelFly	L1.5-	160x 60	1.0216	0.1400	0.0600	20	0	 5	150	 200	200	     0
22/09/18 05:48:24	OT	ALDEBARAN      	 0.6542	 1.0225	 6189.2	 5475.8	 0.121824	 0.086581	 0.0138	 0.0168	 0.1583	 0.1511	 0.6385	 0.6698	PixelFly	L1.5-	160x 60	1.0216	0.1400	0.0600	20	0	 5	150	 200	200	     0
22/09/18 05:48:54	OT	ALDEBARAN      	 0.6683	 1.0226	 6106.3	 5428.8	 0.117681	 0.095684	 0.0157	 0.0170	 0.1616	 0.1423	 0.6254	 0.7112	PixelFly	L1.5-	160x 60	1.0216	0.1400	0.0600	20	0	 5	150	 200	200	     0
22/09/18 05:49:24	OT	ALDEBARAN      	 0.7726	 1.0227	 6237.7	 5472.2	 0.172227	 0.106732	 0.0173	 0.0168	 0.1286	 0.1332	 0.7859	 0.7594	PixelFly	L1.5-	160x 60	1.0216	0.1400	0.0600	20	0	 5	150	 200	200	     0
22/09/18 05:49:54	OT	ALDEBARAN      	 0.5756	 1.0228	 6160.0	 5308.3	 0.101674	 0.067834	 0.0169	 0.0199	 0.1765	 0.1749	 0.5728	 0.5785	PixelFly	L1.5-	160x 60	1.0216	0.1400	0.0600	20	0	 5	150	 200	200	     0
22/09/18 05:50:24	OT	ALDEBARAN      	 0.5799	 1.0229	 6251.7	 5415.6	 0.099900	 0.070693	 0.0156	 0.0163	 0.1784	 0.1706	 0.5667	 0.5930	PixelFly	L1.5-	160x 60	1.0216	0.1400	0.0600	20	0	 5	150	 200	200	     0
22/09/18 05:50:54	OT	ALDEBARAN      	 0.7235	 1.0230	 6179.2	 5449.2	 0.153091	 0.096540	 0.0129	 0.0172	 0.1381	 0.1415	 0.7321	 0.7148	PixelFly	L1.5-	160x 60	1.0216	0.1400	0.0600	20	0	 5	150	 200	200	     0
22/09/18 05:51:24	OT	ALDEBARAN      	 0.6189	 1.0231	 6106.5	 5571.9	 0.119488	 0.073478	 0.0162	 0.0147	 0.1602	 0.1667	 0.6309	 0.6068	PixelFly	L1.5-	160x 60	1.0216	0.1400	0.0600	20	0	 5	150	 200	200	     0
22/09/18 05:51:54	OT	ALDEBARAN      	 0.6478	 1.0232	 6188.8	 5437.1	 0.128015	 0.079902	 0.0157	 0.0185	 0.1537	 0.1586	 0.6575	 0.6381	PixelFly	L1.5-	160x 60	1.0216	0.1400	0.0600	20	0	 5	150	 200	199	     0
22/09/18 05:52:24	OT	ALDEBARAN      	 0.5271	 1.0234	 6191.9	 5487.5	 0.084911	 0.060559	 0.0184	 0.0196	 0.1967	 0.1873	 0.5139	 0.5403	PixelFly	L1.5-	160x 60	1.0216	0.1400	0.0600	20	0	 5	150	 200	200	     0
22/09/18 05:52:54	OT	ALDEBARAN      	 0.6393	 1.0235	 6210.1	 5483.5	 0.144541	 0.066518	 0.0183	 0.0163	 0.1430	 0.1770	 0.7071	 0.5715	PixelFly	L1.5-	160x 60	1.0216	0.1400	0.0600	20	0	 5	150	 200	200	    50
22/09/18 05:53:24	OT	ALDEBARAN      	 0.7164	 1.0236	 6240.0	 5483.3	 0.134640	 0.105881	 0.0173	 0.0183	 0.1492	 0.1340	 0.6776	 0.7553	PixelFly	L1.5-	160x 60	1.0216	0.1400	0.0600	20	0	 5	150	 200	200	     0
22/09/18 05:53:54	OT	ALDEBARAN      	 0.5489	 1.0237	 6231.6	 5445.1	 0.093802	 0.062870	 0.0179	 0.0145	 0.1853	 0.1832	 0.5454	 0.5524	PixelFly	L1.5-	160x 60	1.0216	0.1400	0.0600	20	0	 5	150	 200	200	     0
22/09/18 05:54:24	OT	ALDEBARAN      	 0.7507	 1.0239	 6134.6	 5482.8	 0.146420	 0.113894	 0.0239	 0.0176	 0.1419	 0.1282	 0.7124	 0.7890	PixelFly	L1.5-	160x 60	1.0216	0.1400	0.0600	20	0	 5	150	 200	200	     0
22/09/18 05:54:54	OT	ALDEBARAN      	 0.6187	 1.0240	 6121.9	 5472.2	 0.110774	 0.079307	 0.0217	 0.0196	 0.1678	 0.1594	 0.6026	 0.6349	PixelFly	L1.5-	160x 60	1.0216	0.1400	0.0600	20	0	 5	150	 200	200	     0
22/09/18 05:55:24	OT	ALDEBARAN      	 0.5876	 1.0242	 6187.3	 5373.6	 0.114708	 0.064327	 0.0157	 0.0200	 0.1643	 0.1807	 0.6153	 0.5599	PixelFly	L1.5-	160x 60	1.0216	0.1400	0.0600	20	0	 5	150	 200	200	     0
22/09/18 05:55:54	OT	ALDEBARAN      	 0.6111	 1.0243	 6229.9	 5396.0	 0.109617	 0.076956	 0.0189	 0.0188	 0.1688	 0.1623	 0.5987	 0.6234	PixelFly	L1.5-	160x 60	1.0216	0.1400	0.0600	20	0	 5	150	 200	200	     0
22/09/18 05:56:24	OT	ALDEBARAN      	 0.6510	 1.0245	 6314.7	 5460.1	 0.135534	 0.076679	 0.0197	 0.0234	 0.1487	 0.1627	 0.6799	 0.6220	PixelFly	L1.5-	160x 60	1.0216	0.1400	0.0600	20	0	 5	150	 200	200	     0
22/09/18 05:56:54	OT	ALDEBARAN      	 0.4784	 1.0246	 6153.9	 5507.5	 0.086898	 0.042439	 0.0209	 0.0189	 0.1941	 0.2320	 0.5207	 0.4361	PixelFly	L1.5-	160x 60	1.0216	0.1400	0.0600	20	0	 5	150	 200	200	     0
22/09/18 05:57:24	OT	ALDEBARAN      	 0.5319	 1.0248	 6257.3	 5483.6	 0.087276	 0.060923	 0.0190	 0.0187	 0.1936	 0.1868	 0.5220	 0.5418	PixelFly	L1.5-	160x 60	1.0216	0.1400	0.0600	20	0	 5	150	 200	200	     0
22/09/18 05:57:54	OT	ALDEBARAN      	 0.5386	 1.0250	 6214.6	 5370.0	 0.089004	 0.062305	 0.0140	 0.0213	 0.1914	 0.1843	 0.5282	 0.5490	PixelFly	L1.5-	160x 60	1.0216	0.1400	0.0600	20	0	 5	150	 200	200	     0
22/09/18 05:58:24	OT	ALDEBARAN      	 0.6645	 1.0251	 6089.2	 5460.5	 0.126905	 0.088069	 0.0183	 0.0188	 0.1547	 0.1497	 0.6534	 0.6757	PixelFly	L1.5-	160x 60	1.0216	0.1400	0.0600	20	0	 5	150	 200	200	     0
22/09/18 05:58:54	OT	ALDEBARAN      	 0.7821	 1.0253	 6188.4	 5458.9	 0.183104	 0.104859	 0.0203	 0.0226	 0.1242	 0.1349	 0.8140	 0.7502	PixelFly	L1.5-	160x 60	1.0216	0.1400	0.0600	20	0	 5	150	 200	200	     0
22/09/18 05:59:24	OT	ALDEBARAN      	 0.7342	 1.0255	 6260.6	 5474.4	 0.164865	 0.094362	 0.0174	 0.0190	 0.1323	 0.1437	 0.7643	 0.7041	PixelFly	L1.5-	160x 60	1.0216	0.1400	0.0600	20	0	 5	150	 200	200	     0
22/09/18 05:59:54	OT	ALDEBARAN      	 0.6828	 1.0257	 6211.2	 5391.7	 0.130085	 0.094048	 0.0249	 0.0224	 0.1525	 0.1440	 0.6629	 0.7026	PixelFly	L1.5-	160x 60	1.0216	0.1400	0.0600	20	0	 5	150	 200	200	     0
22/09/18 06:00:24	OT	ALDEBARAN      	 0.6312	 1.0259	 6237.4	 5451.5	 0.100593	 0.092227	 0.0222	 0.0173	 0.1779	 0.1457	 0.5681	 0.6943	PixelFly	L1.5-	160x 60	1.0216	0.1400	0.0600	20	0	 5	150	 200	200	     0
22/09/18 06:00:54	OT	ALDEBARAN      	 0.6840	 1.0261	 6227.5	 5537.8	 0.125880	 0.097558	 0.0136	 0.0150	 0.1556	 0.1409	 0.6498	 0.7181	PixelFly	L1.5-	160x 60	1.0216	0.1400	0.0600	20	0	 5	150	 200	200	     0
22/09/18 06:01:24	OT	ALDEBARAN      	 0.6477	 1.0263	 6086.4	 5455.7	 0.159421	 0.061940	 0.0147	 0.0157	 0.1350	 0.1851	 0.7487	 0.5467	PixelFly	L1.5-	160x 60	1.0216	0.1400	0.0600	20	0	 5	150	 200	200	    50
22/09/18 06:01:44	OT	ALDEBARAN      	 0.7639	 1.0264	 6253.1	 5493.5	 0.173811	 0.102450	 0.0191	 0.0171	 0.1282	 0.1369	 0.7885	 0.7393	PixelFly	L1.5-	160x 60	1.0216	0.1400	0.0600	20	0	 5	150	 200	127	    99
