Fecha Hora	Ubicacion	Objeto	Seeing	Maire	Flujo 1	Flujo 2	Var l	Var t	Centelleo 1	Centelleo 2	r0l	r0t	fwhml	fwmlt	CCD	Software	Ventana	EscalaPlaca	Distancia	Diametro	WinSpot	Gain	Texp	Sampling	N	Muestras	Return	Pack
17/10/18 22:33:11	 OT	Mirach         	 0.0000	 1.1232	    0.0	    0.0	 0.000000	 0.000000	 0.0000	 0.0000	 0.0000	 0.0000	 0.0000	 0.0000	PixelFly  	L1.5-	160x60	1.0369	0.1400	0.0600	20	0	 5	150	 200	189	    17
17/10/18 22:34:59	 OT	Mirach         	 0.7116	 1.1133	 1547.2	 1376.3	 0.155710	 0.100235	 0.0000	 0.0000	 0.1324	 0.1341	 8.8219	 8.7209	PixelFly  	L1.5-	160x60	1.0369	0.1400	0.0600	20	0	 5	150	 200	200	     0
17/10/18 22:36:45	 OT	Mirach         	 0.6657	 1.1133	 1645.6	 1449.9	 0.152747	 0.081305	 0.0000	 0.0000	 0.1340	 0.1520	 8.7208	 7.6917	PixelFly  	L1.5-	160x60	1.0369	0.1400	0.0600	20	0	 5	150	 200	200	     0
17/10/18 22:38:22	 OT	Mirach         	 0.8710	 1.1133	 1677.6	 1419.8	 0.231370	 0.131945	 0.0000	 0.0000	 0.1044	 0.1137	11.1881	10.2846	PixelFly  	L1.5-	160x60	1.0369	0.1400	0.0600	20	0	 5	150	 200	200	     0
17/10/18 22:39:43	 OT	Mirach         	 0.5636	 1.1040	 1743.7	 1511.4	 0.116532	 0.060026	 0.0000	 0.0000	 0.1576	 0.1824	 7.4138	 6.4114	PixelFly  	L1.5-	160x60	1.0369	0.1400	0.0600	20	0	 5	150	 200	200	     0
17/10/18 22:40:42	 OT	Mirach         	 0.5771	 1.1040	 1719.8	 1478.0	 0.117348	 0.064780	 0.0000	 0.0000	 0.1569	 0.1742	 7.4449	 6.7114	PixelFly  	L1.5-	160x60	1.0369	0.1400	0.0600	20	0	 5	150	 200	200	     0
17/10/18 22:41:41	 OT	Mirach         	 0.6857	 1.1040	 1688.5	 1465.6	 0.140689	 0.096397	 0.0000	 0.0000	 0.1408	 0.1373	 8.3010	 8.5190	PixelFly  	L1.5-	160x60	1.0369	0.1400	0.0600	20	0	 5	150	 200	200	     0
17/10/18 22:42:40	 OT	Mirach         	 0.6865	 1.1040	 1551.5	 1391.2	 0.165052	 0.081512	 0.0000	 0.0000	 0.1279	 0.1518	 9.1358	 7.7034	PixelFly  	L1.5-	160x60	1.0369	0.1400	0.0600	20	0	 5	150	 200	200	     0
17/10/18 22:43:40	 OT	Mirach         	 0.6297	 1.0952	 1594.6	 1422.6	 0.135214	 0.073974	 0.0000	 0.0000	 0.1441	 0.1609	 8.1056	 7.2677	PixelFly  	L1.5-	160x60	1.0369	0.1400	0.0600	20	0	 5	150	 200	200	     0
17/10/18 22:44:40	 OT	Mirach         	 0.6075	 1.0952	 1670.1	 1459.2	 0.126765	 0.070040	 0.0000	 0.0000	 0.1498	 0.1663	 7.7978	 7.0333	PixelFly  	L1.5-	160x60	1.0369	0.1400	0.0600	20	0	 5	150	 200	200	     0
17/10/18 22:45:40	 OT	Mirach         	 0.5498	 1.0952	 1764.8	 1525.9	 0.116967	 0.053624	 0.0000	 0.0000	 0.1572	 0.1952	 7.4304	 5.9919	PixelFly  	L1.5-	160x60	1.0369	0.1400	0.0600	20	0	 5	150	 200	200	     0
17/10/18 22:46:40	 OT	Mirach         	 0.6245	 1.0952	 1757.9	 1536.7	 0.126789	 0.077028	 0.0000	 0.0000	 0.1498	 0.1571	 7.7987	 7.4463	PixelFly  	L1.5-	160x60	1.0369	0.1400	0.0600	20	0	 5	150	 200	200	     0
17/10/18 22:53:56	 OT	Mirach         	 0.0000	 1.0869	    0.0	    0.0	 0.000000	 0.000000	 0.0000	 0.0000	 0.0000	 0.0000	 0.0000	 0.0000	PixelFly  	L1.5-	160x60	1.0369	0.1400	0.0600	20	0	 5	150	 200	189	    17
17/10/18 22:54:51	 OT	Mirach         	 0.7677	 1.0791	 1513.4	 1351.3	 0.167864	 0.112488	 0.0000	 0.0000	 0.1266	 0.1251	 9.2289	 9.3457	PixelFly  	L1.5-	160x60	1.0369	0.1400	0.0600	20	0	 5	150	 200	200	     0
17/10/18 22:55:52	 OT	Mirach         	 0.7305	 1.0791	 1569.8	 1387.6	 0.142391	 0.111874	 0.0000	 0.0000	 0.1397	 0.1255	 8.3611	 9.3151	PixelFly  	L1.5-	160x60	1.0369	0.1400	0.0600	20	0	 5	150	 200	200	     0
17/10/18 22:56:51	 OT	Mirach         	 0.6903	 1.0791	 1518.5	 1293.6	 0.126345	 0.104064	 0.0000	 0.0000	 0.1501	 0.1311	 7.7823	 8.9193	PixelFly  	L1.5-	160x60	1.0369	0.1400	0.0600	20	0	 5	150	 200	200	     0
17/10/18 22:57:50	 OT	Mirach         	 0.6857	 1.0791	 1432.5	 1247.9	 0.143144	 0.090542	 0.0000	 0.0000	 0.1393	 0.1425	 8.3876	 8.2046	PixelFly  	L1.5-	160x60	1.0369	0.1400	0.0600	20	0	 5	150	 200	200	     0
17/10/18 22:58:50	 OT	Mirach         	 0.6453	 1.0717	 1339.4	 1138.3	 0.110578	 0.093516	 0.0000	 0.0000	 0.1626	 0.1398	 7.1841	 8.3653	PixelFly  	L1.5-	160x60	1.0369	0.1400	0.0600	20	0	 5	150	 200	200	     0
17/10/18 22:59:49	 OT	Mirach         	 0.5976	 1.0717	 1319.7	 1132.1	 0.113047	 0.071506	 0.0000	 0.0000	 0.1605	 0.1642	 7.2800	 7.1212	PixelFly  	L1.5-	160x60	1.0369	0.1400	0.0600	20	0	 5	150	 200	200	     0
17/10/18 23:00:48	 OT	Mirach         	 0.5785	 1.0717	 1345.9	 1154.5	 0.113071	 0.063937	 0.0000	 0.0000	 0.1605	 0.1756	 7.2809	 6.6589	PixelFly  	L1.5-	160x60	1.0369	0.1400	0.0600	20	0	 5	150	 200	200	     0
17/10/18 23:01:46	 OT	Mirach         	 0.6266	 1.0717	 1312.4	 1158.8	 0.125851	 0.075132	 0.0000	 0.0000	 0.1505	 0.1594	 7.7640	 7.3358	PixelFly  	L1.5-	160x60	1.0369	0.1400	0.0600	20	0	 5	150	 200	200	     0
17/10/18 23:02:45	 OT	Mirach         	 0.5981	 1.0717	 1196.7	 1058.9	 0.112207	 0.072251	 0.0000	 0.0000	 0.1612	 0.1632	 7.2475	 7.1657	PixelFly  	L1.5-	160x60	1.0369	0.1400	0.0600	20	0	 5	150	 200	200	     0
17/10/18 23:03:51	 OT	Mirach         	 0.7648	 1.0648	 1163.2	  994.4	 0.167281	 0.108575	 0.0000	 0.0000	 0.1269	 0.1278	 9.2096	 9.1493	PixelFly  	L1.5-	160x60	1.0369	0.1400	0.0600	20	0	 5	150	 200	200	     0
17/10/18 23:04:50	 OT	Mirach         	 0.7495	 1.0648	 1139.5	  947.9	 0.160791	 0.105576	 0.0000	 0.0000	 0.1299	 0.1300	 8.9935	 8.9968	PixelFly  	L1.5-	160x60	1.0369	0.1400	0.0600	20	0	 5	150	 200	200	     0
17/10/18 23:05:49	 OT	Mirach         	 0.5937	 1.0648	 1238.9	 1038.4	 0.110820	 0.070459	 0.0000	 0.0000	 0.1624	 0.1657	 7.1935	 7.0585	PixelFly  	L1.5-	160x60	1.0369	0.1400	0.0600	20	0	 5	150	 200	200	     0
17/10/18 23:13:39	 OT	Hamal          	 0.7715	 1.1779	 1033.3	  978.9	 0.186816	 0.122463	 0.0000	 0.0000	 0.1187	 0.1189	 9.8406	 9.8345	PixelFly  	L1.5-	160x60	1.0369	0.1400	0.0600	20	0	 5	150	 200	200	     0
17/10/18 23:14:38	 OT	Hamal          	 0.8876	 1.1642	 1030.4	  923.4	 0.237778	 0.149946	 0.0000	 0.0000	 0.1027	 0.1053	11.3730	11.1048	PixelFly  	L1.5-	160x60	1.0369	0.1400	0.0600	20	0	 5	150	 200	200	     0
17/10/18 23:15:48	 OT	Hamal          	 0.9339	 1.1642	 1061.3	  919.9	 0.273061	 0.154176	 0.0000	 0.0000	 0.0945	 0.1036	12.3575	11.2917	PixelFly  	L1.5-	160x60	1.0369	0.1400	0.0600	20	0	 5	150	 200	200	     0
17/10/18 23:16:47	 OT	Hamal          	 0.7619	 1.1642	 1086.4	  970.8	 0.204539	 0.103737	 0.0000	 0.0000	 0.1124	 0.1314	10.3906	 8.9024	PixelFly  	L1.5-	160x60	1.0369	0.1400	0.0600	20	0	 5	150	 200	200	     0
17/10/18 23:17:46	 OT	Hamal          	 0.6656	 1.1642	 1093.2	  976.9	 0.147240	 0.092742	 0.0000	 0.0000	 0.1370	 0.1405	 8.5308	 8.3237	PixelFly  	L1.5-	160x60	1.0369	0.1400	0.0600	20	0	 5	150	 200	200	     0
17/10/18 23:18:45	 OT	Hamal          	 0.7649	 1.1512	 1109.2	  974.3	 0.197387	 0.107002	 0.0000	 0.0000	 0.1149	 0.1289	10.1710	 9.0695	PixelFly  	L1.5-	160x60	1.0369	0.1400	0.0600	20	0	 5	150	 200	200	     0
17/10/18 23:19:44	 OT	Hamal          	 0.8826	 1.1512	 1092.3	  993.0	 0.244190	 0.139742	 0.0000	 0.0000	 0.1011	 0.1099	11.5561	10.6450	PixelFly  	L1.5-	160x60	1.0369	0.1400	0.0600	20	0	 5	150	 200	200	     0
17/10/18 23:20:42	 OT	Hamal          	 0.8098	 1.1512	 1136.4	 1028.9	 0.199665	 0.128587	 0.0000	 0.0000	 0.1141	 0.1155	10.2413	10.1267	PixelFly  	L1.5-	160x60	1.0369	0.1400	0.0600	20	0	 5	150	 200	200	     0
17/10/18 23:21:41	 OT	Hamal          	 0.7575	 1.1512	 1167.8	 1045.5	 0.198421	 0.102742	 0.0000	 0.0000	 0.1145	 0.1321	10.2029	 8.8511	PixelFly  	L1.5-	160x60	1.0369	0.1400	0.0600	20	0	 5	150	 200	200	     0
17/10/18 23:22:40	 OT	Hamal          	 0.7097	 1.1512	 1091.7	 1006.5	 0.167030	 0.098863	 0.0000	 0.0000	 0.1270	 0.1352	 9.2013	 8.6491	PixelFly  	L1.5-	160x60	1.0369	0.1400	0.0600	20	0	 5	150	 200	200	     0
17/10/18 23:23:51	 OT	Hamal          	 0.7066	 1.1389	 1119.9	 1009.0	 0.153636	 0.103845	 0.0000	 0.0000	 0.1335	 0.1313	 8.7512	 8.9080	PixelFly  	L1.5-	160x60	1.0369	0.1400	0.0600	20	0	 5	150	 200	200	     0
17/10/18 23:24:50	 OT	Hamal          	 0.6879	 1.1389	 1052.4	  945.7	 0.158222	 0.092019	 0.0000	 0.0000	 0.1312	 0.1412	 8.9070	 8.2847	PixelFly  	L1.5-	160x60	1.0369	0.1400	0.0600	20	0	 5	150	 200	200	     0
17/10/18 23:25:48	 OT	Hamal          	 0.7426	 1.1389	 1053.2	  947.8	 0.181527	 0.103421	 0.0000	 0.0000	 0.1208	 0.1316	 9.6725	 8.8862	PixelFly  	L1.5-	160x60	1.0369	0.1400	0.0600	20	0	 5	150	 200	200	     0
17/10/18 23:26:50	 OT	Hamal          	 0.7282	 1.1389	  987.4	  893.0	 0.163423	 0.107953	 0.0000	 0.0000	 0.1287	 0.1283	 9.0816	 9.1178	PixelFly  	L1.5-	160x60	1.0369	0.1400	0.0600	20	0	 5	150	 200	200	     0
17/10/18 23:27:48	 OT	Hamal          	 0.8060	 1.1389	 1022.1	  913.0	 0.221450	 0.110489	 0.0000	 0.0000	 0.1072	 0.1265	10.8978	 9.2457	PixelFly  	L1.5-	160x60	1.0369	0.1400	0.0600	20	0	 5	150	 200	200	     0
17/10/18 23:28:46	 OT	Hamal          	 0.6099	 1.1273	 1143.7	 1024.2	 0.143996	 0.065114	 0.0000	 0.0000	 0.1388	 0.1737	 8.4175	 6.7321	PixelFly  	L1.5-	160x60	1.0369	0.1400	0.0600	20	0	 5	150	 200	200	     0
17/10/18 23:29:44	 OT	Hamal          	 0.6968	 1.1273	 1143.5	 1006.8	 0.170783	 0.086509	 0.0000	 0.0000	 0.1253	 0.1465	 9.3248	 7.9833	PixelFly  	L1.5-	160x60	1.0369	0.1400	0.0600	20	0	 5	150	 200	200	     0
17/10/18 23:30:41	 OT	Hamal          	 0.5885	 1.1273	 1243.4	 1085.3	 0.118590	 0.071592	 0.0000	 0.0000	 0.1559	 0.1641	 7.4921	 7.1263	PixelFly  	L1.5-	160x60	1.0369	0.1400	0.0600	20	0	 5	150	 200	200	     0
17/10/18 23:31:40	 OT	Hamal          	 0.5842	 1.1273	 1236.3	 1106.0	 0.120026	 0.068918	 0.0000	 0.0000	 0.1548	 0.1679	 7.5464	 6.9654	PixelFly  	L1.5-	160x60	1.0369	0.1400	0.0600	20	0	 5	150	 200	200	     0
17/10/18 23:32:38	 OT	Hamal          	 0.6634	 1.1273	 1223.8	 1124.9	 0.158112	 0.079252	 0.0000	 0.0000	 0.1312	 0.1544	 8.9033	 7.5745	PixelFly  	L1.5-	160x60	1.0369	0.1400	0.0600	20	0	 5	150	 200	200	     0
17/10/18 23:33:37	 OT	Hamal          	 0.5802	 1.1163	 1245.7	 1092.6	 0.116972	 0.067776	 0.0000	 0.0000	 0.1572	 0.1696	 7.4306	 6.8959	PixelFly  	L1.5-	160x60	1.0369	0.1400	0.0600	20	0	 5	150	 200	200	     0
17/10/18 23:34:36	 OT	Hamal          	 0.6885	 1.1163	 1167.2	 1040.5	 0.145027	 0.096950	 0.0000	 0.0000	 0.1382	 0.1368	 8.4536	 8.5483	PixelFly  	L1.5-	160x60	1.0369	0.1400	0.0600	20	0	 5	150	 200	200	     0
17/10/18 23:35:47	 OT	Hamal          	 0.7226	 1.1163	 1247.2	 1121.3	 0.162276	 0.101764	 0.0000	 0.0000	 0.1292	 0.1329	 9.0433	 8.8005	PixelFly  	L1.5-	160x60	1.0369	0.1400	0.0600	20	0	 5	150	 200	200	     0
17/10/18 23:36:45	 OT	Hamal          	 0.7669	 1.1163	 1156.2	 1111.0	 0.180347	 0.111615	 0.0000	 0.0000	 0.1213	 0.1257	 9.6347	 9.3021	PixelFly  	L1.5-	160x60	1.0369	0.1400	0.0600	20	0	 5	150	 200	200	     0
17/10/18 23:37:43	 OT	Hamal          	 0.6982	 1.1163	 1249.2	 1134.1	 0.166822	 0.087670	 0.0000	 0.0000	 0.1271	 0.1453	 9.1945	 8.0475	PixelFly  	L1.5-	160x60	1.0369	0.1400	0.0600	20	0	 5	150	 200	200	     0
17/10/18 23:38:42	 OT	Hamal          	 0.7072	 1.1060	 1264.7	 1125.8	 0.173078	 0.086185	 0.0000	 0.0000	 0.1243	 0.1468	 9.3998	 7.9654	PixelFly  	L1.5-	160x60	1.0369	0.1400	0.0600	20	0	 5	150	 200	200	     0
17/10/18 23:39:40	 OT	Hamal          	 0.7460	 1.1060	 1272.5	 1124.1	 0.181263	 0.098987	 0.0000	 0.0000	 0.1209	 0.1351	 9.6640	 8.6556	PixelFly  	L1.5-	160x60	1.0369	0.1400	0.0600	20	0	 5	150	 200	200	     0
17/10/18 23:40:40	 OT	Hamal          	 0.7097	 1.1060	 1318.2	 1174.3	 0.162727	 0.093566	 0.0000	 0.0000	 0.1290	 0.1398	 9.0583	 8.3680	PixelFly  	L1.5-	160x60	1.0369	0.1400	0.0600	20	0	 5	150	 200	200	     0
17/10/18 23:41:44	 OT	Hamal          	 0.8297	 1.1060	 1462.0	 1267.1	 0.207954	 0.123422	 0.0000	 0.0000	 0.1113	 0.1184	10.4943	 9.8806	PixelFly  	L1.5-	160x60	1.0369	0.1400	0.0600	20	0	 5	150	 200	200	     0
17/10/18 23:42:43	 OT	Hamal          	 0.6231	 1.1060	 1363.2	 1274.0	 0.141441	 0.069054	 0.0000	 0.0000	 0.1403	 0.1677	 8.3276	 6.9737	PixelFly  	L1.5-	160x60	1.0369	0.1400	0.0600	20	0	 5	150	 200	200	     0
17/10/18 23:43:42	 OT	Hamal          	 0.6871	 1.0962	 1397.8	 1181.0	 0.146372	 0.091997	 0.0000	 0.0000	 0.1374	 0.1412	 8.5006	 8.2835	PixelFly  	L1.5-	160x60	1.0369	0.1400	0.0600	20	0	 5	150	 200	200	     0
17/10/18 23:47:25	 OT	Markab         	 0.0000	 1.0786	    0.0	    0.0	 0.000000	 0.000000	 0.0000	 0.0000	 0.0000	 0.0000	 0.0000	 0.0000	PixelFly  	L1.5-	160x60	1.0369	0.1400	0.0600	20	0	 5	150	 200	189	    13
17/10/18 23:48:27	 OT	Markab         	 0.6477	 1.0786	  970.0	  904.6	 0.112805	 0.094127	 0.0000	 0.0000	 0.1607	 0.1393	 7.2706	 8.3980	PixelFly  	L1.5-	160x60	1.0369	0.1400	0.0600	20	0	 5	150	 200	200	     0
17/10/18 23:49:25	 OT	Markab         	 0.7887	 1.0860	 1012.7	  887.2	 0.190727	 0.109463	 0.0000	 0.0000	 0.1173	 0.1272	 9.9637	 9.1941	PixelFly  	L1.5-	160x60	1.0369	0.1400	0.0600	20	0	 5	150	 200	200	     0
17/10/18 23:50:26	 OT	Markab         	 0.7587	 1.0860	 1077.9	  910.9	 0.183263	 0.099829	 0.0000	 0.0000	 0.1201	 0.1344	 9.7279	 8.6997	PixelFly  	L1.5-	160x60	1.0369	0.1400	0.0600	20	0	 5	150	 200	200	     0
17/10/18 23:51:24	 OT	Markab         	 0.7026	 1.0860	  998.1	  942.6	 0.166717	 0.084535	 0.0000	 0.0000	 0.1271	 0.1485	 9.1910	 7.8736	PixelFly  	L1.5-	160x60	1.0369	0.1400	0.0600	20	0	 5	150	 200	200	     0
17/10/18 23:52:22	 OT	Markab         	 0.7061	 1.0860	 1030.8	  951.9	 0.142340	 0.101592	 0.0000	 0.0000	 0.1398	 0.1330	 8.3593	 8.7915	PixelFly  	L1.5-	160x60	1.0369	0.1400	0.0600	20	0	 5	150	 200	200	     0
17/10/18 23:53:28	 OT	Markab         	 0.7079	 1.0860	 1006.7	  893.0	 0.146766	 0.099449	 0.0000	 0.0000	 0.1372	 0.1347	 8.5143	 8.6798	PixelFly  	L1.5-	160x60	1.0369	0.1400	0.0600	20	0	 5	150	 200	200	     0
17/10/18 23:54:26	 OT	Markab         	 0.7099	 1.0939	 1011.4	  877.2	 0.165109	 0.090117	 0.0000	 0.0000	 0.1279	 0.1429	 9.1377	 8.1815	PixelFly  	L1.5-	160x60	1.0369	0.1400	0.0600	20	0	 5	150	 200	200	     0
17/10/18 23:55:25	 OT	Markab         	 0.7682	 1.0939	  979.2	  924.3	 0.185909	 0.104258	 0.0000	 0.0000	 0.1191	 0.1310	 9.8119	 8.9292	PixelFly  	L1.5-	160x60	1.0369	0.1400	0.0600	20	0	 5	150	 200	200	     0
17/10/18 23:56:25	 OT	Markab         	 0.7919	 1.0939	 1102.7	  905.4	 0.221399	 0.094600	 0.0000	 0.0000	 0.1072	 0.1388	10.8963	 8.4234	PixelFly  	L1.5-	160x60	1.0369	0.1400	0.0600	20	0	 5	150	 200	200	     0
17/10/18 23:57:26	 OT	Markab         	 0.7199	 1.0939	 1106.3	  947.8	 0.168644	 0.092465	 0.0000	 0.0000	 0.1262	 0.1407	 9.2545	 8.3087	PixelFly  	L1.5-	160x60	1.0369	0.1400	0.0600	20	0	 5	150	 200	200	     0
17/10/18 23:58:24	 OT	Markab         	 0.8354	 1.0939	 1071.8	  977.4	 0.197413	 0.130329	 0.0000	 0.0000	 0.1149	 0.1146	10.1718	10.2088	PixelFly  	L1.5-	160x60	1.0369	0.1400	0.0600	20	0	 5	150	 200	200	     0
17/10/18 23:59:22	 OT	Markab         	 0.7360	 1.1024	 1089.6	  998.9	 0.165696	 0.103336	 0.0000	 0.0000	 0.1276	 0.1317	 9.1572	 8.8818	PixelFly  	L1.5-	160x60	1.0369	0.1400	0.0600	20	0	 5	150	 200	200	     0
18/10/18 00:00:21	 OT	Markab         	 0.7225	 1.1024	 1055.4	  882.3	 0.178256	 0.089377	 0.0000	 0.0000	 0.1221	 0.1436	 9.5675	 8.1411	PixelFly  	L1.5-	160x60	1.0369	0.1400	0.0600	20	0	 5	150	 200	200	     0
18/10/18 00:01:21	 OT	Markab         	 0.7277	 1.1024	 1078.0	  938.1	 0.189049	 0.085465	 0.0000	 0.0000	 0.1179	 0.1476	 9.9110	 7.9254	PixelFly  	L1.5-	160x60	1.0369	0.1400	0.0600	20	0	 5	150	 200	200	     0
18/10/18 00:02:57	 OT	Markab         	 0.0000	 1.1024	    0.0	    0.0	 0.000000	 0.000000	 0.0000	 0.0000	 0.0000	 0.0000	 0.0000	 0.0000	PixelFly  	L1.5-	160x60	1.0369	0.1400	0.0600	20	0	 5	150	 200	189	    13
18/10/18 00:04:53	 OT	Markab         	 0.6098	 1.1116	 1122.7	  952.4	 0.137771	 0.066590	 0.0000	 0.0000	 0.1425	 0.1714	 8.1972	 6.8233	PixelFly  	L1.5-	160x60	1.0369	0.1400	0.0600	20	0	 5	150	 200	200	     0
18/10/18 00:06:45	 OT	Markab         	 0.6534	 1.1116	 1086.0	  964.0	 0.149124	 0.077896	 0.0000	 0.0000	 0.1359	 0.1560	 8.5961	 7.4965	PixelFly  	L1.5-	160x60	1.0369	0.1400	0.0600	20	0	 5	150	 200	200	     0
18/10/18 00:08:37	 OT	Markab         	 0.7054	 1.1116	 1039.4	  904.8	 0.156998	 0.096220	 0.0000	 0.0000	 0.1318	 0.1374	 8.8656	 8.5096	PixelFly  	L1.5-	160x60	1.0369	0.1400	0.0600	20	0	 5	150	 200	200	     0
18/10/18 00:10:37	 OT	Markab         	 0.7191	 1.1213	 1010.1	  859.2	 0.161868	 0.101295	 0.0000	 0.0000	 0.1294	 0.1333	 9.0296	 8.7761	PixelFly  	L1.5-	160x60	1.0369	0.1400	0.0600	20	0	 5	150	 200	200	     0
18/10/18 00:12:57	 OT	Markab         	 0.7112	 1.1213	  832.1	  760.1	 0.135546	 0.115427	 0.0000	 0.0000	 0.1439	 0.1232	 8.1175	 9.4915	PixelFly  	L1.5-	160x60	1.0369	0.1400	0.0600	20	0	 5	150	 200	200	     0
18/10/18 00:15:06	 OT	Markab         	 0.7175	 1.1317	  867.5	  800.4	 0.162461	 0.102034	 0.0000	 0.0000	 0.1291	 0.1327	 9.0495	 8.8145	PixelFly  	L1.5-	160x60	1.0369	0.1400	0.0600	20	0	 5	150	 200	200	     0
18/10/18 00:17:12	 OT	Markab         	 0.6506	 1.1317	  877.2	  773.7	 0.167521	 0.069166	 0.0000	 0.0000	 0.1268	 0.1675	 9.2175	 6.9805	PixelFly  	L1.5-	160x60	1.0369	0.1400	0.0600	20	0	 5	150	 200	200	     0
18/10/18 00:19:22	 OT	Markab         	 0.6267	 1.1317	  783.6	  748.8	 0.118745	 0.088738	 0.0000	 0.0000	 0.1558	 0.1443	 7.4980	 8.1062	PixelFly  	L1.5-	160x60	1.0369	0.1400	0.0600	20	0	 5	150	 200	200	     0
18/10/18 00:20:55	 OT	Markab         	 0.0000	 1.1427	    0.0	    0.0	 0.000000	 0.000000	 0.0000	 0.0000	 0.0000	 0.0000	 0.0000	 0.0000	PixelFly  	L1.5-	160x60	1.0369	0.1400	0.0600	20	0	 5	150	 200	189	    13
18/10/18 00:23:02	 OT	Alpheratz      	 0.0000	 1.0174	    0.0	    0.0	 0.000000	 0.000000	 0.0000	 0.0000	 0.0000	 0.0000	 0.0000	 0.0000	PixelFly  	L1.5-	160x60	1.0369	0.1400	0.0600	20	0	 5	150	 200	189	    13
18/10/18 00:24:42	 OT	Alpheratz      	 0.5624	 1.0212	 1397.7	 1309.1	 0.099719	 0.060045	 0.0000	 0.0000	 0.1730	 0.1824	 6.7521	 6.4127	PixelFly  	L1.5-	160x60	1.0369	0.1400	0.0600	20	0	 5	150	 200	200	     0
18/10/18 00:26:23	 OT	Alpheratz      	 0.5627	 1.0212	 1327.6	 1294.1	 0.116956	 0.049960	 0.0000	 0.0000	 0.1573	 0.2036	 7.4300	 5.7428	PixelFly  	L1.5-	160x60	1.0369	0.1400	0.0600	20	0	 5	150	 200	200	     0
18/10/18 00:27:54	 OT	Alpheratz      	 0.6677	 1.0212	 1352.0	 1237.5	 0.136369	 0.077674	 0.0000	 0.0000	 0.1434	 0.1563	 8.1471	 7.4837	PixelFly  	L1.5-	160x60	1.0369	0.1400	0.0600	20	0	 5	150	 200	200	     0
18/10/18 00:28:54	 OT	Alpheratz      	 0.6976	 1.0255	 1249.2	 1230.7	 0.153235	 0.080294	 0.0000	 0.0000	 0.1337	 0.1532	 8.7375	 7.6342	PixelFly  	L1.5-	160x60	1.0369	0.1400	0.0600	20	0	 5	150	 200	200	     0
18/10/18 00:29:52	 OT	Alpheratz      	 0.5991	 1.0255	 1315.6	 1232.9	 0.124224	 0.059153	 0.0000	 0.0000	 0.1517	 0.1840	 7.7036	 6.3553	PixelFly  	L1.5-	160x60	1.0369	0.1400	0.0600	20	0	 5	150	 200	200	     0
18/10/18 00:30:51	 OT	Alpheratz      	 0.6302	 1.0255	 1301.9	 1227.5	 0.136941	 0.063347	 0.0000	 0.0000	 0.1430	 0.1766	 8.1676	 6.6219	PixelFly  	L1.5-	160x60	1.0369	0.1400	0.0600	20	0	 5	150	 200	200	     0
18/10/18 00:31:49	 OT	Alpheratz      	 0.7613	 1.0255	 1281.4	 1176.3	 0.184128	 0.088821	 0.0000	 0.0000	 0.1198	 0.1442	 9.7554	 8.1107	PixelFly  	L1.5-	160x60	1.0369	0.1400	0.0600	20	0	 5	150	 200	200	     0
18/10/18 00:32:49	 OT	Alpheratz      	 0.7556	 1.0255	 1267.1	 1116.5	 0.195860	 0.079849	 0.0000	 0.0000	 0.1154	 0.1537	10.1237	 7.6087	PixelFly  	L1.5-	160x60	1.0369	0.1400	0.0600	20	0	 5	150	 200	200	     0
18/10/18 00:33:49	 OT	Alpheratz      	 0.6994	 1.0301	 1195.1	 1138.5	 0.134776	 0.093561	 0.0000	 0.0000	 0.1444	 0.1398	 8.0899	 8.3677	PixelFly  	L1.5-	160x60	1.0369	0.1400	0.0600	20	0	 5	150	 200	200	     0
18/10/18 00:35:02	 OT	Alpheratz      	 0.6148	 1.0301	 1183.4	 1070.3	 0.139319	 0.056985	 0.0000	 0.0000	 0.1416	 0.1882	 8.2524	 6.2145	PixelFly  	L1.5-	160x60	1.0369	0.1400	0.0600	20	0	 5	150	 200	200	     0
18/10/18 00:36:00	 OT	Alpheratz      	 0.6365	 1.0301	 1224.0	 1147.7	 0.130158	 0.070420	 0.0000	 0.0000	 0.1475	 0.1657	 7.9224	 7.0562	PixelFly  	L1.5-	160x60	1.0369	0.1400	0.0600	20	0	 5	150	 200	200	     0
18/10/18 00:37:21	 OT	Alpheratz      	 0.6871	 1.0301	 1271.9	 1220.5	 0.134905	 0.088141	 0.0000	 0.0000	 0.1443	 0.1449	 8.0945	 8.0734	PixelFly  	L1.5-	160x60	1.0369	0.1400	0.0600	20	0	 5	150	 200	200	     0
18/10/18 00:38:19	 OT	Alpheratz      	 0.7120	 1.0301	 1286.7	 1213.7	 0.147749	 0.090587	 0.0000	 0.0000	 0.1367	 0.1425	 8.5485	 8.2071	PixelFly  	L1.5-	160x60	1.0369	0.1400	0.0600	20	0	 5	150	 200	200	     0
18/10/18 00:39:24	 OT	Alpheratz      	 0.6416	 1.0352	 1390.8	 1259.4	 0.122175	 0.078224	 0.0000	 0.0000	 0.1532	 0.1556	 7.6272	 7.5154	PixelFly  	L1.5-	160x60	1.0369	0.1400	0.0600	20	0	 5	150	 200	200	     0
18/10/18 00:40:25	 OT	Alpheratz      	 0.6774	 1.0352	 1438.6	 1318.6	 0.144510	 0.078859	 0.0000	 0.0000	 0.1385	 0.1549	 8.4355	 7.5519	PixelFly  	L1.5-	160x60	1.0369	0.1400	0.0600	20	0	 5	150	 200	200	     0
18/10/18 00:41:23	 OT	Alpheratz      	 0.8088	 1.0352	 1487.0	 1309.6	 0.190801	 0.108071	 0.0000	 0.0000	 0.1172	 0.1282	 9.9660	 9.1238	PixelFly  	L1.5-	160x60	1.0369	0.1400	0.0600	20	0	 5	150	 200	200	     0
18/10/18 00:42:21	 OT	Alpheratz      	 0.7441	 1.0352	 1542.5	 1323.8	 0.191375	 0.079298	 0.0000	 0.0000	 0.1170	 0.1543	 9.9840	 7.5772	PixelFly  	L1.5-	160x60	1.0369	0.1400	0.0600	20	0	 5	150	 200	200	     0
18/10/18 00:43:24	 OT	Alpheratz      	 0.7008	 1.0352	 1514.4	 1320.5	 0.151192	 0.084522	 0.0000	 0.0000	 0.1348	 0.1485	 8.6674	 7.8729	PixelFly  	L1.5-	160x60	1.0369	0.1400	0.0600	20	0	 5	150	 200	200	     0
18/10/18 00:44:24	 OT	Alpheratz      	 0.9205	 1.0407	 1540.8	 1338.4	 0.213981	 0.150263	 0.0000	 0.0000	 0.1094	 0.1052	10.6758	11.1189	PixelFly  	L1.5-	160x60	1.0369	0.1400	0.0600	20	0	 5	150	 200	200	     0
18/10/18 00:55:55	 OT	Alpheratz      	 0.0000	 1.0531	    0.0	    0.0	 0.000000	 0.000000	 0.0000	 0.0000	 0.0000	 0.0000	 0.0000	 0.0000	PixelFly  	L1.5-	160x60	1.0369	0.1400	0.0600	20	0	 5	150	 200	189	    13
18/10/18 01:01:02	 OT	Alpheratz      	 0.0000	 1.0600	    0.0	    0.0	 0.000000	 0.000000	 0.0000	 0.0000	 0.0000	 0.0000	 0.0000	 0.0000	PixelFly  	L1.5-	160x60	1.0369	0.1400	0.0600	20	0	 5	150	 200	189	    13
18/10/18 01:09:38	 OT	Alpheratz      	 0.0000	 1.0752	    0.0	    0.0	 0.000000	 0.000000	 0.0000	 0.0000	 0.0000	 0.0000	 0.0000	 0.0000	PixelFly  	L1.5-	160x60	1.0369	0.1400	0.0600	20	0	 5	150	 200	189	    13
18/10/18 01:15:15	 OT	Alpheratz      	 0.0000	 1.0835	    0.0	    0.0	 0.000000	 0.000000	 0.0000	 0.0000	 0.0000	 0.0000	 0.0000	 0.0000	PixelFly  	L1.5-	160x60	1.0369	0.1400	0.0600	20	0	 5	150	 200	189	    13
18/10/18 01:18:57	 OT	Mirach         	 0.0000	 1.0208	    0.0	    0.0	 0.000000	 0.000000	 0.0000	 0.0000	 0.0000	 0.0000	 0.0000	 0.0000	PixelFly  	L1.5-	160x60	1.0369	0.1400	0.0600	20	0	 5	150	 200	189	    13
18/10/18 01:20:29	 OT	Mirach         	 0.6227	 1.0239	 1991.8	 1707.8	 0.103574	 0.081324	 0.0000	 0.0000	 0.1691	 0.1520	 6.9075	 7.6928	PixelFly  	L1.5-	160x60	1.0369	0.1400	0.0600	20	0	 5	150	 200	200	     0
18/10/18 01:21:54	 OT	Mirach         	 0.7083	 1.0239	 2002.5	 1761.3	 0.147923	 0.087744	 0.0000	 0.0000	 0.1366	 0.1452	 8.5545	 8.0516	PixelFly  	L1.5-	160x60	1.0369	0.1400	0.0600	20	0	 5	150	 200	200	     0
18/10/18 01:23:22	 OT	Mirach         	 0.8059	 1.0239	 1969.3	 1744.3	 0.181870	 0.109797	 0.0000	 0.0000	 0.1207	 0.1270	 9.6835	 9.2109	PixelFly  	L1.5-	160x60	1.0369	0.1400	0.0600	20	0	 5	150	 200	200	     0
18/10/18 01:24:22	 OT	Mirach         	 0.7476	 1.0275	 1994.9	 1750.1	 0.160656	 0.097462	 0.0000	 0.0000	 0.1300	 0.1364	 8.9890	 8.5753	PixelFly  	L1.5-	160x60	1.0369	0.1400	0.0600	20	0	 5	150	 200	200	     0
18/10/18 01:25:22	 OT	Mirach         	 0.6809	 1.0275	 1965.7	 1724.7	 0.124767	 0.091801	 0.0000	 0.0000	 0.1513	 0.1414	 7.7239	 8.2729	PixelFly  	L1.5-	160x60	1.0369	0.1400	0.0600	20	0	 5	150	 200	200	     0
18/10/18 01:26:20	 OT	Mirach         	 0.5957	 1.0275	 1940.1	 1729.1	 0.105184	 0.069875	 0.0000	 0.0000	 0.1676	 0.1665	 6.9718	 7.0233	PixelFly  	L1.5-	160x60	1.0369	0.1400	0.0600	20	0	 5	150	 200	200	     0
18/10/18 01:27:23	 OT	Mirach         	 0.6953	 1.0275	 2017.0	 1773.3	 0.143327	 0.085780	 0.0000	 0.0000	 0.1392	 0.1472	 8.3940	 7.9430	PixelFly  	L1.5-	160x60	1.0369	0.1400	0.0600	20	0	 5	150	 200	200	     0
18/10/18 01:28:21	 OT	Mirach         	 0.6895	 1.0275	 2001.2	 1756.8	 0.120272	 0.098756	 0.0000	 0.0000	 0.1546	 0.1353	 7.5557	 8.6435	PixelFly  	L1.5-	160x60	1.0369	0.1400	0.0600	20	0	 5	150	 200	200	     0
18/10/18 01:29:21	 OT	Mirach         	 0.7934	 1.0314	 2023.7	 1715.9	 0.169014	 0.113910	 0.0000	 0.0000	 0.1261	 0.1242	 9.2667	 9.4165	PixelFly  	L1.5-	160x60	1.0369	0.1400	0.0600	20	0	 5	150	 200	200	     0
18/10/18 01:30:19	 OT	Mirach         	 0.7511	 1.0314	 1982.3	 1767.2	 0.151698	 0.105705	 0.0000	 0.0000	 0.1345	 0.1299	 8.6848	 9.0034	PixelFly  	L1.5-	160x60	1.0369	0.1400	0.0600	20	0	 5	150	 200	200	     0
18/10/18 01:31:20	 OT	Mirach         	 0.7083	 1.0314	 2010.7	 1783.5	 0.168960	 0.076469	 0.0000	 0.0000	 0.1261	 0.1577	 9.2650	 7.4138	PixelFly  	L1.5-	160x60	1.0369	0.1400	0.0600	20	0	 5	150	 200	200	     0
18/10/18 01:32:46	 OT	Mirach         	 0.8820	 1.0314	 1988.7	 1750.5	 0.203930	 0.134357	 0.0000	 0.0000	 0.1126	 0.1125	10.3720	10.3970	PixelFly  	L1.5-	160x60	1.0369	0.1400	0.0600	20	0	 5	150	 200	200	     0
18/10/18 01:34:00	 OT	Mirach         	 0.7263	 1.0357	 1939.7	 1770.8	 0.144427	 0.100080	 0.0000	 0.0000	 0.1386	 0.1342	 8.4326	 8.7128	PixelFly  	L1.5-	160x60	1.0369	0.1400	0.0600	20	0	 5	150	 200	200	     0
18/10/18 01:35:13	 OT	Mirach         	 1.4434	 1.0357	 1952.4	 1684.4	 0.475562	 0.300049	 0.0000	 0.0000	 0.0678	 0.0695	17.2384	16.8370	PixelFly  	L1.5-	160x60	1.0369	0.1400	0.0600	20	0	 5	150	 200	200	     0
18/10/18 01:36:11	 OT	Mirach         	 1.7018	 1.0357	 1940.2	 1683.1	 0.562444	 0.437406	 0.0000	 0.0000	 0.0613	 0.0554	19.0643	21.1096	PixelFly  	L1.5-	160x60	1.0369	0.1400	0.0600	20	0	 5	150	 200	200	     0
18/10/18 01:37:30	 OT	Mirach         	 1.0632	 1.0357	 2022.2	 1737.6	 0.279617	 0.184207	 0.0000	 0.0000	 0.0932	 0.0931	12.5346	12.5642	PixelFly  	L1.5-	160x60	1.0369	0.1400	0.0600	20	0	 5	150	 200	200	     0
18/10/18 01:38:29	 OT	Mirach         	 0.9786	 1.0357	 1965.7	 1700.2	 0.263489	 0.147716	 0.0000	 0.0000	 0.0966	 0.1063	12.0957	11.0054	PixelFly  	L1.5-	160x60	1.0369	0.1400	0.0600	20	0	 5	150	 200	200	     0
18/10/18 01:39:29	 OT	Mirach         	 0.8867	 1.0403	 1989.8	 1727.1	 0.221050	 0.128075	 0.0000	 0.0000	 0.1073	 0.1158	10.8860	10.1025	PixelFly  	L1.5-	160x60	1.0369	0.1400	0.0600	20	0	 5	150	 200	200	     0
18/10/18 01:40:29	 OT	Mirach         	 1.2242	 1.0403	 1944.8	 1764.6	 0.413986	 0.197863	 0.0000	 0.0000	 0.0737	 0.0892	15.8623	13.1150	PixelFly  	L1.5-	160x60	1.0369	0.1400	0.0600	20	0	 5	150	 200	200	     0
18/10/18 01:41:40	 OT	Mirach         	 0.0000	 1.0403	    0.0	    0.0	 0.000000	 0.000000	 0.0000	 0.0000	 0.0000	 0.0000	 0.0000	 0.0000	PixelFly  	L1.5-	160x60	1.0369	0.1400	0.0600	20	0	 5	150	 200	189	    17
18/10/18 01:42:35	 OT	Mirach         	 1.1996	 1.0403	 1960.5	 1736.3	 0.348475	 0.223003	 0.0000	 0.0000	 0.0817	 0.0830	14.3046	14.0908	PixelFly  	L1.5-	160x60	1.0369	0.1400	0.0600	20	0	 5	150	 200	200	     0
18/10/18 01:43:34	 OT	Mirach         	 0.9486	 1.0454	 2019.9	 1650.6	 0.198083	 0.178476	 0.0000	 0.0000	 0.1146	 0.0949	10.1925	12.3281	PixelFly  	L1.5-	160x60	1.0369	0.1400	0.0600	20	0	 5	150	 200	200	     0
18/10/18 01:44:32	 OT	Mirach         	 0.9350	 1.0454	 1993.5	 1750.4	 0.234912	 0.145496	 0.0000	 0.0000	 0.1035	 0.1072	11.2906	10.9058	PixelFly  	L1.5-	160x60	1.0369	0.1400	0.0600	20	0	 5	150	 200	200	     0
18/10/18 01:45:33	 OT	Mirach         	 0.7976	 1.0454	 1988.4	 1755.2	 0.150815	 0.131862	 0.0000	 0.0000	 0.1350	 0.1138	 8.6545	10.2807	PixelFly  	L1.5-	160x60	1.0369	0.1400	0.0600	20	0	 5	150	 200	200	     0
18/10/18 01:46:32	 OT	Mirach         	 0.7148	 1.0454	 2013.7	 1724.8	 0.146906	 0.095090	 0.0000	 0.0000	 0.1371	 0.1384	 8.5192	 8.4495	PixelFly  	L1.5-	160x60	1.0369	0.1400	0.0600	20	0	 5	150	 200	200	     0
18/10/18 01:47:32	 OT	Mirach         	 0.7607	 1.0454	 2029.1	 1772.6	 0.167790	 0.102389	 0.0000	 0.0000	 0.1266	 0.1324	 9.2264	 8.8328	PixelFly  	L1.5-	160x60	1.0369	0.1400	0.0600	20	0	 5	150	 200	200	     0
18/10/18 01:48:32	 OT	Mirach         	 0.7605	 1.0454	 2052.4	 1745.6	 0.148204	 0.115411	 0.0000	 0.0000	 0.1364	 0.1232	 8.5642	 9.4907	PixelFly  	L1.5-	160x60	1.0369	0.1400	0.0600	20	0	 5	150	 200	200	     0
18/10/18 01:49:30	 OT	Mirach         	 0.7206	 1.0509	 1987.2	 1726.7	 0.135390	 0.106621	 0.0000	 0.0000	 0.1440	 0.1292	 8.1119	 9.0501	PixelFly  	L1.5-	160x60	1.0369	0.1400	0.0600	20	0	 5	150	 200	200	     0
18/10/18 01:50:30	 OT	Mirach         	 0.7276	 1.0509	 1999.3	 1724.6	 0.155507	 0.096271	 0.0000	 0.0000	 0.1325	 0.1374	 8.8150	 8.5123	PixelFly  	L1.5-	160x60	1.0369	0.1400	0.0600	20	0	 5	150	 200	200	     0
18/10/18 01:51:35	 OT	Mirach         	 0.7006	 1.0509	 1994.4	 1719.7	 0.143882	 0.091794	 0.0000	 0.0000	 0.1389	 0.1414	 8.4135	 8.2725	PixelFly  	L1.5-	160x60	1.0369	0.1400	0.0600	20	0	 5	150	 200	200	     0
18/10/18 01:52:35	 OT	Mirach         	 0.6571	 1.0509	 1941.6	 1780.3	 0.112798	 0.093766	 0.0000	 0.0000	 0.1607	 0.1396	 7.2703	 8.3787	PixelFly  	L1.5-	160x60	1.0369	0.1400	0.0600	20	0	 5	150	 200	200	     0
18/10/18 01:53:33	 OT	Mirach         	 0.6576	 1.0509	 1977.3	 1755.8	 0.127090	 0.084130	 0.0000	 0.0000	 0.1496	 0.1490	 7.8098	 7.8509	PixelFly  	L1.5-	160x60	1.0369	0.1400	0.0600	20	0	 5	150	 200	200	     0
18/10/18 01:54:32	 OT	Mirach         	 0.6519	 1.0568	 1996.2	 1722.3	 0.141595	 0.073568	 0.0000	 0.0000	 0.1402	 0.1614	 8.3330	 7.2437	PixelFly  	L1.5-	160x60	1.0369	0.1400	0.0600	20	0	 5	150	 200	200	     0
18/10/18 01:55:31	 OT	Mirach         	 0.5953	 1.0568	 1984.1	 1784.1	 0.098511	 0.078328	 0.0000	 0.0000	 0.1743	 0.1555	 6.7029	 7.5214	PixelFly  	L1.5-	160x60	1.0369	0.1400	0.0600	20	0	 5	150	 200	200	     0
18/10/18 01:56:30	 OT	Mirach         	 0.6718	 1.0568	 1978.2	 1736.3	 0.142973	 0.080951	 0.0000	 0.0000	 0.1394	 0.1524	 8.3816	 7.6716	PixelFly  	L1.5-	160x60	1.0369	0.1400	0.0600	20	0	 5	150	 200	200	     0
18/10/18 01:57:29	 OT	Mirach         	 0.6402	 1.0568	 2027.1	 1727.8	 0.124998	 0.079081	 0.0000	 0.0000	 0.1511	 0.1546	 7.7324	 7.5647	PixelFly  	L1.5-	160x60	1.0369	0.1400	0.0600	20	0	 5	150	 200	200	     0
18/10/18 01:58:29	 OT	Mirach         	 0.5757	 1.0568	 1982.6	 1745.6	 0.112404	 0.061456	 0.0000	 0.0000	 0.1610	 0.1798	 7.2551	 6.5026	PixelFly  	L1.5-	160x60	1.0369	0.1400	0.0600	20	0	 5	150	 200	200	     0
18/10/18 01:59:27	 OT	Mirach         	 0.6351	 1.0632	 1906.0	 1705.6	 0.130305	 0.074567	 0.0000	 0.0000	 0.1474	 0.1601	 7.9278	 7.3026	PixelFly  	L1.5-	160x60	1.0369	0.1400	0.0600	20	0	 5	150	 200	200	     0
18/10/18 02:00:27	 OT	Mirach         	 0.5331	 1.0632	 1980.3	 1729.3	 0.084795	 0.063936	 0.0000	 0.0000	 0.1907	 0.1756	 6.1263	 6.6588	PixelFly  	L1.5-	160x60	1.0369	0.1400	0.0600	20	0	 5	150	 200	200	     0
18/10/18 02:01:25	 OT	Mirach         	 0.5271	 1.0632	 1796.3	 1572.5	 0.078908	 0.065780	 0.0000	 0.0000	 0.1991	 0.1727	 5.8674	 6.7734	PixelFly  	L1.5-	160x60	1.0369	0.1400	0.0600	20	0	 5	150	 200	200	     0
18/10/18 02:02:25	 OT	Mirach         	 0.5116	 1.0632	 1857.9	 1632.4	 0.094464	 0.049800	 0.0000	 0.0000	 0.1787	 0.2040	 6.5363	 5.7318	PixelFly  	L1.5-	160x60	1.0369	0.1400	0.0600	20	0	 5	150	 200	200	     0
18/10/18 02:03:24	 OT	Mirach         	 0.5265	 1.0632	 1902.7	 1644.0	 0.088007	 0.059247	 0.0000	 0.0000	 0.1865	 0.1838	 6.2645	 6.3614	PixelFly  	L1.5-	160x60	1.0369	0.1400	0.0600	20	0	 5	150	 200	200	     0
18/10/18 02:04:23	 OT	Mirach         	 0.5511	 1.0700	 1649.5	 1434.9	 0.083082	 0.073102	 0.0000	 0.0000	 0.1931	 0.1621	 6.0517	 7.2162	PixelFly  	L1.5-	160x60	1.0369	0.1400	0.0600	20	0	 5	150	 200	200	     0
18/10/18 02:05:21	 OT	Mirach         	 0.6297	 1.0700	 1892.5	 1653.0	 0.127718	 0.074963	 0.0000	 0.0000	 0.1492	 0.1596	 7.8330	 7.3259	PixelFly  	L1.5-	160x60	1.0369	0.1400	0.0600	20	0	 5	150	 200	200	     0
18/10/18 02:06:20	 OT	Mirach         	 0.6358	 1.0700	 1871.9	 1588.9	 0.115133	 0.085828	 0.0000	 0.0000	 0.1587	 0.1472	 7.3603	 7.9456	PixelFly  	L1.5-	160x60	1.0369	0.1400	0.0600	20	0	 5	150	 200	200	     0
18/10/18 02:07:18	 OT	Mirach         	 0.6008	 1.0700	 1787.0	 1563.5	 0.115311	 0.071099	 0.0000	 0.0000	 0.1586	 0.1648	 7.3671	 7.0969	PixelFly  	L1.5-	160x60	1.0369	0.1400	0.0600	20	0	 5	150	 200	200	     0
18/10/18 02:08:17	 OT	Mirach         	 0.7079	 1.0700	 1698.0	 1514.8	 0.148368	 0.095495	 0.0000	 0.0000	 0.1363	 0.1381	 8.5699	 8.4711	PixelFly  	L1.5-	160x60	1.0369	0.1400	0.0600	20	0	 5	150	 200	200	     0
18/10/18 02:09:18	 OT	Mirach         	 0.7598	 1.0772	 1825.8	 1614.5	 0.155787	 0.116409	 0.0000	 0.0000	 0.1324	 0.1226	 8.8245	 9.5398	PixelFly  	L1.5-	160x60	1.0369	0.1400	0.0600	20	0	 5	150	 200	200	     0
18/10/18 02:10:17	 OT	Mirach         	 0.7822	 1.0772	 1883.7	 1592.6	 0.169544	 0.118066	 0.0000	 0.0000	 0.1258	 0.1216	 9.2842	 9.6211	PixelFly  	L1.5-	160x60	1.0369	0.1400	0.0600	20	0	 5	150	 200	200	     0
18/10/18 02:11:17	 OT	Mirach         	 0.6520	 1.0772	 1903.0	 1610.9	 0.126261	 0.086459	 0.0000	 0.0000	 0.1502	 0.1465	 7.7792	 7.9806	PixelFly  	L1.5-	160x60	1.0369	0.1400	0.0600	20	0	 5	150	 200	200	     0
18/10/18 02:12:21	 OT	Mirach         	 0.6108	 1.0772	 1914.9	 1619.3	 0.126700	 0.068955	 0.0000	 0.0000	 0.1499	 0.1678	 7.7954	 6.9677	PixelFly  	L1.5-	160x60	1.0369	0.1400	0.0600	20	0	 5	150	 200	200	     0
18/10/18 02:13:20	 OT	Mirach         	 0.6474	 1.0772	 1823.4	 1646.3	 0.119204	 0.089216	 0.0000	 0.0000	 0.1555	 0.1438	 7.5153	 8.1324	PixelFly  	L1.5-	160x60	1.0369	0.1400	0.0600	20	0	 5	150	 200	200	     0
18/10/18 02:14:34	 OT	Mirach         	 0.7617	 1.0849	 1790.9	 1580.0	 0.149778	 0.123230	 0.0000	 0.0000	 0.1356	 0.1185	 8.6187	 9.8714	PixelFly  	L1.5-	160x60	1.0369	0.1400	0.0600	20	0	 5	150	 200	200	     0
18/10/18 02:15:41	 OT	Mirach         	 0.9394	 1.0849	 1843.0	 1526.5	 0.209314	 0.176997	 0.0000	 0.0000	 0.1109	 0.0953	10.5354	12.2667	PixelFly  	L1.5-	160x60	1.0369	0.1400	0.0600	20	0	 5	150	 200	200	     0
18/10/18 02:16:42	 OT	Mirach         	 0.8134	 1.0849	 1781.5	 1501.6	 0.192595	 0.120129	 0.0000	 0.0000	 0.1166	 0.1203	10.0221	 9.7216	PixelFly  	L1.5-	160x60	1.0369	0.1400	0.0600	20	0	 5	150	 200	200	     0
18/10/18 02:17:54	 OT	Mirach         	 0.7615	 1.0849	 1895.1	 1619.6	 0.132862	 0.135806	 0.0000	 0.0000	 0.1457	 0.1118	 8.0207	10.4641	PixelFly  	L1.5-	160x60	1.0369	0.1400	0.0600	20	0	 5	150	 200	200	     0
18/10/18 02:18:53	 OT	Mirach         	 0.6985	 1.0931	 1907.1	 1655.5	 0.129584	 0.108198	 0.0000	 0.0000	 0.1479	 0.1281	 7.9014	 9.1302	PixelFly  	L1.5-	160x60	1.0369	0.1400	0.0600	20	0	 5	150	 200	200	     0
18/10/18 02:19:55	 OT	Mirach         	 0.6214	 1.0931	 1860.9	 1618.3	 0.104080	 0.090909	 0.0000	 0.0000	 0.1686	 0.1422	 6.9278	 8.2246	PixelFly  	L1.5-	160x60	1.0369	0.1400	0.0600	20	0	 5	150	 200	200	     0
18/10/18 02:20:54	 OT	Mirach         	 0.5780	 1.0931	 1916.4	 1638.3	 0.096542	 0.077484	 0.0000	 0.0000	 0.1764	 0.1565	 6.6222	 7.4727	PixelFly  	L1.5-	160x60	1.0369	0.1400	0.0600	20	0	 5	150	 200	200	     0
18/10/18 02:21:53	 OT	Mirach         	 0.5207	 1.0931	 1886.9	 1705.2	 0.088701	 0.059902	 0.0000	 0.0000	 0.1856	 0.1826	 6.2941	 6.4034	PixelFly  	L1.5-	160x60	1.0369	0.1400	0.0600	20	0	 5	150	 200	200	     0
18/10/18 02:22:51	 OT	Mirach         	 0.6103	 1.0931	 1970.2	 1682.5	 0.110072	 0.081758	 0.0000	 0.0000	 0.1631	 0.1515	 7.1644	 7.7173	PixelFly  	L1.5-	160x60	1.0369	0.1400	0.0600	20	0	 5	150	 200	200	     0
18/10/18 02:23:51	 OT	Mirach         	 0.7199	 1.1017	 1893.7	 1714.0	 0.158394	 0.100300	 0.0000	 0.0000	 0.1311	 0.1340	 8.9128	 8.7243	PixelFly  	L1.5-	160x60	1.0369	0.1400	0.0600	20	0	 5	150	 200	200	     0
18/10/18 02:24:51	 OT	Mirach         	 0.7583	 1.1017	 1892.4	 1665.4	 0.171106	 0.110441	 0.0000	 0.0000	 0.1252	 0.1265	 9.3354	 9.2433	PixelFly  	L1.5-	160x60	1.0369	0.1400	0.0600	20	0	 5	150	 200	200	     0
18/10/18 02:25:56	 OT	Mirach         	 0.5897	 1.1017	 1911.3	 1652.5	 0.105189	 0.077532	 0.0000	 0.0000	 0.1676	 0.1564	 6.9720	 7.4755	PixelFly  	L1.5-	160x60	1.0369	0.1400	0.0600	20	0	 5	150	 200	200	     0
18/10/18 02:26:56	 OT	Mirach         	 0.6545	 1.1017	 1923.6	 1692.2	 0.108613	 0.104234	 0.0000	 0.0000	 0.1644	 0.1310	 7.1073	 8.9280	PixelFly  	L1.5-	160x60	1.0369	0.1400	0.0600	20	0	 5	150	 200	200	     0
18/10/18 02:28:09	 OT	Mirach         	 0.6437	 1.1017	 1962.0	 1673.5	 0.136523	 0.080011	 0.0000	 0.0000	 0.1433	 0.1535	 8.1526	 7.6180	PixelFly  	L1.5-	160x60	1.0369	0.1400	0.0600	20	0	 5	150	 200	200	     0
18/10/18 02:29:07	 OT	Mirach         	 0.5377	 1.1109	 1962.7	 1703.5	 0.091067	 0.066945	 0.0000	 0.0000	 0.1827	 0.1708	 6.3943	 6.8451	PixelFly  	L1.5-	160x60	1.0369	0.1400	0.0600	20	0	 5	150	 200	200	     0
18/10/18 02:30:05	 OT	Mirach         	 0.6547	 1.1109	 1917.5	 1720.2	 0.122160	 0.095906	 0.0000	 0.0000	 0.1532	 0.1377	 7.6266	 8.4929	PixelFly  	L1.5-	160x60	1.0369	0.1400	0.0600	20	0	 5	150	 200	200	     0
18/10/18 02:31:02	 OT	Mirach         	 0.6764	 1.1109	 1926.5	 1657.0	 0.126779	 0.102825	 0.0000	 0.0000	 0.1498	 0.1321	 7.7983	 8.8554	PixelFly  	L1.5-	160x60	1.0369	0.1400	0.0600	20	0	 5	150	 200	200	     0
18/10/18 02:32:00	 OT	Mirach         	 0.6125	 1.1109	 1994.5	 1629.0	 0.116936	 0.080585	 0.0000	 0.0000	 0.1573	 0.1529	 7.4292	 7.6507	PixelFly  	L1.5-	160x60	1.0369	0.1400	0.0600	20	0	 5	150	 200	200	     0
18/10/18 02:33:00	 OT	Mirach         	 0.7370	 1.1109	 1948.0	 1672.0	 0.133675	 0.127951	 0.0000	 0.0000	 0.1451	 0.1158	 8.0502	10.0966	PixelFly  	L1.5-	160x60	1.0369	0.1400	0.0600	20	0	 5	150	 200	200	     0
18/10/18 02:33:59	 OT	Mirach         	 0.8974	 1.1206	 1857.6	 1666.8	 0.175466	 0.188374	 0.0000	 0.0000	 0.1233	 0.0918	 9.4774	12.7339	PixelFly  	L1.5-	160x60	1.0369	0.1400	0.0600	20	0	 5	150	 200	200	     0
18/10/18 02:34:58	 OT	Mirach         	 0.8310	 1.1206	 1909.6	 1671.0	 0.198263	 0.133771	 0.0000	 0.0000	 0.1146	 0.1128	10.1981	10.3697	PixelFly  	L1.5-	160x60	1.0369	0.1400	0.0600	20	0	 5	150	 200	200	     0
18/10/18 02:35:57	 OT	Mirach         	 0.8107	 1.1206	 1965.2	 1689.3	 0.185180	 0.131758	 0.0000	 0.0000	 0.1194	 0.1138	 9.7888	10.2758	PixelFly  	L1.5-	160x60	1.0369	0.1400	0.0600	20	0	 5	150	 200	200	     0
18/10/18 02:36:55	 OT	Mirach         	 0.7653	 1.1206	 1909.4	 1663.3	 0.167306	 0.120310	 0.0000	 0.0000	 0.1269	 0.1202	 9.2104	 9.7304	PixelFly  	L1.5-	160x60	1.0369	0.1400	0.0600	20	0	 5	150	 200	200	     0
18/10/18 02:38:01	 OT	Mirach         	 0.8292	 1.1206	 1910.5	 1649.2	 0.160873	 0.159596	 0.0000	 0.0000	 0.1299	 0.1014	 8.9963	11.5282	PixelFly  	L1.5-	160x60	1.0369	0.1400	0.0600	20	0	 5	150	 200	200	     0
18/10/18 02:38:59	 OT	Mirach         	 0.8045	 1.1309	 1874.2	 1639.8	 0.193255	 0.125476	 0.0000	 0.0000	 0.1163	 0.1172	10.0427	 9.9790	PixelFly  	L1.5-	160x60	1.0369	0.1400	0.0600	20	0	 5	150	 200	200	     0
18/10/18 02:39:58	 OT	Mirach         	 0.9416	 1.1309	 1892.9	 1635.9	 0.262847	 0.155648	 0.0000	 0.0000	 0.0967	 0.1030	12.0780	11.3563	PixelFly  	L1.5-	160x60	1.0369	0.1400	0.0600	20	0	 5	150	 200	200	     0
18/10/18 02:40:59	 OT	Mirach         	 0.8674	 1.1309	 1887.9	 1616.2	 0.219884	 0.141717	 0.0000	 0.0000	 0.1077	 0.1089	10.8515	10.7350	PixelFly  	L1.5-	160x60	1.0369	0.1400	0.0600	20	0	 5	150	 200	200	     0
18/10/18 02:41:58	 OT	Mirach         	 0.8857	 1.1309	 1863.6	 1596.6	 0.196547	 0.168207	 0.0000	 0.0000	 0.1152	 0.0983	10.1450	11.8975	PixelFly  	L1.5-	160x60	1.0369	0.1400	0.0600	20	0	 5	150	 200	200	     0
18/10/18 02:42:56	 OT	Mirach         	 0.9128	 1.1309	 1829.4	 1602.7	 0.220472	 0.167021	 0.0000	 0.0000	 0.1075	 0.0987	10.8689	11.8471	PixelFly  	L1.5-	160x60	1.0369	0.1400	0.0600	20	0	 5	150	 200	200	     0
18/10/18 02:43:56	 OT	Mirach         	 1.1553	 1.1417	 1887.9	 1572.9	 0.316658	 0.258891	 0.0000	 0.0000	 0.0865	 0.0759	13.5060	15.4106	PixelFly  	L1.5-	160x60	1.0369	0.1400	0.0600	20	0	 5	150	 200	200	     0
18/10/18 02:45:09	 OT	Mirach         	 0.0000	 1.1417	    0.0	    0.0	 0.000000	 0.000000	 0.0000	 0.0000	 0.0000	 0.0000	 0.0000	 0.0000	PixelFly  	L1.5-	160x60	1.0369	0.1400	0.0600	20	0	 5	150	 200	189	    17
18/10/18 02:47:39	 OT	Aldebaran      	 0.7872	 1.0690	 5214.9	 4505.2	 0.170202	 0.118346	 0.0000	 0.0000	 0.1256	 0.1214	 9.3058	 9.6348	PixelFly  	L1.5-	160x60	1.0369	0.1400	0.0600	20	0	 5	150	 200	200	     0
18/10/18 02:48:37	 OT	Aldebaran      	 0.8639	 1.0625	 5194.6	 4507.7	 0.181681	 0.148349	 0.0000	 0.0000	 0.1207	 0.1060	 9.6774	11.0337	PixelFly  	L1.5-	160x60	1.0369	0.1400	0.0600	20	0	 5	150	 200	200	     0
18/10/18 02:49:36	 OT	Aldebaran      	 0.8543	 1.0625	 4926.2	 4266.3	 0.199615	 0.130995	 0.0000	 0.0000	 0.1141	 0.1142	10.2397	10.2400	PixelFly  	L1.5-	160x60	1.0369	0.1400	0.0600	20	0	 5	150	 200	200	     0
18/10/18 02:50:36	 OT	Aldebaran      	 0.9365	 1.0625	 5170.7	 4469.7	 0.251365	 0.140782	 0.0000	 0.0000	 0.0994	 0.1094	11.7586	10.6925	PixelFly  	L1.5-	160x60	1.0369	0.1400	0.0600	20	0	 5	150	 200	200	     0
18/10/18 02:51:35	 OT	Aldebaran      	 0.9472	 1.0625	 5116.3	 4437.2	 0.260870	 0.140589	 0.0000	 0.0000	 0.0972	 0.1095	12.0234	10.6837	PixelFly  	L1.5-	160x60	1.0369	0.1400	0.0600	20	0	 5	150	 200	200	     0
18/10/18 02:52:45	 OT	Aldebaran      	 0.0000	 1.0625	    0.0	    0.0	 0.000000	 0.000000	 0.0000	 0.0000	 0.0000	 0.0000	 0.0000	 0.0000	PixelFly  	L1.5-	160x60	1.0369	0.1400	0.0600	20	0	 5	150	 200	189	    17
18/10/18 02:55:32	 OT	Hamal          	 0.0000	 1.0617	    0.0	    0.0	 0.000000	 0.000000	 0.0000	 0.0000	 0.0000	 0.0000	 0.0000	 0.0000	PixelFly  	L1.5-	160x60	1.0369	0.1400	0.0600	20	0	 5	150	 200	189	    13
18/10/18 02:56:41	 OT	Hamal          	 1.1212	 1.0617	 1779.2	 1558.5	 0.270994	 0.235631	 0.0000	 0.0000	 0.0950	 0.0803	12.3012	14.5643	PixelFly  	L1.5-	160x60	1.0369	0.1400	0.0600	20	0	 5	150	 200	200	     0
18/10/18 02:57:49	 OT	Hamal          	 1.2948	 1.0617	 1709.0	 1528.5	 0.335455	 0.306212	 0.0000	 0.0000	 0.0836	 0.0686	13.9815	17.0437	PixelFly  	L1.5-	160x60	1.0369	0.1400	0.0600	20	0	 5	150	 200	200	     0
18/10/18 02:58:49	 OT	Hamal          	 1.0236	 1.0692	 1712.8	 1498.6	 0.263722	 0.183305	 0.0000	 0.0000	 0.0965	 0.0934	12.1021	12.5272	PixelFly  	L1.5-	160x60	1.0369	0.1400	0.0600	20	0	 5	150	 200	200	     0
18/10/18 02:59:48	 OT	Hamal          	 1.0614	 1.0692	 1763.2	 1545.6	 0.275981	 0.197548	 0.0000	 0.0000	 0.0939	 0.0893	12.4366	13.1025	PixelFly  	L1.5-	160x60	1.0369	0.1400	0.0600	20	0	 5	150	 200	200	     0
18/10/18 03:00:48	 OT	Hamal          	 0.9446	 1.0692	 1781.3	 1558.7	 0.231510	 0.159828	 0.0000	 0.0000	 0.1044	 0.1014	11.1922	11.5383	PixelFly  	L1.5-	160x60	1.0369	0.1400	0.0600	20	0	 5	150	 200	200	     0
18/10/18 03:01:47	 OT	Hamal          	 1.0260	 1.0692	 1765.4	 1543.5	 0.244768	 0.197872	 0.0000	 0.0000	 0.1010	 0.0892	11.5725	13.1154	PixelFly  	L1.5-	160x60	1.0369	0.1400	0.0600	20	0	 5	150	 200	200	     0
18/10/18 03:02:46	 OT	Hamal          	 1.1282	 1.0692	 1759.5	 1518.4	 0.297929	 0.223913	 0.0000	 0.0000	 0.0897	 0.0828	13.0209	14.1253	PixelFly  	L1.5-	160x60	1.0369	0.1400	0.0600	20	0	 5	150	 200	200	     0
18/10/18 03:03:45	 OT	Hamal          	 1.2316	 1.0771	 1712.4	 1501.0	 0.296791	 0.298238	 0.0000	 0.0000	 0.0899	 0.0697	12.9910	16.7760	PixelFly  	L1.5-	160x60	1.0369	0.1400	0.0600	20	0	 5	150	 200	200	     0
18/10/18 03:04:57	 OT	Hamal          	 1.0475	 1.0771	 1764.1	 1516.4	 0.283860	 0.186773	 0.0000	 0.0000	 0.0924	 0.0923	12.6484	12.6689	PixelFly  	L1.5-	160x60	1.0369	0.1400	0.0600	20	0	 5	150	 200	200	     0
18/10/18 03:05:58	 OT	Hamal          	 1.5253	 1.0771	 1736.4	 1393.3	 0.417490	 0.431023	 0.0000	 0.0000	 0.0733	 0.0559	15.9427	20.9242	PixelFly  	L1.5-	160x60	1.0369	0.1400	0.0600	20	0	 5	150	 200	200	     0
18/10/18 03:07:04	 OT	Hamal          	 1.5449	 1.0771	 1737.3	 1454.1	 0.515342	 0.375087	 0.0000	 0.0000	 0.0646	 0.0608	18.0897	19.2499	PixelFly  	L1.5-	160x60	1.0369	0.1400	0.0600	20	0	 5	150	 200	200	     0
18/10/18 03:08:05	 OT	Hamal          	 1.4498	 1.0771	 1726.4	 1486.8	 0.523814	 0.298211	 0.0000	 0.0000	 0.0640	 0.0697	18.2675	16.7750	PixelFly  	L1.5-	160x60	1.0369	0.1400	0.0600	20	0	 5	150	 200	200	     0
18/10/18 03:09:03	 OT	Hamal          	 1.4125	 1.0856	 1651.3	 1460.6	 0.466668	 0.312656	 0.0000	 0.0000	 0.0685	 0.0678	17.0443	17.2580	PixelFly  	L1.5-	160x60	1.0369	0.1400	0.0600	20	0	 5	150	 200	200	     0
18/10/18 03:10:01	 OT	Hamal          	 1.2856	 1.0856	 1715.2	 1474.7	 0.394953	 0.269857	 0.0000	 0.0000	 0.0758	 0.0740	15.4206	15.7990	PixelFly  	L1.5-	160x60	1.0369	0.1400	0.0600	20	0	 5	150	 200	200	     0
18/10/18 03:11:00	 OT	Hamal          	 1.1969	 1.0856	 1698.0	 1543.1	 0.335812	 0.249596	 0.0000	 0.0000	 0.0835	 0.0776	13.9904	15.0762	PixelFly  	L1.5-	160x60	1.0369	0.1400	0.0600	20	0	 5	150	 200	200	     0
18/10/18 03:11:59	 OT	Hamal          	 1.8671	 1.0856	 1631.2	 1453.2	 0.764904	 0.483435	 0.0000	 0.0000	 0.0510	 0.0522	22.9265	22.4157	PixelFly  	L1.5-	160x60	1.0369	0.1400	0.0600	20	0	 5	150	 200	200	     0
18/10/18 03:12:57	 OT	Hamal          	 1.3516	 1.0856	 1700.8	 1491.4	 0.430097	 0.292868	 0.0000	 0.0000	 0.0720	 0.0705	16.2298	16.5941	PixelFly  	L1.5-	160x60	1.0369	0.1400	0.0600	20	0	 5	150	 200	200	     0
18/10/18 03:13:55	 OT	Hamal          	 1.3031	 1.0947	 1735.8	 1528.1	 0.384400	 0.293963	 0.0000	 0.0000	 0.0770	 0.0703	15.1720	16.6313	PixelFly  	L1.5-	160x60	1.0369	0.1400	0.0600	20	0	 5	150	 200	200	     0
18/10/18 03:15:20	 OT	Hamal          	 1.3871	 1.0947	 1717.7	 1512.5	 0.407209	 0.339947	 0.0000	 0.0000	 0.0744	 0.0644	15.7059	18.1466	PixelFly  	L1.5-	160x60	1.0369	0.1400	0.0600	20	0	 5	150	 200	200	     0
18/10/18 03:16:19	 OT	Hamal          	 1.4618	 1.0947	 1731.5	 1455.7	 0.490916	 0.338653	 0.0000	 0.0000	 0.0665	 0.0646	17.5702	18.1052	PixelFly  	L1.5-	160x60	1.0369	0.1400	0.0600	20	0	 5	150	 200	200	     0
18/10/18 03:17:18	 OT	Hamal          	 1.4471	 1.0947	 1760.9	 1497.1	 0.365865	 0.419557	 0.0000	 0.0000	 0.0793	 0.0568	14.7287	20.5885	PixelFly  	L1.5-	160x60	1.0369	0.1400	0.0600	20	0	 5	150	 200	200	     0
18/10/18 03:29:13	 OT	Hamal          	 0.0000	 1.1255	    0.0	    0.0	 0.000000	 0.000000	 0.0000	 0.0000	 0.0000	 0.0000	 0.0000	 0.0000	PixelFly  	L1.5-	160x60	1.0369	0.1400	0.0600	20	0	 5	150	 200	189	    17
18/10/18 03:30:17	 OT	Hamal          	 2.1283	 1.1255	 1553.5	 1408.3	 0.799148	 0.754472	 0.0000	 0.0000	 0.0496	 0.0399	23.5369	29.2776	PixelFly  	L1.5-	160x60	1.0369	0.1400	0.0600	20	0	 5	150	 200	200	     0
18/10/18 03:31:18	 OT	Hamal          	 2.3725	 1.1255	 1487.3	 1316.2	 1.134409	 0.778324	 0.0000	 0.0000	 0.0402	 0.0392	29.0426	29.8295	PixelFly  	L1.5-	160x60	1.0369	0.1400	0.0600	20	0	 5	150	 200	200	     0
18/10/18 03:32:17	 OT	Hamal          	 2.1004	 1.1255	 1511.8	 1313.9	 0.918312	 0.640439	 0.0000	 0.0000	 0.0457	 0.0441	25.5839	26.5360	PixelFly  	L1.5-	160x60	1.0369	0.1400	0.0600	20	0	 5	150	 200	200	     0
18/10/18 03:33:19	 OT	Hamal          	 1.8892	 1.1255	 1611.0	 1400.6	 0.650571	 0.622005	 0.0000	 0.0000	 0.0562	 0.0448	20.8042	26.0751	PixelFly  	L1.5-	160x60	1.0369	0.1400	0.0600	20	0	 5	150	 200	200	     0
18/10/18 03:34:18	 OT	Hamal          	 1.8490	 1.1370	 1652.2	 1373.7	 0.771919	 0.508718	 0.0000	 0.0000	 0.0507	 0.0506	23.0524	23.1119	PixelFly  	L1.5-	160x60	1.0369	0.1400	0.0600	20	0	 5	150	 200	200	     0
18/10/18 03:35:18	 OT	Hamal          	 1.8739	 1.1370	 1575.7	 1415.5	 0.713561	 0.571954	 0.0000	 0.0000	 0.0531	 0.0472	21.9903	24.7951	PixelFly  	L1.5-	160x60	1.0369	0.1400	0.0600	20	0	 5	150	 200	200	     0
18/10/18 03:36:16	 OT	Hamal          	 1.7897	 1.1370	 1642.7	 1415.5	 0.653846	 0.534846	 0.0000	 0.0000	 0.0560	 0.0491	20.8669	23.8170	PixelFly  	L1.5-	160x60	1.0369	0.1400	0.0600	20	0	 5	150	 200	200	     0
18/10/18 03:37:19	 OT	Hamal          	 2.2111	 1.1370	 1541.8	 1318.7	 0.985441	 0.722000	 0.0000	 0.0000	 0.0438	 0.0410	26.6902	28.5149	PixelFly  	L1.5-	160x60	1.0369	0.1400	0.0600	20	0	 5	150	 200	200	     0
18/10/18 03:38:18	 OT	Hamal          	 2.0987	 1.1370	 1525.3	 1332.7	 0.804921	 0.732284	 0.0000	 0.0000	 0.0494	 0.0407	23.6388	28.7579	PixelFly  	L1.5-	160x60	1.0369	0.1400	0.0600	20	0	 5	150	 200	200	     0
18/10/18 03:39:17	 OT	Hamal          	 1.6430	 1.1491	 1551.5	 1245.4	 0.567435	 0.472735	 0.0000	 0.0000	 0.0610	 0.0529	19.1656	22.1167	PixelFly  	L1.5-	160x60	1.0369	0.1400	0.0600	20	0	 5	150	 200	200	     0
18/10/18 03:40:29	 OT	Hamal          	 0.0000	 1.1491	    0.0	    0.0	 0.000000	 0.000000	 0.0000	 0.0000	 0.0000	 0.0000	 0.0000	 0.0000	PixelFly  	L1.5-	160x60	1.0369	0.1400	0.0600	20	0	 5	150	 200	189	    13
18/10/18 03:47:29	 OT	Hamal          	 2.2116	 1.1620	 1462.0	 1274.6	 0.905844	 0.810753	 0.0000	 0.0000	 0.0460	 0.0383	25.3750	30.5691	PixelFly  	L1.5-	160x60	1.0369	0.1400	0.0600	20	0	 5	150	 200	200	     0
18/10/18 03:48:27	 OT	Hamal          	 2.1270	 1.1620	 1468.8	 1351.2	 0.831673	 0.772569	 0.0000	 0.0000	 0.0485	 0.0394	24.1071	29.6970	PixelFly  	L1.5-	160x60	1.0369	0.1400	0.0600	20	0	 5	150	 200	200	     0
18/10/18 03:49:39	 OT	Hamal          	 0.0000	 1.1756	    0.0	    0.0	 0.000000	 0.000000	 0.0000	 0.0000	 0.0000	 0.0000	 0.0000	 0.0000	PixelFly  	L1.5-	160x60	1.0369	0.1400	0.0600	20	0	 5	150	 200	189	    13
18/10/18 03:50:54	 OT	Hamal          	 0.0000	 1.1756	    0.0	    0.0	 0.000000	 0.000000	 0.0000	 0.0000	 0.0000	 0.0000	 0.0000	 0.0000	PixelFly  	L1.5-	160x60	1.0369	0.1400	0.0600	20	0	 5	150	 200	189	    17
18/10/18 04:31:27	 OT	Mirfak         	 0.0000	 1.1461	    0.0	    0.0	 0.000000	 0.000000	 0.0000	 0.0000	 0.0000	 0.0000	 0.0000	 0.0000	PixelFly  	L1.5-	160x60	1.0369	0.1400	0.0600	20	0	 5	150	 200	189	    17
18/10/18 04:41:50	 OT	Aldebaran      	 0.0000	 1.0367	    0.0	    0.0	 0.000000	 0.000000	 0.0000	 0.0000	 0.0000	 0.0000	 0.0000	 0.0000	PixelFly  	L1.5-	160x60	1.0369	0.1400	0.0600	20	0	 5	150	 200	189	    13
18/10/18 04:50:01	 OT	Aldebaran      	 0.0000	 1.0449	    0.0	    0.0	 0.000000	 0.000000	 0.0000	 0.0000	 0.0000	 0.0000	 0.0000	 0.0000	PixelFly  	L1.5-	160x60	1.0369	0.1400	0.0600	20	0	 5	150	 200	189	    13
18/10/18 04:51:51	 OT	Mirfak         	 2.7393	 1.1780	  976.0	  853.9	 1.333192	 1.158241	 0.0000	 0.0000	 0.0365	 0.0309	31.9970	37.8642	PixelFly  	L1.5-	160x60	1.0369	0.1400	0.0600	20	0	 5	150	 200	200	     0
18/10/18 04:52:49	 OT	Mirfak         	 2.5687	 1.1780	  957.3	  850.5	 1.198094	 1.040185	 0.0000	 0.0000	 0.0389	 0.0329	30.0101	35.4990	PixelFly  	L1.5-	160x60	1.0369	0.1400	0.0600	20	0	 5	150	 200	200	     0
18/10/18 04:53:48	 OT	Mirfak         	 2.5860	 1.1780	  837.3	  787.5	 1.275554	 1.005863	 0.0000	 0.0000	 0.0375	 0.0336	31.1597	34.7915	PixelFly  	L1.5-	160x60	1.0369	0.1400	0.0600	20	0	 5	150	 200	200	     0
18/10/18 04:58:57	 OT	Pollux         	 2.2708	 1.1434	 2795.5	 2412.9	 0.994982	 0.787659	 0.0000	 0.0000	 0.0435	 0.0389	26.8449	30.0436	PixelFly  	L1.5-	160x60	1.0369	0.1400	0.0600	20	0	 5	150	 200	200	     0
18/10/18 04:59:55	 OT	Pollux         	 2.2851	 1.1316	 2652.7	 2324.0	 1.025159	 0.766659	 0.0000	 0.0000	 0.0427	 0.0396	27.3305	29.5604	PixelFly  	L1.5-	160x60	1.0369	0.1400	0.0600	20	0	 5	150	 200	200	     0
18/10/18 05:00:54	 OT	Pollux         	 2.5373	 1.1316	 2764.3	 2430.1	 1.173331	 0.946011	 0.0000	 0.0000	 0.0394	 0.0349	29.6364	33.5341	PixelFly  	L1.5-	160x60	1.0369	0.1400	0.0600	20	0	 5	150	 200	200	     0
18/10/18 05:01:52	 OT	Pollux         	 3.2141	 1.1316	 2719.4	 2281.5	 1.471726	 1.605929	 0.0000	 0.0000	 0.0344	 0.0254	33.9523	46.0665	PixelFly  	L1.5-	160x60	1.0369	0.1400	0.0600	20	0	 5	150	 200	200	     0
18/10/18 05:02:51	 OT	Pollux         	 3.3076	 1.1316	 2397.1	 2083.8	 1.554164	 1.676317	 0.0000	 0.0000	 0.0333	 0.0247	35.0810	47.2676	PixelFly  	L1.5-	160x60	1.0369	0.1400	0.0600	20	0	 5	150	 200	200	     0
18/10/18 05:03:56	 OT	Pollux         	 2.5416	 1.1316	 2224.4	 2006.8	 1.019509	 1.066548	 0.0000	 0.0000	 0.0429	 0.0325	27.2401	36.0361	PixelFly  	L1.5-	160x60	1.0369	0.1400	0.0600	20	0	 5	150	 200	200	     0
18/10/18 05:04:55	 OT	Pollux         	 3.0879	 1.1205	 2184.5	 1946.7	 1.459673	 1.411663	 0.0000	 0.0000	 0.0346	 0.0274	33.7852	42.6371	PixelFly  	L1.5-	160x60	1.0369	0.1400	0.0600	20	0	 5	150	 200	200	     0
18/10/18 05:12:37	 OT	Aldebaran      	 0.0000	 1.0671	    0.0	    0.0	 0.000000	 0.000000	 0.0000	 0.0000	 0.0000	 0.0000	 0.0000	 0.0000	PixelFly  	L1.5-	160x60	1.0369	0.1400	0.0600	20	0	 5	150	 200	189	    13
18/10/18 05:18:47	 OT	Aldebaran      	 0.0000	 1.0739	    0.0	    0.0	 0.000000	 0.000000	 0.0000	 0.0000	 0.0000	 0.0000	 0.0000	 0.0000	PixelFly  	L1.5-	160x60	1.0369	0.1400	0.0600	20	0	 5	150	 200	189	    13
18/10/18 05:26:15	 OT	Aldebaran      	 0.0000	 1.0891	    0.0	    0.0	 0.000000	 0.000000	 0.0000	 0.0000	 0.0000	 0.0000	 0.0000	 0.0000	PixelFly  	L1.5-	160x60	1.0369	0.1400	0.0600	20	0	 5	150	 200	189	    13
