Fecha Hora	Ubicacion	Objeto	Seeing	Maire	Flujo 1	Flujo 2	Var l	Var t	Centelleo 1	Centelleo 2	r0l	r0t	fwhml	fwmlt	CCD	Software	Ventana	EscalaPlaca	Distancia	Diametro	WinSpot	Gain	Texp	Sampling	N	Muestras	Return
20/09/18 21:37:56	OT	VEGA           	 0.0000	 1.1107	    0.0	    0.0	-0.000000	-0.000000	    0.0	    0.0	    0.0	    0.0	 0.0000	 0.0000	PixelFly	L1.5-	160x 60	1.0216	0.1400	0.0600	20	0	 5	150	 200	  0	    12
20/09/18 21:37:58	OT	VEGA           	 0.0000	 1.1107	    0.0	    0.0	-0.000000	-0.000000	    0.0	    0.0	    0.0	    0.0	 0.0000	 0.0000	PixelFly	L1.5-	160x 60	1.0216	0.1400	0.0600	20	0	 5	150	 200	  0	    12
20/09/18 21:37:59	OT	VEGA           	 0.0000	 1.1108	    0.0	    0.0	-0.000000	-0.000000	    0.0	    0.0	    0.0	    0.0	 0.0000	 0.0000	PixelFly	L1.5-	160x 60	1.0216	0.1400	0.0600	20	0	 5	150	 200	  0	    12
20/09/18 21:38:01	OT	VEGA           	 0.0000	 1.1108	    0.0	    0.0	-0.000000	-0.000000	    0.0	    0.0	    0.0	    0.0	 0.0000	 0.0000	PixelFly	L1.5-	160x 60	1.0216	0.1400	0.0600	20	0	 5	150	 200	  0	    12
20/09/18 21:38:03	OT	VEGA           	 0.0000	 1.1109	    0.0	    0.0	-0.000000	-0.000000	    0.0	    0.0	    0.0	    0.0	 0.0000	 0.0000	PixelFly	L1.5-	160x 60	1.0216	0.1400	0.0600	20	0	 5	150	 200	  0	    12
20/09/18 21:42:17	OT	ALTAIR         	 0.0000	 1.0790	    0.0	    0.0	-0.000000	-0.000000	    0.0	    0.0	    0.0	    0.0	 0.0000	 0.0000	PixelFly	L1.5-	160x 60	1.0216	0.1400	0.0600	20	0	 5	150	 200	  0	    12
20/09/18 21:42:19	OT	ALTAIR         	 0.0000	 1.0790	    0.0	    0.0	-0.000000	-0.000000	    0.0	    0.0	    0.0	    0.0	 0.0000	 0.0000	PixelFly	L1.5-	160x 60	1.0216	0.1400	0.0600	20	0	 5	150	 200	  0	    12
20/09/18 21:42:20	OT	ALTAIR         	 0.0000	 1.0791	    0.0	    0.0	-0.000000	-0.000000	    0.0	    0.0	    0.0	    0.0	 0.0000	 0.0000	PixelFly	L1.5-	160x 60	1.0216	0.1400	0.0600	20	0	 5	150	 200	  0	    12
20/09/18 21:42:22	OT	ALTAIR         	 0.0000	 1.0791	    0.0	    0.0	-0.000000	-0.000000	    0.0	    0.0	    0.0	    0.0	 0.0000	 0.0000	PixelFly	L1.5-	160x 60	1.0216	0.1400	0.0600	20	0	 5	150	 200	  0	    12
20/09/18 21:42:23	OT	ALTAIR         	 0.0000	 1.0791	    0.0	    0.0	-0.000000	-0.000000	    0.0	    0.0	    0.0	    0.0	 0.0000	 0.0000	PixelFly	L1.5-	160x 60	1.0216	0.1400	0.0600	20	0	 5	150	 200	  0	    12
20/09/18 21:44:44	OT	ALTAIR         	 0.0000	 1.0812	    0.0	    0.0	-0.000000	-0.000000	    0.0	    0.0	    0.0	    0.0	 0.0000	 0.0000	PixelFly	L1.5-	160x 60	1.0216	0.1400	0.0600	20	0	 5	150	 200	  0	    12
20/09/18 21:44:46	OT	ALTAIR         	 0.0000	 1.0812	    0.0	    0.0	-0.000000	-0.000000	    0.0	    0.0	    0.0	    0.0	 0.0000	 0.0000	PixelFly	L1.5-	160x 60	1.0216	0.1400	0.0600	20	0	 5	150	 200	  0	    12
20/09/18 21:44:47	OT	ALTAIR         	 0.0000	 1.0812	    0.0	    0.0	-0.000000	-0.000000	    0.0	    0.0	    0.0	    0.0	 0.0000	 0.0000	PixelFly	L1.5-	160x 60	1.0216	0.1400	0.0600	20	0	 5	150	 200	  0	    12
20/09/18 21:44:49	OT	ALTAIR         	 0.0000	 1.0812	    0.0	    0.0	-0.000000	-0.000000	    0.0	    0.0	    0.0	    0.0	 0.0000	 0.0000	PixelFly	L1.5-	160x 60	1.0216	0.1400	0.0600	20	0	 5	150	 200	  0	    12
20/09/18 21:44:50	OT	ALTAIR         	 0.0000	 1.0812	    0.0	    0.0	-0.000000	-0.000000	    0.0	    0.0	    0.0	    0.0	 0.0000	 0.0000	PixelFly	L1.5-	160x 60	1.0216	0.1400	0.0600	20	0	 5	150	 200	  0	    12
20/09/18 21:45:12	OT	ALTAIR         	 0.0000	 1.0816	    0.0	    0.0	-0.000000	-0.000000	    0.0	    0.0	    0.0	    0.0	 0.0000	 0.0000	PixelFly	L1.5-	160x 60	1.0216	0.1400	0.0600	20	0	 5	150	 200	  0	    12
20/09/18 21:45:14	OT	ALTAIR         	 0.0000	 1.0816	    0.0	    0.0	-0.000000	-0.000000	    0.0	    0.0	    0.0	    0.0	 0.0000	 0.0000	PixelFly	L1.5-	160x 60	1.0216	0.1400	0.0600	20	0	 5	150	 200	  0	    12
20/09/18 21:45:15	OT	ALTAIR         	 0.0000	 1.0816	    0.0	    0.0	-0.000000	-0.000000	    0.0	    0.0	    0.0	    0.0	 0.0000	 0.0000	PixelFly	L1.5-	160x 60	1.0216	0.1400	0.0600	20	0	 5	150	 200	  0	    12
20/09/18 21:45:17	OT	ALTAIR         	 0.0000	 1.0817	    0.0	    0.0	-0.000000	-0.000000	    0.0	    0.0	    0.0	    0.0	 0.0000	 0.0000	PixelFly	L1.5-	160x 60	1.0216	0.1400	0.0600	20	0	 5	150	 200	  0	    12
20/09/18 21:45:18	OT	ALTAIR         	 0.0000	 1.0817	    0.0	    0.0	-0.000000	-0.000000	    0.0	    0.0	    0.0	    0.0	 0.0000	 0.0000	PixelFly	L1.5-	160x 60	1.0216	0.1400	0.0600	20	0	 5	150	 200	  0	    12
20/09/18 21:46:27	OT	DENEB          	 0.0000	 1.0456	    0.0	    0.0	-0.000000	-0.000000	    0.0	    0.0	    0.0	    0.0	 0.0000	 0.0000	PixelFly	L1.5-	160x 60	1.0216	0.1400	0.0600	20	0	 5	150	 200	  0	    12
20/09/18 21:46:29	OT	DENEB          	 0.0000	 1.0456	    0.0	    0.0	-0.000000	-0.000000	    0.0	    0.0	    0.0	    0.0	 0.0000	 0.0000	PixelFly	L1.5-	160x 60	1.0216	0.1400	0.0600	20	0	 5	150	 200	  0	    12
20/09/18 21:46:30	OT	DENEB          	 0.0000	 1.0456	    0.0	    0.0	-0.000000	-0.000000	    0.0	    0.0	    0.0	    0.0	 0.0000	 0.0000	PixelFly	L1.5-	160x 60	1.0216	0.1400	0.0600	20	0	 5	150	 200	  0	    12
20/09/18 21:46:31	OT	DENEB          	    0.0	 1.0456	   19.0	   12.0	      0.0	      0.0	    0.0	    0.0	    0.0	    0.0	    0.0	    0.0	PixelFly	L1.5-	160x 60	1.0216	0.1400	0.0600	20	0	 5	150	 200	  1	    12
20/09/18 21:46:32	OT	DENEB          	    0.0	 1.0456	   12.0	   16.0	      0.0	      0.0	    0.0	    0.0	    0.0	    0.0	    0.0	    0.0	PixelFly	L1.5-	160x 60	1.0216	0.1400	0.0600	20	0	 5	150	 200	  1	    12
20/09/18 21:51:40	OT	ALTAIR         	 0.0000	 1.0879	    0.0	    0.0	-0.000000	-0.000000	    0.0	    0.0	    0.0	    0.0	 0.0000	 0.0000	PixelFly	L1.5-	160x 60	1.0216	0.1400	0.0600	20	0	 5	150	 200	  0	    12
20/09/18 21:51:41	OT	ALTAIR         	 0.0000	 1.0879	    0.0	    0.0	-0.000000	-0.000000	    0.0	    0.0	    0.0	    0.0	 0.0000	 0.0000	PixelFly	L1.5-	160x 60	1.0216	0.1400	0.0600	20	0	 5	150	 200	  0	    12
20/09/18 21:51:43	OT	ALTAIR         	 0.0000	 1.0880	    0.0	    0.0	-0.000000	-0.000000	    0.0	    0.0	    0.0	    0.0	 0.0000	 0.0000	PixelFly	L1.5-	160x 60	1.0216	0.1400	0.0600	20	0	 5	150	 200	  0	    12
20/09/18 21:51:44	OT	ALTAIR         	 0.0000	 1.0880	    0.0	    0.0	-0.000000	-0.000000	    0.0	    0.0	    0.0	    0.0	 0.0000	 0.0000	PixelFly	L1.5-	160x 60	1.0216	0.1400	0.0600	20	0	 5	150	 200	  0	    12
20/09/18 21:51:46	OT	ALTAIR         	 0.0000	 1.0880	    0.0	    0.0	-0.000000	-0.000000	    0.0	    0.0	    0.0	    0.0	 0.0000	 0.0000	PixelFly	L1.5-	160x 60	1.0216	0.1400	0.0600	20	0	 5	150	 200	  0	    12
20/09/18 21:53:13	OT	ALTAIR         	 0.0000	 1.0896	    0.0	    0.0	-0.000000	-0.000000	    0.0	    0.0	    0.0	    0.0	 0.0000	 0.0000	PixelFly	L1.5-	160x 60	1.0216	0.1400	0.0600	20	0	 5	150	 200	  0	    12
20/09/18 21:53:15	OT	ALTAIR         	 0.0000	 1.0896	    0.0	    0.0	-0.000000	-0.000000	    0.0	    0.0	    0.0	    0.0	 0.0000	 0.0000	PixelFly	L1.5-	160x 60	1.0216	0.1400	0.0600	20	0	 5	150	 200	  0	    12
20/09/18 21:53:16	OT	ALTAIR         	 0.0000	 1.0896	    0.0	    0.0	-0.000000	-0.000000	    0.0	    0.0	    0.0	    0.0	 0.0000	 0.0000	PixelFly	L1.5-	160x 60	1.0216	0.1400	0.0600	20	0	 5	150	 200	  0	    12
20/09/18 21:53:18	OT	ALTAIR         	 0.0000	 1.0897	    0.0	    0.0	-0.000000	-0.000000	    0.0	    0.0	    0.0	    0.0	 0.0000	 0.0000	PixelFly	L1.5-	160x 60	1.0216	0.1400	0.0600	20	0	 5	150	 200	  0	    12
20/09/18 21:53:19	OT	ALTAIR         	 0.0000	 1.0897	    0.0	    0.0	-0.000000	-0.000000	    0.0	    0.0	    0.0	    0.0	 0.0000	 0.0000	PixelFly	L1.5-	160x 60	1.0216	0.1400	0.0600	20	0	 5	150	 200	  0	    12
20/09/18 21:53:27	OT	ALTAIR         	 0.0000	 1.0898	    0.0	    0.0	-0.000000	-0.000000	    0.0	    0.0	    0.0	    0.0	 0.0000	 0.0000	PixelFly	L1.5-	160x 60	1.0216	0.1400	0.0600	20	0	 5	150	 200	  0	    12
20/09/18 21:53:29	OT	ALTAIR         	 0.0000	 1.0899	    0.0	    0.0	-0.000000	-0.000000	    0.0	    0.0	    0.0	    0.0	 0.0000	 0.0000	PixelFly	L1.5-	160x 60	1.0216	0.1400	0.0600	20	0	 5	150	 200	  0	    12
20/09/18 21:53:30	OT	ALTAIR         	 0.0000	 1.0899	    0.0	    0.0	-0.000000	-0.000000	    0.0	    0.0	    0.0	    0.0	 0.0000	 0.0000	PixelFly	L1.5-	160x 60	1.0216	0.1400	0.0600	20	0	 5	150	 200	  0	    12
20/09/18 21:53:32	OT	ALTAIR         	 0.0000	 1.0899	    0.0	    0.0	-0.000000	-0.000000	    0.0	    0.0	    0.0	    0.0	 0.0000	 0.0000	PixelFly	L1.5-	160x 60	1.0216	0.1400	0.0600	20	0	 5	150	 200	  0	    12
20/09/18 21:53:33	OT	ALTAIR         	 0.0000	 1.0899	    0.0	    0.0	-0.000000	-0.000000	    0.0	    0.0	    0.0	    0.0	 0.0000	 0.0000	PixelFly	L1.5-	160x 60	1.0216	0.1400	0.0600	20	0	 5	150	 200	  0	    12
20/09/18 22:01:45	OT	ALTAIR         	 0.0000	 1.0996	    0.0	    0.0	-0.000000	-0.000000	    0.0	    0.0	    0.0	    0.0	 0.0000	 0.0000	PixelFly	L1.5-	160x 60	1.0216	0.1400	0.0600	20	0	 5	150	 200	  0	    12
20/09/18 22:01:46	OT	ALTAIR         	 0.0000	 1.0996	    0.0	    0.0	-0.000000	-0.000000	    0.0	    0.0	    0.0	    0.0	 0.0000	 0.0000	PixelFly	L1.5-	160x 60	1.0216	0.1400	0.0600	20	0	 5	150	 200	  0	    12
20/09/18 22:01:48	OT	ALTAIR         	 0.0000	 1.0996	    0.0	    0.0	-0.000000	-0.000000	    0.0	    0.0	    0.0	    0.0	 0.0000	 0.0000	PixelFly	L1.5-	160x 60	1.0216	0.1400	0.0600	20	0	 5	150	 200	  0	    12
20/09/18 22:01:49	OT	ALTAIR         	 0.0000	 1.0997	    0.0	    0.0	-0.000000	-0.000000	    0.0	    0.0	    0.0	    0.0	 0.0000	 0.0000	PixelFly	L1.5-	160x 60	1.0216	0.1400	0.0600	20	0	 5	150	 200	  0	    12
20/09/18 22:01:51	OT	ALTAIR         	 0.0000	 1.0997	    0.0	    0.0	-0.000000	-0.000000	    0.0	    0.0	    0.0	    0.0	 0.0000	 0.0000	PixelFly	L1.5-	160x 60	1.0216	0.1400	0.0600	20	0	 5	150	 200	  0	    12
20/09/18 22:23:51	OT	ALTAIR         	 0.0000	 1.1332	    0.0	    0.0	-0.000000	-0.000000	    0.0	    0.0	    0.0	    0.0	 0.0000	 0.0000	PixelFly	L1.5-	160x 60	1.0216	0.1400	0.0600	20	0	 5	150	 200	  0	    12
20/09/18 22:23:52	OT	ALTAIR         	 0.0000	 1.1333	    0.0	    0.0	-0.000000	-0.000000	    0.0	    0.0	    0.0	    0.0	 0.0000	 0.0000	PixelFly	L1.5-	160x 60	1.0216	0.1400	0.0600	20	0	 5	150	 200	  0	    12
20/09/18 22:23:54	OT	ALTAIR         	 0.0000	 1.1333	    0.0	    0.0	-0.000000	-0.000000	    0.0	    0.0	    0.0	    0.0	 0.0000	 0.0000	PixelFly	L1.5-	160x 60	1.0216	0.1400	0.0600	20	0	 5	150	 200	  0	    12
20/09/18 22:23:55	OT	ALTAIR         	 0.0000	 1.1334	    0.0	    0.0	-0.000000	-0.000000	    0.0	    0.0	    0.0	    0.0	 0.0000	 0.0000	PixelFly	L1.5-	160x 60	1.0216	0.1400	0.0600	20	0	 5	150	 200	  0	    12
20/09/18 22:23:57	OT	ALTAIR         	 0.0000	 1.1334	    0.0	    0.0	-0.000000	-0.000000	    0.0	    0.0	    0.0	    0.0	 0.0000	 0.0000	PixelFly	L1.5-	160x 60	1.0216	0.1400	0.0600	20	0	 5	150	 200	  0	    12
20/09/18 22:30:39	OT	DENEB          	 0.0000	 1.0572	    0.0	    0.0	-0.000000	-0.000000	    0.0	    0.0	    0.0	    0.0	 0.0000	 0.0000	PixelFly	L1.5-	160x 60	1.0216	0.1400	0.0600	20	0	 5	150	 200	  0	    12
20/09/18 22:30:40	OT	DENEB          	 0.0000	 1.0572	    0.0	    0.0	-0.000000	-0.000000	    0.0	    0.0	    0.0	    0.0	 0.0000	 0.0000	PixelFly	L1.5-	160x 60	1.0216	0.1400	0.0600	20	0	 5	150	 200	  0	    12
20/09/18 22:30:42	OT	DENEB          	 0.0000	 1.0572	    0.0	    0.0	-0.000000	-0.000000	    0.0	    0.0	    0.0	    0.0	 0.0000	 0.0000	PixelFly	L1.5-	160x 60	1.0216	0.1400	0.0600	20	0	 5	150	 200	  0	    12
20/09/18 22:30:43	OT	DENEB          	 0.0000	 1.0572	    0.0	    0.0	-0.000000	-0.000000	    0.0	    0.0	    0.0	    0.0	 0.0000	 0.0000	PixelFly	L1.5-	160x 60	1.0216	0.1400	0.0600	20	0	 5	150	 200	  0	    12
20/09/18 22:30:45	OT	DENEB          	 0.0000	 1.0572	    0.0	    0.0	-0.000000	-0.000000	    0.0	    0.0	    0.0	    0.0	 0.0000	 0.0000	PixelFly	L1.5-	160x 60	1.0216	0.1400	0.0600	20	0	 5	150	 200	  0	    12
20/09/18 22:42:47	OT	DENEB          	 0.0000	 1.0649	    0.0	    0.0	-0.000000	-0.000000	    0.0	    0.0	    0.0	    0.0	 0.0000	 0.0000	PixelFly	L1.5-	160x 60	1.0216	0.1400	0.0600	20	0	 5	150	 200	  0	    12
20/09/18 22:42:48	OT	DENEB          	 0.0000	 1.0649	    0.0	    0.0	-0.000000	-0.000000	    0.0	    0.0	    0.0	    0.0	 0.0000	 0.0000	PixelFly	L1.5-	160x 60	1.0216	0.1400	0.0600	20	0	 5	150	 200	  0	    12
20/09/18 22:42:50	OT	DENEB          	 0.0000	 1.0649	    0.0	    0.0	-0.000000	-0.000000	    0.0	    0.0	    0.0	    0.0	 0.0000	 0.0000	PixelFly	L1.5-	160x 60	1.0216	0.1400	0.0600	20	0	 5	150	 200	  0	    12
20/09/18 22:42:51	OT	DENEB          	 0.0000	 1.0650	    0.0	    0.0	-0.000000	-0.000000	    0.0	    0.0	    0.0	    0.0	 0.0000	 0.0000	PixelFly	L1.5-	160x 60	1.0216	0.1400	0.0600	20	0	 5	150	 200	  0	    12
20/09/18 22:42:53	OT	DENEB          	 0.0000	 1.0650	    0.0	    0.0	-0.000000	-0.000000	    0.0	    0.0	    0.0	    0.0	 0.0000	 0.0000	PixelFly	L1.5-	160x 60	1.0216	0.1400	0.0600	20	0	 5	150	 200	  0	    12
20/09/18 22:55:00	OT	DENEB          	 0.0000	 1.0748	    0.0	    0.0	-0.000000	-0.000000	    0.0	    0.0	    0.0	    0.0	 0.0000	 0.0000	PixelFly	L1.5-	160x 60	1.0216	0.1400	0.0600	20	0	 5	150	 200	  0	    12
20/09/18 22:55:01	OT	DENEB          	 0.0000	 1.0748	    0.0	    0.0	-0.000000	-0.000000	    0.0	    0.0	    0.0	    0.0	 0.0000	 0.0000	PixelFly	L1.5-	160x 60	1.0216	0.1400	0.0600	20	0	 5	150	 200	  0	    12
20/09/18 22:55:03	OT	DENEB          	 0.0000	 1.0748	    0.0	    0.0	-0.000000	-0.000000	    0.0	    0.0	    0.0	    0.0	 0.0000	 0.0000	PixelFly	L1.5-	160x 60	1.0216	0.1400	0.0600	20	0	 5	150	 200	  0	    12
20/09/18 22:55:04	OT	DENEB          	 0.0000	 1.0749	    0.0	    0.0	-0.000000	-0.000000	    0.0	    0.0	    0.0	    0.0	 0.0000	 0.0000	PixelFly	L1.5-	160x 60	1.0216	0.1400	0.0600	20	0	 5	150	 200	  0	    12
20/09/18 22:55:06	OT	DENEB          	 0.0000	 1.0749	    0.0	    0.0	-0.000000	-0.000000	    0.0	    0.0	    0.0	    0.0	 0.0000	 0.0000	PixelFly	L1.5-	160x 60	1.0216	0.1400	0.0600	20	0	 5	150	 200	  0	    12
20/09/18 23:03:54	OT	DENEB          	 0.0000	 1.0834	    0.0	    0.0	-0.000000	-0.000000	    0.0	    0.0	    0.0	    0.0	 0.0000	 0.0000	PixelFly	L1.5-	160x 60	1.0216	0.1400	0.0600	20	0	 5	150	 200	  0	    12
20/09/18 23:03:56	OT	DENEB          	 0.0000	 1.0834	    0.0	    0.0	-0.000000	-0.000000	    0.0	    0.0	    0.0	    0.0	 0.0000	 0.0000	PixelFly	L1.5-	160x 60	1.0216	0.1400	0.0600	20	0	 5	150	 200	  0	    12
20/09/18 23:03:57	OT	DENEB          	 0.0000	 1.0834	    0.0	    0.0	-0.000000	-0.000000	    0.0	    0.0	    0.0	    0.0	 0.0000	 0.0000	PixelFly	L1.5-	160x 60	1.0216	0.1400	0.0600	20	0	 5	150	 200	  0	    12
20/09/18 23:03:59	OT	DENEB          	 0.0000	 1.0835	    0.0	    0.0	-0.000000	-0.000000	    0.0	    0.0	    0.0	    0.0	 0.0000	 0.0000	PixelFly	L1.5-	160x 60	1.0216	0.1400	0.0600	20	0	 5	150	 200	  0	    12
20/09/18 23:04:00	OT	DENEB          	 0.0000	 1.0835	    0.0	    0.0	-0.000000	-0.000000	    0.0	    0.0	    0.0	    0.0	 0.0000	 0.0000	PixelFly	L1.5-	160x 60	1.0216	0.1400	0.0600	20	0	 5	150	 200	  0	    12
20/09/18 23:09:59	OT	DENEB          	 0.0000	 1.0899	    0.0	    0.0	-0.000000	-0.000000	    0.0	    0.0	    0.0	    0.0	 0.0000	 0.0000	PixelFly	L1.5-	160x 60	1.0216	0.1400	0.0600	20	0	 5	150	 200	  0	    12
20/09/18 23:10:00	OT	DENEB          	 0.0000	 1.0899	    0.0	    0.0	-0.000000	-0.000000	    0.0	    0.0	    0.0	    0.0	 0.0000	 0.0000	PixelFly	L1.5-	160x 60	1.0216	0.1400	0.0600	20	0	 5	150	 200	  0	    12
20/09/18 23:10:02	OT	DENEB          	 0.0000	 1.0900	    0.0	    0.0	-0.000000	-0.000000	    0.0	    0.0	    0.0	    0.0	 0.0000	 0.0000	PixelFly	L1.5-	160x 60	1.0216	0.1400	0.0600	20	0	 5	150	 200	  0	    12
20/09/18 23:10:03	OT	DENEB          	 0.0000	 1.0900	    0.0	    0.0	-0.000000	-0.000000	    0.0	    0.0	    0.0	    0.0	 0.0000	 0.0000	PixelFly	L1.5-	160x 60	1.0216	0.1400	0.0600	20	0	 5	150	 200	  0	    12
20/09/18 23:10:05	OT	DENEB          	 0.0000	 1.0900	    0.0	    0.0	-0.000000	-0.000000	    0.0	    0.0	    0.0	    0.0	 0.0000	 0.0000	PixelFly	L1.5-	160x 60	1.0216	0.1400	0.0600	20	0	 5	150	 200	  0	    12
21/09/18 00:44:55	OT	MARKAB         	 0.0000	 1.0364	    0.0	    0.0	-0.000000	-0.000000	    0.0	    0.0	    0.0	    0.0	 0.0000	 0.0000	PixelFly	L1.5-	160x 60	1.0216	0.1400	0.0600	20	0	 5	150	 200	  0	    12
21/09/18 00:44:56	OT	MARKAB         	 0.0000	 1.0364	    0.0	    0.0	-0.000000	-0.000000	    0.0	    0.0	    0.0	    0.0	 0.0000	 0.0000	PixelFly	L1.5-	160x 60	1.0216	0.1400	0.0600	20	0	 5	150	 200	  0	    12
21/09/18 00:44:58	OT	MARKAB         	 0.0000	 1.0364	    0.0	    0.0	-0.000000	-0.000000	    0.0	    0.0	    0.0	    0.0	 0.0000	 0.0000	PixelFly	L1.5-	160x 60	1.0216	0.1400	0.0600	20	0	 5	150	 200	  0	    12
21/09/18 00:44:59	OT	MARKAB         	 0.0000	 1.0364	    0.0	    0.0	-0.000000	-0.000000	    0.0	    0.0	    0.0	    0.0	 0.0000	 0.0000	PixelFly	L1.5-	160x 60	1.0216	0.1400	0.0600	20	0	 5	150	 200	  0	    12
21/09/18 00:45:01	OT	MARKAB         	 0.0000	 1.0364	    0.0	    0.0	-0.000000	-0.000000	    0.0	    0.0	    0.0	    0.0	 0.0000	 0.0000	PixelFly	L1.5-	160x 60	1.0216	0.1400	0.0600	20	0	 5	150	 200	  0	    12
21/09/18 01:11:36	OT	MARKAB         	 0.0000	 1.0585	    0.0	    0.0	-0.000000	-0.000000	    0.0	    0.0	    0.0	    0.0	 0.0000	 0.0000	PixelFly	L1.5-	160x 60	1.0216	0.1400	0.0600	20	0	 5	150	 200	  0	    12
21/09/18 01:11:38	OT	MARKAB         	 0.0000	 1.0585	    0.0	    0.0	-0.000000	-0.000000	    0.0	    0.0	    0.0	    0.0	 0.0000	 0.0000	PixelFly	L1.5-	160x 60	1.0216	0.1400	0.0600	20	0	 5	150	 200	  0	    12
21/09/18 01:11:39	OT	MARKAB         	 0.0000	 1.0585	    0.0	    0.0	-0.000000	-0.000000	    0.0	    0.0	    0.0	    0.0	 0.0000	 0.0000	PixelFly	L1.5-	160x 60	1.0216	0.1400	0.0600	20	0	 5	150	 200	  0	    12
21/09/18 01:11:41	OT	MARKAB         	 0.0000	 1.0586	    0.0	    0.0	-0.000000	-0.000000	    0.0	    0.0	    0.0	    0.0	 0.0000	 0.0000	PixelFly	L1.5-	160x 60	1.0216	0.1400	0.0600	20	0	 5	150	 200	  0	    12
21/09/18 01:11:42	OT	MARKAB         	 0.0000	 1.0586	    0.0	    0.0	-0.000000	-0.000000	    0.0	    0.0	    0.0	    0.0	 0.0000	 0.0000	PixelFly	L1.5-	160x 60	1.0216	0.1400	0.0600	20	0	 5	150	 200	  0	    12
21/09/18 01:14:47	OT	MARKAB         	 0.0000	 1.0620	    0.0	    0.0	-0.000000	-0.000000	    0.0	    0.0	    0.0	    0.0	 0.0000	 0.0000	PixelFly	L1.5-	160x 60	1.0216	0.1400	0.0600	20	0	 5	150	 200	  0	    12
21/09/18 01:14:49	OT	MARKAB         	 0.0000	 1.0621	    0.0	    0.0	-0.000000	-0.000000	    0.0	    0.0	    0.0	    0.0	 0.0000	 0.0000	PixelFly	L1.5-	160x 60	1.0216	0.1400	0.0600	20	0	 5	150	 200	  0	    12
21/09/18 01:14:50	OT	MARKAB         	 0.0000	 1.0621	    0.0	    0.0	-0.000000	-0.000000	    0.0	    0.0	    0.0	    0.0	 0.0000	 0.0000	PixelFly	L1.5-	160x 60	1.0216	0.1400	0.0600	20	0	 5	150	 200	  0	    12
21/09/18 01:14:52	OT	MARKAB         	 0.0000	 1.0621	    0.0	    0.0	-0.000000	-0.000000	    0.0	    0.0	    0.0	    0.0	 0.0000	 0.0000	PixelFly	L1.5-	160x 60	1.0216	0.1400	0.0600	20	0	 5	150	 200	  0	    12
21/09/18 01:14:53	OT	MARKAB         	 0.0000	 1.0621	    0.0	    0.0	-0.000000	-0.000000	    0.0	    0.0	    0.0	    0.0	 0.0000	 0.0000	PixelFly	L1.5-	160x 60	1.0216	0.1400	0.0600	20	0	 5	150	 200	  0	    12
21/09/18 01:17:30	OT	MARKAB         	 0.0000	 1.0652	    0.0	    0.0	-0.000000	-0.000000	    0.0	    0.0	    0.0	    0.0	 0.0000	 0.0000	PixelFly	L1.5-	160x 60	1.0216	0.1400	0.0600	20	0	 5	150	 200	  0	    12
21/09/18 01:17:31	OT	MARKAB         	 0.0000	 1.0652	    0.0	    0.0	-0.000000	-0.000000	    0.0	    0.0	    0.0	    0.0	 0.0000	 0.0000	PixelFly	L1.5-	160x 60	1.0216	0.1400	0.0600	20	0	 5	150	 200	  0	    12
21/09/18 01:17:33	OT	MARKAB         	 0.0000	 1.0653	    0.0	    0.0	-0.000000	-0.000000	    0.0	    0.0	    0.0	    0.0	 0.0000	 0.0000	PixelFly	L1.5-	160x 60	1.0216	0.1400	0.0600	20	0	 5	150	 200	  0	    12
21/09/18 01:17:34	OT	MARKAB         	 0.0000	 1.0653	    0.0	    0.0	-0.000000	-0.000000	    0.0	    0.0	    0.0	    0.0	 0.0000	 0.0000	PixelFly	L1.5-	160x 60	1.0216	0.1400	0.0600	20	0	 5	150	 200	  0	    12
21/09/18 01:17:36	OT	MARKAB         	 0.0000	 1.0653	    0.0	    0.0	-0.000000	-0.000000	    0.0	    0.0	    0.0	    0.0	 0.0000	 0.0000	PixelFly	L1.5-	160x 60	1.0216	0.1400	0.0600	20	0	 5	150	 200	  0	    12
21/09/18 02:20:19	OT	ALPHERATZ      	 0.0000	 1.0324	    0.0	    0.0	-0.000000	-0.000000	    0.0	    0.0	    0.0	    0.0	 0.0000	 0.0000	PixelFly	L1.5-	160x 60	1.0216	0.1400	0.0600	20	0	 5	150	 200	  0	    12
21/09/18 02:20:21	OT	ALPHERATZ      	 0.0000	 1.0324	    0.0	    0.0	-0.000000	-0.000000	    0.0	    0.0	    0.0	    0.0	 0.0000	 0.0000	PixelFly	L1.5-	160x 60	1.0216	0.1400	0.0600	20	0	 5	150	 200	  0	    12
21/09/18 02:20:22	OT	ALPHERATZ      	 0.0000	 1.0324	    0.0	    0.0	-0.000000	-0.000000	    0.0	    0.0	    0.0	    0.0	 0.0000	 0.0000	PixelFly	L1.5-	160x 60	1.0216	0.1400	0.0600	20	0	 5	150	 200	  0	    12
21/09/18 02:20:24	OT	ALPHERATZ      	 0.0000	 1.0325	    0.0	    0.0	-0.000000	-0.000000	    0.0	    0.0	    0.0	    0.0	 0.0000	 0.0000	PixelFly	L1.5-	160x 60	1.0216	0.1400	0.0600	20	0	 5	150	 200	  0	    12
21/09/18 02:20:25	OT	ALPHERATZ      	 0.0000	 1.0325	    0.0	    0.0	-0.000000	-0.000000	    0.0	    0.0	    0.0	    0.0	 0.0000	 0.0000	PixelFly	L1.5-	160x 60	1.0216	0.1400	0.0600	20	0	 5	150	 200	  0	    12
21/09/18 02:20:33	OT	ALPHERATZ      	 0.0000	 1.0326	    0.0	    0.0	-0.000000	-0.000000	    0.0	    0.0	    0.0	    0.0	 0.0000	 0.0000	PixelFly	L1.5-	160x 60	1.0216	0.1400	0.0600	20	0	 5	150	 200	  0	    12
21/09/18 02:20:34	OT	ALPHERATZ      	 0.0000	 1.0326	    0.0	    0.0	-0.000000	-0.000000	    0.0	    0.0	    0.0	    0.0	 0.0000	 0.0000	PixelFly	L1.5-	160x 60	1.0216	0.1400	0.0600	20	0	 5	150	 200	  0	    12
21/09/18 02:20:36	OT	ALPHERATZ      	 0.0000	 1.0327	    0.0	    0.0	-0.000000	-0.000000	    0.0	    0.0	    0.0	    0.0	 0.0000	 0.0000	PixelFly	L1.5-	160x 60	1.0216	0.1400	0.0600	20	0	 5	150	 200	  0	    12
21/09/18 02:20:37	OT	ALPHERATZ      	 0.0000	 1.0327	    0.0	    0.0	-0.000000	-0.000000	    0.0	    0.0	    0.0	    0.0	 0.0000	 0.0000	PixelFly	L1.5-	160x 60	1.0216	0.1400	0.0600	20	0	 5	150	 200	  0	    12
21/09/18 02:20:39	OT	ALPHERATZ      	 0.0000	 1.0327	    0.0	    0.0	-0.000000	-0.000000	    0.0	    0.0	    0.0	    0.0	 0.0000	 0.0000	PixelFly	L1.5-	160x 60	1.0216	0.1400	0.0600	20	0	 5	150	 200	  0	    12
