Fecha Hora	Ubicacion	Objeto	Seeing	Maire	Flujo 1	Flujo 2	Var l	Var t	Centelleo 1	Centelleo 2	r0l	r0t	fwhml	fwmlt	CCD	Software	Ventana	EscalaPlaca	Distancia	Diametro	WinSpot	Gain	Texp	Sampling	N	Muestras	Return
15/09/18 23:38:45	OT	ENIF           	 0.0000	 1.0613	    0.0	    0.0	-0.000000	-0.000000	    0.0	    0.0	    0.0	    0.0	 0.0000	 0.0000	PixelFly	L1.5-	160x 60	1.0216	0.1400	0.0600	20	0	 5	150	 200	  0	    12
15/09/18 23:38:46	OT	ENIF           	 0.0000	 1.0613	    0.0	    0.0	-0.000000	-0.000000	    0.0	    0.0	    0.0	    0.0	 0.0000	 0.0000	PixelFly	L1.5-	160x 60	1.0216	0.1400	0.0600	20	0	 5	150	 200	  0	    12
15/09/18 23:38:48	OT	ENIF           	 0.0000	 1.0613	    0.0	    0.0	-0.000000	-0.000000	    0.0	    0.0	    0.0	    0.0	 0.0000	 0.0000	PixelFly	L1.5-	160x 60	1.0216	0.1400	0.0600	20	0	 5	150	 200	  0	    12
15/09/18 23:38:49	OT	ENIF           	 0.0000	 1.0613	    0.0	    0.0	-0.000000	-0.000000	    0.0	    0.0	    0.0	    0.0	 0.0000	 0.0000	PixelFly	L1.5-	160x 60	1.0216	0.1400	0.0600	20	0	 5	150	 200	  0	    12
15/09/18 23:38:51	OT	ENIF           	 0.0000	 1.0613	    0.0	    0.0	-0.000000	-0.000000	    0.0	    0.0	    0.0	    0.0	 0.0000	 0.0000	PixelFly	L1.5-	160x 60	1.0216	0.1400	0.0600	20	0	 5	150	 200	  0	    12
15/09/18 23:39:08	OT	ENIF           	 0.0000	 1.0615	    0.0	    0.0	-0.000000	-0.000000	    0.0	    0.0	    0.0	    0.0	 0.0000	 0.0000	PixelFly	L1.5-	160x 60	1.0216	0.1400	0.0600	20	0	 5	150	 200	  0	    12
15/09/18 23:39:10	OT	ENIF           	 0.0000	 1.0615	    0.0	    0.0	-0.000000	-0.000000	    0.0	    0.0	    0.0	    0.0	 0.0000	 0.0000	PixelFly	L1.5-	160x 60	1.0216	0.1400	0.0600	20	0	 5	150	 200	  0	    12
15/09/18 23:39:11	OT	ENIF           	 0.0000	 1.0615	    0.0	    0.0	-0.000000	-0.000000	    0.0	    0.0	    0.0	    0.0	 0.0000	 0.0000	PixelFly	L1.5-	160x 60	1.0216	0.1400	0.0600	20	0	 5	150	 200	  0	    12
15/09/18 23:39:13	OT	ENIF           	 0.0000	 1.0615	    0.0	    0.0	-0.000000	-0.000000	    0.0	    0.0	    0.0	    0.0	 0.0000	 0.0000	PixelFly	L1.5-	160x 60	1.0216	0.1400	0.0600	20	0	 5	150	 200	  0	    12
15/09/18 23:39:14	OT	ENIF           	 0.0000	 1.0615	    0.0	    0.0	-0.000000	-0.000000	    0.0	    0.0	    0.0	    0.0	 0.0000	 0.0000	PixelFly	L1.5-	160x 60	1.0216	0.1400	0.0600	20	0	 5	150	 200	  0	    12
15/09/18 23:39:41	OT	ENIF           	 0.0000	 1.0618	    0.0	    0.0	-0.000000	-0.000000	    0.0	    0.0	    0.0	    0.0	 0.0000	 0.0000	PixelFly	L1.5-	160x 60	1.0216	0.1400	0.0600	20	0	 5	150	 200	  0	    12
15/09/18 23:39:42	OT	ENIF           	 0.0000	 1.0618	    0.0	    0.0	-0.000000	-0.000000	    0.0	    0.0	    0.0	    0.0	 0.0000	 0.0000	PixelFly	L1.5-	160x 60	1.0216	0.1400	0.0600	20	0	 5	150	 200	  0	    12
15/09/18 23:39:44	OT	ENIF           	 0.0000	 1.0618	    0.0	    0.0	-0.000000	-0.000000	    0.0	    0.0	    0.0	    0.0	 0.0000	 0.0000	PixelFly	L1.5-	160x 60	1.0216	0.1400	0.0600	20	0	 5	150	 200	  0	    12
15/09/18 23:39:45	OT	ENIF           	 0.0000	 1.0618	    0.0	    0.0	-0.000000	-0.000000	    0.0	    0.0	    0.0	    0.0	 0.0000	 0.0000	PixelFly	L1.5-	160x 60	1.0216	0.1400	0.0600	20	0	 5	150	 200	  0	    12
15/09/18 23:39:47	OT	ENIF           	 0.0000	 1.0618	    0.0	    0.0	-0.000000	-0.000000	    0.0	    0.0	    0.0	    0.0	 0.0000	 0.0000	PixelFly	L1.5-	160x 60	1.0216	0.1400	0.0600	20	0	 5	150	 200	  0	    12
15/09/18 23:39:59	OT	ENIF           	 0.0000	 1.0620	    0.0	    0.0	-0.000000	-0.000000	    0.0	    0.0	    0.0	    0.0	 0.0000	 0.0000	PixelFly	L1.5-	160x 60	1.0216	0.1400	0.0600	20	0	 5	150	 200	  0	    12
15/09/18 23:40:01	OT	ENIF           	 0.0000	 1.0620	    0.0	    0.0	-0.000000	-0.000000	    0.0	    0.0	    0.0	    0.0	 0.0000	 0.0000	PixelFly	L1.5-	160x 60	1.0216	0.1400	0.0600	20	0	 5	150	 200	  0	    12
15/09/18 23:40:02	OT	ENIF           	 0.0000	 1.0620	    0.0	    0.0	-0.000000	-0.000000	    0.0	    0.0	    0.0	    0.0	 0.0000	 0.0000	PixelFly	L1.5-	160x 60	1.0216	0.1400	0.0600	20	0	 5	150	 200	  0	    12
15/09/18 23:40:04	OT	ENIF           	 0.0000	 1.0620	    0.0	    0.0	-0.000000	-0.000000	    0.0	    0.0	    0.0	    0.0	 0.0000	 0.0000	PixelFly	L1.5-	160x 60	1.0216	0.1400	0.0600	20	0	 5	150	 200	  0	    12
15/09/18 23:40:05	OT	ENIF           	 0.0000	 1.0620	    0.0	    0.0	-0.000000	-0.000000	    0.0	    0.0	    0.0	    0.0	 0.0000	 0.0000	PixelFly	L1.5-	160x 60	1.0216	0.1400	0.0600	20	0	 5	150	 200	  0	    12
15/09/18 23:57:21	OT	ENIF           	 0.0000	 1.0744	    0.0	    0.0	-0.000000	-0.000000	    0.0	    0.0	    0.0	    0.0	 0.0000	 0.0000	PixelFly	L1.5-	160x 60	1.0216	0.1400	0.0600	20	0	 5	150	 200	  0	    99
15/09/18 23:57:39	OT	ENIF           	 0.0000	 1.0746	    0.0	    0.0	-0.000000	-0.000000	    0.0	    0.0	    0.0	    0.0	 0.0000	 0.0000	PixelFly	L1.5-	160x 60	1.0216	0.1400	0.0600	20	0	 5	150	 200	  0	    12
15/09/18 23:57:41	OT	ENIF           	 0.0000	 1.0747	    0.0	    0.0	-0.000000	-0.000000	    0.0	    0.0	    0.0	    0.0	 0.0000	 0.0000	PixelFly	L1.5-	160x 60	1.0216	0.1400	0.0600	20	0	 5	150	 200	  0	    12
15/09/18 23:57:42	OT	ENIF           	 0.0000	 1.0747	    0.0	    0.0	-0.000000	-0.000000	    0.0	    0.0	    0.0	    0.0	 0.0000	 0.0000	PixelFly	L1.5-	160x 60	1.0216	0.1400	0.0600	20	0	 5	150	 200	  0	    12
15/09/18 23:57:44	OT	ENIF           	 0.0000	 1.0747	    0.0	    0.0	-0.000000	-0.000000	    0.0	    0.0	    0.0	    0.0	 0.0000	 0.0000	PixelFly	L1.5-	160x 60	1.0216	0.1400	0.0600	20	0	 5	150	 200	  0	    12
15/09/18 23:57:45	OT	ENIF           	 0.0000	 1.0747	    0.0	    0.0	-0.000000	-0.000000	    0.0	    0.0	    0.0	    0.0	 0.0000	 0.0000	PixelFly	L1.5-	160x 60	1.0216	0.1400	0.0600	20	0	 5	150	 200	  0	    12
16/09/18 01:59:36	OT	ALPHERATZ      	 0.0000	 1.0047	    0.0	    0.0	-0.000000	-0.000000	    0.0	    0.0	    0.0	    0.0	 0.0000	 0.0000	PixelFly	L1.5-	160x 60	1.0216	0.1400	0.0600	20	0	 5	150	 200	  0	    12
16/09/18 01:59:37	OT	ALPHERATZ      	 0.0000	 1.0047	    0.0	    0.0	-0.000000	-0.000000	    0.0	    0.0	    0.0	    0.0	 0.0000	 0.0000	PixelFly	L1.5-	160x 60	1.0216	0.1400	0.0600	20	0	 5	150	 200	  0	    12
16/09/18 01:59:39	OT	ALPHERATZ      	 0.0000	 1.0047	    0.0	    0.0	-0.000000	-0.000000	    0.0	    0.0	    0.0	    0.0	 0.0000	 0.0000	PixelFly	L1.5-	160x 60	1.0216	0.1400	0.0600	20	0	 5	150	 200	  0	    12
16/09/18 01:59:40	OT	ALPHERATZ      	 0.0000	 1.0047	    0.0	    0.0	-0.000000	-0.000000	    0.0	    0.0	    0.0	    0.0	 0.0000	 0.0000	PixelFly	L1.5-	160x 60	1.0216	0.1400	0.0600	20	0	 5	150	 200	  0	    12
16/09/18 01:59:42	OT	ALPHERATZ      	 0.0000	 1.0048	    0.0	    0.0	-0.000000	-0.000000	    0.0	    0.0	    0.0	    0.0	 0.0000	 0.0000	PixelFly	L1.5-	160x 60	1.0216	0.1400	0.0600	20	0	 5	150	 200	  0	    12
16/09/18 02:06:22	OT	ALPHERATZ      	 0.0000	 1.0076	    0.0	    0.0	-0.000000	-0.000000	    0.0	    0.0	    0.0	    0.0	 0.0000	 0.0000	PixelFly	L1.5-	160x 60	1.0216	0.1400	0.0600	20	0	 5	150	 200	  0	    12
16/09/18 02:06:23	OT	ALPHERATZ      	 0.0000	 1.0076	    0.0	    0.0	-0.000000	-0.000000	    0.0	    0.0	    0.0	    0.0	 0.0000	 0.0000	PixelFly	L1.5-	160x 60	1.0216	0.1400	0.0600	20	0	 5	150	 200	  0	    12
16/09/18 02:06:25	OT	ALPHERATZ      	 0.0000	 1.0076	    0.0	    0.0	-0.000000	-0.000000	    0.0	    0.0	    0.0	    0.0	 0.0000	 0.0000	PixelFly	L1.5-	160x 60	1.0216	0.1400	0.0600	20	0	 5	150	 200	  0	    12
16/09/18 02:06:26	OT	ALPHERATZ      	 0.0000	 1.0076	    0.0	    0.0	-0.000000	-0.000000	    0.0	    0.0	    0.0	    0.0	 0.0000	 0.0000	PixelFly	L1.5-	160x 60	1.0216	0.1400	0.0600	20	0	 5	150	 200	  0	    12
16/09/18 02:06:28	OT	ALPHERATZ      	 0.0000	 1.0076	    0.0	    0.0	-0.000000	-0.000000	    0.0	    0.0	    0.0	    0.0	 0.0000	 0.0000	PixelFly	L1.5-	160x 60	1.0216	0.1400	0.0600	20	0	 5	150	 200	  0	    12
16/09/18 03:14:04	OT	MIRACH         	 0.0000	 1.0185	    0.0	    0.0	-0.000000	-0.000000	    0.0	    0.0	    0.0	    0.0	 0.0000	 0.0000	PixelFly	L1.5-	160x 60	1.0216	0.1400	0.0600	20	0	 5	150	 200	  0	    12
16/09/18 03:14:05	OT	MIRACH         	 0.0000	 1.0185	    0.0	    0.0	-0.000000	-0.000000	    0.0	    0.0	    0.0	    0.0	 0.0000	 0.0000	PixelFly	L1.5-	160x 60	1.0216	0.1400	0.0600	20	0	 5	150	 200	  0	    12
16/09/18 03:14:07	OT	MIRACH         	 0.0000	 1.0185	    0.0	    0.0	-0.000000	-0.000000	    0.0	    0.0	    0.0	    0.0	 0.0000	 0.0000	PixelFly	L1.5-	160x 60	1.0216	0.1400	0.0600	20	0	 5	150	 200	  0	    12
16/09/18 03:14:08	OT	MIRACH         	 0.0000	 1.0185	    0.0	    0.0	-0.000000	-0.000000	    0.0	    0.0	    0.0	    0.0	 0.0000	 0.0000	PixelFly	L1.5-	160x 60	1.0216	0.1400	0.0600	20	0	 5	150	 200	  0	    12
16/09/18 03:14:10	OT	MIRACH         	 0.0000	 1.0186	    0.0	    0.0	-0.000000	-0.000000	    0.0	    0.0	    0.0	    0.0	 0.0000	 0.0000	PixelFly	L1.5-	160x 60	1.0216	0.1400	0.0600	20	0	 5	150	 200	  0	    12
