Fecha Hora	Ubicacion	Objeto	Seeing	Maire	Flujo 1	Flujo 2	Var l	Var t	Centelleo 1	Centelleo 2	r0l	r0t	fwhml	fwmlt	CCD	Software	Ventana	EscalaPlaca	Distancia	Diametro	WinSpot	Gain	Texp	Sampling	N	Muestras	Return
06/09/18 20:42:52	OT	VEGA           	 2.0733	 1.0171	11311.5	 9908.9	 0.687504	 0.691291	 0.0588	 0.0762	 0.0559	 0.0433	 1.8093	 2.3373	PixelFly	L1.5-	160x 60	1.0216	0.1400	0.0600	20	0	 5	150	 200	 45	    12
06/09/18 20:43:02	OT	VEGA           	 2.2801	 1.0171	11214.6	10256.4	 0.925396	 0.721372	 0.0459	 0.0640	 0.0467	 0.0422	 2.1624	 2.3978	PixelFly	L1.5-	160x 60	1.0216	0.1400	0.0600	20	0	 5	150	 200	 53	    12
06/09/18 20:43:13	OT	VEGA           	 1.7352	 1.0171	11140.6	10468.7	 0.680106	 0.395925	 0.0668	 0.0441	 0.0562	 0.0605	 1.7975	 1.6729	PixelFly	L1.5-	160x 60	1.0216	0.1400	0.0600	20	0	 5	150	 200	 67	    12
06/09/18 20:43:28	OT	VEGA           	 1.9046	 1.0171	11266.7	10327.7	 0.603981	 0.594669	 0.0604	 0.0652	 0.0604	 0.0474	 1.6739	 2.1353	PixelFly	L1.5-	160x 60	1.0216	0.1400	0.0600	20	0	 5	150	 200	 85	    12
06/09/18 20:43:35	OT	VEGA           	 1.9327	 1.0171	11209.8	 9803.7	 0.531494	 0.680404	 0.0662	 0.0612	 0.0652	 0.0437	 1.5503	 2.3151	PixelFly	L1.5-	160x 60	1.0216	0.1400	0.0600	20	0	 5	150	 200	 40	    12
06/09/18 20:44:28	OT	VEGA           	 1.7761	 1.0171	11333.9	 9882.5	 0.699847	 0.416143	 0.0524	 0.0679	 0.0553	 0.0587	 1.8286	 1.7236	PixelFly	L1.5-	160x 60	1.0216	0.1400	0.0600	20	0	 5	150	 200	199	     0
06/09/18 20:44:58	OT	VEGA           	 1.9562	 1.0172	11639.2	10181.1	 0.762929	 0.527314	 0.0385	 0.0550	 0.0525	 0.0509	 1.9257	 1.9866	PixelFly	L1.5-	160x 60	1.0216	0.1400	0.0600	20	0	 5	150	 200	197	     0
06/09/18 20:45:28	OT	VEGA           	 1.8765	 1.0172	11413.5	10317.3	 0.874386	 0.392115	 0.0534	 0.0565	 0.0484	 0.0608	 2.0898	 1.6631	PixelFly	L1.5-	160x 60	1.0216	0.1400	0.0600	20	0	 5	150	 200	199	    50
06/09/18 20:45:58	OT	VEGA           	 2.0414	 1.0173	11257.6	10234.0	 0.962102	 0.476652	 0.0618	 0.0607	 0.0457	 0.0541	 2.2132	 1.8697	PixelFly	L1.5-	160x 60	1.0216	0.1400	0.0600	20	0	 5	150	 200	198	     0
06/09/18 20:46:28	OT	VEGA           	 2.0105	 1.0173	11489.0	 9966.7	 0.902705	 0.485671	 0.0714	 0.0566	 0.0475	 0.0535	 2.1301	 1.8908	PixelFly	L1.5-	160x 60	1.0216	0.1400	0.0600	20	0	 5	150	 200	200	     0
06/09/18 20:46:58	OT	VEGA           	 1.7218	 1.0174	11429.4	10323.6	 0.721280	 0.360752	 0.0646	 0.0548	 0.0543	 0.0640	 1.8617	 1.5818	PixelFly	L1.5-	160x 60	1.0216	0.1400	0.0600	20	0	 5	150	 200	198	     0
06/09/18 20:47:28	OT	VEGA           	 1.9957	 1.0174	11290.4	10323.8	 0.877280	 0.488666	 0.0798	 0.0589	 0.0483	 0.0533	 2.0938	 1.8977	PixelFly	L1.5-	160x 60	1.0216	0.1400	0.0600	20	0	 5	150	 200	196	     0
06/09/18 20:47:58	OT	VEGA           	 1.8978	 1.0175	11320.4	10158.5	 0.788036	 0.461029	 0.0821	 0.0817	 0.0515	 0.0552	 1.9632	 1.8325	PixelFly	L1.5-	160x 60	1.0216	0.1400	0.0600	20	0	 5	150	 200	198	     0
06/09/18 20:48:28	OT	VEGA           	 2.4420	 1.0175	11528.3	10215.2	 1.268222	 0.659822	 0.0776	 0.0833	 0.0387	 0.0445	 2.6117	 2.2722	PixelFly	L1.5-	160x 60	1.0216	0.1400	0.0600	20	0	 5	150	 200	197	     0
06/09/18 20:48:58	OT	VEGA           	 2.5764	 1.0176	11437.7	 9818.1	 1.601211	 0.601321	 0.0807	 0.0784	 0.0337	 0.0471	 3.0038	 2.1490	PixelFly	L1.5-	160x 60	1.0216	0.1400	0.0600	20	0	 5	150	 200	199	    50
06/09/18 20:49:29	OT	VEGA           	 1.9362	 1.0177	11451.5	10109.6	 0.861380	 0.448302	 0.0594	 0.0566	 0.0488	 0.0562	 2.0706	 1.8018	PixelFly	L1.5-	160x 60	1.0216	0.1400	0.0600	20	0	 5	150	 200	199	     0
06/09/18 20:49:59	OT	VEGA           	 2.3955	 1.0177	11848.3	10129.6	 1.138024	 0.695006	 0.0678	 0.0878	 0.0413	 0.0432	 2.4471	 2.3439	PixelFly	L1.5-	160x 60	1.0216	0.1400	0.0600	20	0	 5	150	 200	196	     0
06/09/18 20:50:29	OT	VEGA           	 2.2818	 1.0178	11125.6	 9905.0	 1.092750	 0.613885	 0.0927	 0.0851	 0.0423	 0.0465	 2.3881	 2.1756	PixelFly	L1.5-	160x 60	1.0216	0.1400	0.0600	20	0	 5	150	 200	193	     0
06/09/18 20:50:59	OT	VEGA           	 1.9385	 1.0179	11387.1	10236.8	 0.831276	 0.468789	 0.0784	 0.0701	 0.0499	 0.0547	 2.0266	 1.8505	PixelFly	L1.5-	160x 60	1.0216	0.1400	0.0600	20	0	 5	150	 200	200	     0
06/09/18 20:51:29	OT	VEGA           	 1.8030	 1.0180	11773.5	10101.1	 0.849547	 0.350021	 0.0583	 0.0594	 0.0492	 0.0652	 2.0531	 1.5529	PixelFly	L1.5-	160x 60	1.0216	0.1400	0.0600	20	0	 5	150	 200	200	    50
06/09/18 20:51:59	OT	VEGA           	 2.1983	 1.0180	11317.1	10232.7	 0.922385	 0.644488	 0.0599	 0.0787	 0.0469	 0.0452	 2.1569	 2.2397	PixelFly	L1.5-	160x 60	1.0216	0.1400	0.0600	20	0	 5	150	 200	200	     0
06/09/18 20:52:29	OT	VEGA           	 1.6492	 1.0181	11165.2	10300.7	 0.542057	 0.419367	 0.0631	 0.0651	 0.0645	 0.0585	 1.5678	 1.7306	PixelFly	L1.5-	160x 60	1.0216	0.1400	0.0600	20	0	 5	150	 200	199	     0
06/09/18 20:52:59	OT	VEGA           	 1.8782	 1.0182	11479.8	 9984.1	 0.925891	 0.366005	 0.0629	 0.0693	 0.0468	 0.0634	 2.1616	 1.5948	PixelFly	L1.5-	160x 60	1.0216	0.1400	0.0600	20	0	 5	150	 200	200	    50
06/09/18 20:53:29	OT	VEGA           	 1.6767	 1.0183	11750.8	10155.4	 0.639660	 0.376533	 0.0502	 0.0588	 0.0584	 0.0624	 1.7313	 1.6221	PixelFly	L1.5-	160x 60	1.0216	0.1400	0.0600	20	0	 5	150	 200	200	     0
06/09/18 20:53:59	OT	VEGA           	 1.9200	 1.0184	11055.7	10139.4	 0.841268	 0.447685	 0.0576	 0.0661	 0.0495	 0.0562	 2.0406	 1.7995	PixelFly	L1.5-	160x 60	1.0216	0.1400	0.0600	20	0	 5	150	 200	198	     0
06/09/18 20:54:29	OT	VEGA           	 1.7552	 1.0185	11725.5	10209.7	 0.712919	 0.392535	 0.0466	 0.0568	 0.0547	 0.0608	 1.8475	 1.6629	PixelFly	L1.5-	160x 60	1.0216	0.1400	0.0600	20	0	 5	150	 200	198	     0
06/09/18 20:54:59	OT	VEGA           	 2.0120	 1.0186	11509.1	10266.2	 0.936846	 0.467908	 0.0586	 0.0641	 0.0464	 0.0548	 2.1764	 1.8476	PixelFly	L1.5-	160x 60	1.0216	0.1400	0.0600	20	0	 5	150	 200	200	     0
06/09/18 20:55:29	OT	VEGA           	 1.8964	 1.0187	11417.8	10204.9	 0.746731	 0.487487	 0.0766	 0.0718	 0.0532	 0.0534	 1.8994	 1.8935	PixelFly	L1.5-	160x 60	1.0216	0.1400	0.0600	20	0	 5	150	 200	198	     0
06/09/18 20:55:50	OT	VEGA           	 2.5511	 1.0188	11394.9	10210.9	 1.291435	 0.756078	 0.0704	 0.1027	 0.0383	 0.0411	 2.6383	 2.4638	PixelFly	L1.5-	160x 60	1.0216	0.1400	0.0600	20	0	 5	150	 200	137	    12
06/09/18 20:56:01	OT	VEGA           	 3.8573	 1.0188	10529.4	10377.4	 1.921659	 1.961906	 0.0798	 0.0670	 0.0302	 0.0232	 3.3487	 4.3658	PixelFly	L1.5-	160x 60	1.0216	0.1400	0.0600	20	0	 5	150	 200	 61	    12
06/09/18 20:56:31	OT	VEGA           	 2.3065	 1.0190	11131.2	 9988.1	 1.083514	 0.644604	 0.0752	 0.0759	 0.0426	 0.0452	 2.3744	 2.2387	PixelFly	L1.5-	160x 60	1.0216	0.1400	0.0600	20	0	 5	150	 200	194	     0
06/09/18 20:57:01	OT	VEGA           	 2.0464	 1.0191	10990.4	10090.5	 0.908930	 0.514840	 0.0639	 0.0716	 0.0473	 0.0517	 2.1367	 1.9561	PixelFly	L1.5-	160x 60	1.0216	0.1400	0.0600	20	0	 5	150	 200	200	     0
06/09/18 20:57:31	OT	VEGA           	 1.7992	 1.0192	11418.8	10462.1	 0.685763	 0.445834	 0.0814	 0.0861	 0.0560	 0.0564	 1.8042	 1.7942	PixelFly	L1.5-	160x 60	1.0216	0.1400	0.0600	20	0	 5	150	 200	199	     0
06/09/18 20:58:01	OT	VEGA           	 2.1078	 1.0193	11341.9	10153.9	 1.008476	 0.508651	 0.0857	 0.0937	 0.0445	 0.0521	 2.2738	 1.9417	PixelFly	L1.5-	160x 60	1.0216	0.1400	0.0600	20	0	 5	150	 200	196	     0
06/09/18 20:58:31	OT	VEGA           	 2.3895	 1.0195	11200.9	10343.9	 1.163313	 0.675510	 0.0812	 0.0819	 0.0408	 0.0440	 2.4771	 2.3018	PixelFly	L1.5-	160x 60	1.0216	0.1400	0.0600	20	0	 5	150	 200	198	     0
06/09/18 20:59:01	OT	VEGA           	 2.4535	 1.0196	11225.1	10170.6	 1.230625	 0.696845	 0.1005	 0.0920	 0.0395	 0.0431	 2.5619	 2.3450	PixelFly	L1.5-	160x 60	1.0216	0.1400	0.0600	20	0	 5	150	 200	197	     0
06/09/18 20:59:31	OT	VEGA           	 2.0890	 1.0197	11723.3	10095.1	 1.003564	 0.495680	 0.0868	 0.0839	 0.0446	 0.0529	 2.2666	 1.9114	PixelFly	L1.5-	160x 60	1.0216	0.1400	0.0600	20	0	 5	150	 200	198	     0
06/09/18 21:00:01	OT	VEGA           	 1.7875	 1.0199	11338.8	 9905.9	 0.759178	 0.391117	 0.0844	 0.0860	 0.0527	 0.0610	 1.9170	 1.6580	PixelFly	L1.5-	160x 60	1.0216	0.1400	0.0600	20	0	 5	150	 200	192	     0
06/09/18 21:00:31	OT	VEGA           	 2.0520	 1.0200	10956.9	10080.0	 0.897871	 0.527629	 0.0900	 0.0924	 0.0477	 0.0510	 2.1199	 1.9841	PixelFly	L1.5-	160x 60	1.0216	0.1400	0.0600	20	0	 5	150	 200	193	     0
06/09/18 21:01:01	OT	VEGA           	 1.7503	 1.0201	11161.3	10210.8	 0.718615	 0.386557	 0.0961	 0.0992	 0.0545	 0.0615	 1.8546	 1.6461	PixelFly	L1.5-	160x 60	1.0216	0.1400	0.0600	20	0	 5	150	 200	197	     0
06/09/18 21:01:31	OT	VEGA           	 1.8341	 1.0203	11344.6	10485.1	 0.715411	 0.456590	 0.0777	 0.0903	 0.0547	 0.0556	 1.8494	 1.8189	PixelFly	L1.5-	160x 60	1.0216	0.1400	0.0600	20	0	 5	150	 200	199	     0
06/09/18 21:02:01	OT	VEGA           	 1.4862	 1.0204	11785.8	10004.0	 0.521722	 0.310193	 0.0810	 0.0655	 0.0661	 0.0702	 1.5301	 1.4422	PixelFly	L1.5-	160x 60	1.0216	0.1400	0.0600	20	0	 5	150	 200	199	     0
06/09/18 21:02:31	OT	VEGA           	 1.5410	 1.0206	11060.1	10341.1	 0.579039	 0.314233	 0.0800	 0.0622	 0.0621	 0.0696	 1.6287	 1.4533	PixelFly	L1.5-	160x 60	1.0216	0.1400	0.0600	20	0	 5	150	 200	199	     0
06/09/18 21:03:01	OT	VEGA           	 2.0112	 1.0208	11312.2	10307.8	 0.800290	 0.555254	 0.0643	 0.0638	 0.0511	 0.0495	 1.9776	 2.0448	PixelFly	L1.5-	160x 60	1.0216	0.1400	0.0600	20	0	 5	150	 200	199	     0
06/09/18 21:03:31	OT	VEGA           	 1.9293	 1.0209	10987.8	10533.5	 0.794301	 0.487072	 0.0834	 0.0802	 0.0514	 0.0535	 1.9685	 1.8901	PixelFly	L1.5-	160x 60	1.0216	0.1400	0.0600	20	0	 5	150	 200	196	     0
06/09/18 21:04:01	OT	VEGA           	 1.7894	 1.0211	11286.5	10255.2	 0.738941	 0.405874	 0.0723	 0.0708	 0.0536	 0.0597	 1.8848	 1.6940	PixelFly	L1.5-	160x 60	1.0216	0.1400	0.0600	20	0	 5	150	 200	199	     0
06/09/18 21:04:31	OT	VEGA           	 1.6199	 1.0213	11026.2	10480.7	 0.715854	 0.292220	 0.0640	 0.0683	 0.0547	 0.0728	 1.8491	 1.3908	PixelFly	L1.5-	160x 60	1.0216	0.1400	0.0600	20	0	 5	150	 200	200	    50
06/09/18 21:05:01	OT	VEGA           	 1.5944	 1.0214	11316.8	10101.7	 0.590374	 0.347026	 0.0823	 0.0689	 0.0614	 0.0656	 1.6470	 1.5417	PixelFly	L1.5-	160x 60	1.0216	0.1400	0.0600	20	0	 5	150	 200	200	     0
06/09/18 21:05:31	OT	VEGA           	 1.7281	 1.0216	11428.8	10068.3	 0.736779	 0.359768	 0.0971	 0.0917	 0.0537	 0.0642	 1.8809	 1.5753	PixelFly	L1.5-	160x 60	1.0216	0.1400	0.0600	20	0	 5	150	 200	200	     0
06/09/18 21:06:01	OT	VEGA           	 2.0059	 1.0218	11716.3	10250.3	 0.688751	 0.630531	 0.0832	 0.0775	 0.0560	 0.0459	 1.8062	 2.2056	PixelFly	L1.5-	160x 60	1.0216	0.1400	0.0600	20	0	 5	150	 200	197	     0
06/09/18 21:06:31	OT	VEGA           	 2.1664	 1.0220	11150.5	10082.6	 1.019668	 0.557078	 0.0685	 0.0545	 0.0442	 0.0494	 2.2853	 2.0474	PixelFly	L1.5-	160x 60	1.0216	0.1400	0.0600	20	0	 5	150	 200	195	     0
06/09/18 21:07:01	OT	VEGA           	 1.7141	 1.0222	11471.2	 9767.0	 0.649093	 0.402927	 0.0688	 0.0667	 0.0580	 0.0600	 1.7427	 1.6855	PixelFly	L1.5-	160x 60	1.0216	0.1400	0.0600	20	0	 5	150	 200	200	     0
06/09/18 21:07:31	OT	VEGA           	 1.8239	 1.0224	11379.2	10163.3	 0.787714	 0.405091	 0.0729	 0.0619	 0.0517	 0.0598	 1.9570	 1.6908	PixelFly	L1.5-	160x 60	1.0216	0.1400	0.0600	20	0	 5	150	 200	199	     0
06/09/18 21:08:01	OT	VEGA           	 1.8192	 1.0225	11188.4	10079.0	 0.765219	 0.414966	 0.0798	 0.0797	 0.0526	 0.0590	 1.9231	 1.7152	PixelFly	L1.5-	160x 60	1.0216	0.1400	0.0600	20	0	 5	150	 200	199	     0
06/09/18 21:08:31	OT	VEGA           	 1.6412	 1.0227	11496.5	10328.9	 0.727745	 0.301750	 0.0765	 0.0931	 0.0542	 0.0714	 1.8658	 1.4166	PixelFly	L1.5-	160x 60	1.0216	0.1400	0.0600	20	0	 5	150	 200	200	    50
06/09/18 21:09:01	OT	VEGA           	 1.5936	 1.0229	11300.5	10271.3	 0.655133	 0.308580	 0.0922	 0.0927	 0.0577	 0.0705	 1.7516	 1.4356	PixelFly	L1.5-	160x 60	1.0216	0.1400	0.0600	20	0	 5	150	 200	200	    50
06/09/18 21:09:31	OT	VEGA           	 1.8550	 1.0232	11622.5	10109.6	 0.765345	 0.444710	 0.0881	 0.0812	 0.0526	 0.0566	 1.9226	 1.7873	PixelFly	L1.5-	160x 60	1.0216	0.1400	0.0600	20	0	 5	150	 200	200	     0
06/09/18 21:10:01	OT	VEGA           	 1.5604	 1.0234	11518.4	10479.1	 0.572054	 0.334502	 0.0728	 0.0585	 0.0626	 0.0672	 1.6143	 1.5064	PixelFly	L1.5-	160x 60	1.0216	0.1400	0.0600	20	0	 5	150	 200	199	     0
06/09/18 21:10:31	OT	VEGA           	 1.7305	 1.0236	11413.3	10061.9	 0.746130	 0.357646	 0.0513	 0.0443	 0.0534	 0.0645	 1.8930	 1.5679	PixelFly	L1.5-	160x 60	1.0216	0.1400	0.0600	20	0	 5	150	 200	198	    50
06/09/18 21:11:01	OT	VEGA           	 1.6035	 1.0238	11172.3	 9980.4	 0.712835	 0.284036	 0.0682	 0.0571	 0.0549	 0.0741	 1.8417	 1.3653	PixelFly	L1.5-	160x 60	1.0216	0.1400	0.0600	20	0	 5	150	 200	199	    50
06/09/18 21:11:31	OT	VEGA           	 1.5489	 1.0240	11717.2	10352.8	 0.531778	 0.352240	 0.0601	 0.0587	 0.0654	 0.0651	 1.5445	 1.5532	PixelFly	L1.5-	160x 60	1.0216	0.1400	0.0600	20	0	 5	150	 200	199	     0
06/09/18 21:12:01	OT	VEGA           	 1.5509	 1.0242	11804.3	10180.6	 0.576250	 0.325527	 0.0499	 0.0478	 0.0624	 0.0683	 1.6206	 1.4813	PixelFly	L1.5-	160x 60	1.0216	0.1400	0.0600	20	0	 5	150	 200	200	     0
06/09/18 21:12:31	OT	VEGA           	 1.3375	 1.0245	11339.5	10002.6	 0.480485	 0.236302	 0.0487	 0.0633	 0.0696	 0.0828	 1.4530	 1.2221	PixelFly	L1.5-	160x 60	1.0216	0.1400	0.0600	20	0	 5	150	 200	199	     0
06/09/18 21:13:01	OT	VEGA           	 1.3766	 1.0247	11292.4	 9864.3	 0.513104	 0.242794	 0.0628	 0.0559	 0.0669	 0.0815	 1.5112	 1.2420	PixelFly	L1.5-	160x 60	1.0216	0.1400	0.0600	20	0	 5	150	 200	200	    50
06/09/18 21:13:31	OT	VEGA           	 1.5030	 1.0249	11324.5	10158.3	 0.443838	 0.378563	 0.0852	 0.0638	 0.0730	 0.0624	 1.3850	 1.6210	PixelFly	L1.5-	160x 60	1.0216	0.1400	0.0600	20	0	 5	150	 200	199	     0
06/09/18 21:14:01	OT	VEGA           	 1.5092	 1.0251	11273.6	10035.2	 0.530960	 0.323999	 0.0496	 0.0544	 0.0656	 0.0685	 1.5421	 1.4763	PixelFly	L1.5-	160x 60	1.0216	0.1400	0.0600	20	0	 5	150	 200	199	     0
06/09/18 21:14:31	OT	VEGA           	 1.3852	 1.0254	11356.4	10229.7	 0.488220	 0.263635	 0.0544	 0.0460	 0.0689	 0.0776	 1.4661	 1.3043	PixelFly	L1.5-	160x 60	1.0216	0.1400	0.0600	20	0	 5	150	 200	200	     0
06/09/18 21:15:01	OT	VEGA           	 1.6418	 1.0256	11065.8	10154.8	 0.595220	 0.383331	 0.0635	 0.0571	 0.0612	 0.0620	 1.6510	 1.6326	PixelFly	L1.5-	160x 60	1.0216	0.1400	0.0600	20	0	 5	150	 200	199	     0
06/09/18 21:15:31	OT	VEGA           	 1.8602	 1.0259	11631.2	10226.7	 0.776028	 0.444844	 0.0708	 0.0662	 0.0522	 0.0567	 1.9356	 1.7848	PixelFly	L1.5-	160x 60	1.0216	0.1400	0.0600	20	0	 5	150	 200	199	     0
06/09/18 21:16:01	OT	VEGA           	 1.4823	 1.0261	11138.7	10102.8	 0.581043	 0.275189	 0.0763	 0.0785	 0.0621	 0.0756	 1.6268	 1.3378	PixelFly	L1.5-	160x 60	1.0216	0.1400	0.0600	20	0	 5	150	 200	199	    50
06/09/18 21:16:31	OT	VEGA           	 1.5323	 1.0264	11472.4	10520.4	 0.545471	 0.332555	 0.0983	 0.0843	 0.0645	 0.0675	 1.5661	 1.4985	PixelFly	L1.5-	160x 60	1.0216	0.1400	0.0600	20	0	 5	150	 200	200	     0
06/09/18 21:17:01	OT	VEGA           	 1.5567	 1.0266	11596.2	10267.6	 0.590146	 0.322831	 0.0871	 0.0941	 0.0616	 0.0687	 1.6416	 1.4718	PixelFly	L1.5-	160x 60	1.0216	0.1400	0.0600	20	0	 5	150	 200	200	     0
06/09/18 21:17:31	OT	VEGA           	 1.7315	 1.0269	11574.0	10589.1	 0.720847	 0.375888	 0.0741	 0.0800	 0.0546	 0.0628	 1.8507	 1.6123	PixelFly	L1.5-	160x 60	1.0216	0.1400	0.0600	20	0	 5	150	 200	199	     0
06/09/18 21:18:01	OT	VEGA           	 1.5997	 1.0272	11907.3	10264.4	 0.615687	 0.339356	 0.0848	 0.0794	 0.0601	 0.0667	 1.6833	 1.5161	PixelFly	L1.5-	160x 60	1.0216	0.1400	0.0600	20	0	 5	150	 200	199	     0
06/09/18 21:18:31	OT	VEGA           	 1.4027	 1.0274	11751.0	10182.4	 0.502820	 0.267728	 0.0758	 0.0651	 0.0678	 0.0770	 1.4905	 1.3149	PixelFly	L1.5-	160x 60	1.0216	0.1400	0.0600	20	0	 5	150	 200	199	     0
06/09/18 21:19:01	OT	VEGA           	 1.4511	 1.0277	11176.7	10249.4	 0.468568	 0.323848	 0.0467	 0.0559	 0.0708	 0.0687	 1.4285	 1.4737	PixelFly	L1.5-	160x 60	1.0216	0.1400	0.0600	20	0	 5	150	 200	200	     0
06/09/18 21:19:31	OT	VEGA           	 1.4049	 1.0280	11280.2	10420.7	 0.537897	 0.248894	 0.0528	 0.0562	 0.0652	 0.0804	 1.5516	 1.2582	PixelFly	L1.5-	160x 60	1.0216	0.1400	0.0600	20	0	 5	150	 200	200	    50
06/09/18 21:20:01	OT	VEGA           	 1.4363	 1.0283	11259.2	10098.8	 0.493155	 0.297492	 0.0704	 0.0715	 0.0686	 0.0723	 1.4726	 1.4000	PixelFly	L1.5-	160x 60	1.0216	0.1400	0.0600	20	0	 5	150	 200	200	     0
06/09/18 21:20:31	OT	VEGA           	 1.5783	 1.0285	11022.6	10186.0	 0.588660	 0.341003	 0.0670	 0.0750	 0.0617	 0.0666	 1.6373	 1.5193	PixelFly	L1.5-	160x 60	1.0216	0.1400	0.0600	20	0	 5	150	 200	200	     0
06/09/18 21:21:01	OT	VEGA           	 1.6302	 1.0288	11412.8	 9981.0	 0.706537	 0.309765	 0.0625	 0.0544	 0.0553	 0.0706	 1.8265	 1.4339	PixelFly	L1.5-	160x 60	1.0216	0.1400	0.0600	20	0	 5	150	 200	200	    50
06/09/18 21:21:31	OT	VEGA           	 1.4922	 1.0291	11395.0	 9918.5	 0.551591	 0.301354	 0.0821	 0.0878	 0.0642	 0.0717	 1.5741	 1.4102	PixelFly	L1.5-	160x 60	1.0216	0.1400	0.0600	20	0	 5	150	 200	198	     0
06/09/18 21:22:01	OT	VEGA           	 1.3976	 1.0294	11061.0	10089.5	 0.427595	 0.313680	 0.0621	 0.0694	 0.0748	 0.0701	 1.3509	 1.4443	PixelFly	L1.5-	160x 60	1.0216	0.1400	0.0600	20	0	 5	150	 200	198	     0
06/09/18 21:22:31	OT	VEGA           	 1.3042	 1.0297	11054.5	10482.4	 0.447717	 0.236814	 0.0751	 0.0745	 0.0728	 0.0829	 1.3884	 1.2199	PixelFly	L1.5-	160x 60	1.0216	0.1400	0.0600	20	0	 5	150	 200	200	     0
06/09/18 21:23:01	OT	VEGA           	 1.4120	 1.0300	11397.8	10201.7	 0.457861	 0.304065	 0.0656	 0.0832	 0.0718	 0.0714	 1.4069	 1.4171	PixelFly	L1.5-	160x 60	1.0216	0.1400	0.0600	20	0	 5	150	 200	200	     0
06/09/18 21:23:31	OT	VEGA           	 1.4817	 1.0303	11450.8	10436.1	 0.570192	 0.283570	 0.0727	 0.0604	 0.0630	 0.0745	 1.6046	 1.3587	PixelFly	L1.5-	160x 60	1.0216	0.1400	0.0600	20	0	 5	150	 200	200	     0
06/09/18 21:24:01	OT	VEGA           	 1.2940	 1.0306	11461.0	10128.4	 0.431087	 0.240791	 0.0596	 0.0542	 0.0745	 0.0822	 1.3565	 1.2315	PixelFly	L1.5-	160x 60	1.0216	0.1400	0.0600	20	0	 5	150	 200	200	     0
06/09/18 21:24:31	OT	VEGA           	 1.4320	 1.0309	11467.0	10295.3	 0.529737	 0.273581	 0.0758	 0.0912	 0.0659	 0.0761	 1.5348	 1.3293	PixelFly	L1.5-	160x 60	1.0216	0.1400	0.0600	20	0	 5	150	 200	199	     0
06/09/18 21:25:01	OT	VEGA           	 1.5194	 1.0312	11380.9	10054.9	 0.580337	 0.304784	 0.1058	 0.1214	 0.0624	 0.0714	 1.6208	 1.4181	PixelFly	L1.5-	160x 60	1.0216	0.1400	0.0600	20	0	 5	150	 200	199	     0
06/09/18 21:25:31	OT	VEGA           	 1.5716	 1.0316	11096.6	10095.7	 0.658254	 0.296811	 0.0948	 0.1082	 0.0578	 0.0725	 1.7478	 1.3954	PixelFly	L1.5-	160x 60	1.0216	0.1400	0.0600	20	0	 5	150	 200	200	    50
06/09/18 21:26:01	OT	VEGA           	 1.6212	 1.0319	11641.5	10150.4	 0.703590	 0.306969	 0.0978	 0.1106	 0.0556	 0.0711	 1.8187	 1.4236	PixelFly	L1.5-	160x 60	1.0216	0.1400	0.0600	20	0	 5	150	 200	200	    50
06/09/18 21:26:30	OT	VEGA           	 1.5073	 1.0322	11306.2	10018.3	 0.568897	 0.303604	 0.0713	 0.0815	 0.0632	 0.0716	 1.6007	 1.4140	PixelFly	L1.5-	160x 60	1.0216	0.1400	0.0600	20	0	 5	150	 200	189	    12
06/09/18 21:27:01	OT	VEGA           	 1.5855	 1.0325	11328.5	10011.5	 0.525937	 0.390511	 0.1278	 0.1446	 0.0662	 0.0615	 1.5267	 1.6442	PixelFly	L1.5-	160x 60	1.0216	0.1400	0.0600	20	0	 5	150	 200	198	     0
06/09/18 21:27:31	OT	VEGA           	 1.4626	 1.0329	11240.3	10061.8	 0.512838	 0.306541	 0.0771	 0.0642	 0.0672	 0.0712	 1.5035	 1.4216	PixelFly	L1.5-	160x 60	1.0216	0.1400	0.0600	20	0	 5	150	 200	199	     0
06/09/18 21:28:01	OT	VEGA           	 1.4744	 1.0332	11005.6	10397.2	 0.537503	 0.299878	 0.1180	 0.1504	 0.0654	 0.0721	 1.5462	 1.4027	PixelFly	L1.5-	160x 60	1.0216	0.1400	0.0600	20	0	 5	150	 200	199	     0
06/09/18 21:28:31	OT	VEGA           	 1.5265	 1.0335	11525.7	10245.0	 0.597469	 0.301115	 0.1532	 0.1234	 0.0614	 0.0720	 1.6471	 1.4059	PixelFly	L1.5-	160x 60	1.0216	0.1400	0.0600	20	0	 5	150	 200	199	     0
06/09/18 21:29:01	OT	VEGA           	 1.5712	 1.0339	11754.2	10234.5	 0.624906	 0.317338	 0.1216	 0.1183	 0.0598	 0.0698	 1.6918	 1.4506	PixelFly	L1.5-	160x 60	1.0216	0.1400	0.0600	20	0	 5	150	 200	199	     0
06/09/18 21:29:31	OT	VEGA           	 1.4887	 1.0342	11666.6	10331.6	 0.520735	 0.321348	 0.1464	 0.1398	 0.0667	 0.0692	 1.5161	 1.4613	PixelFly	L1.5-	160x 60	1.0216	0.1400	0.0600	20	0	 5	150	 200	200	     0
06/09/18 21:30:01	OT	VEGA           	 1.5202	 1.0346	11185.0	10219.1	 0.568620	 0.314602	 0.1691	 0.1408	 0.0633	 0.0701	 1.5980	 1.4425	PixelFly	L1.5-	160x 60	1.0216	0.1400	0.0600	20	0	 5	150	 200	200	     0
06/09/18 21:30:31	OT	VEGA           	 1.6457	 1.0349	10747.1	10423.9	 0.643202	 0.362861	 0.1802	 0.1710	 0.0588	 0.0644	 1.7203	 1.5711	PixelFly	L1.5-	160x 60	1.0216	0.1400	0.0600	20	0	 5	150	 200	200	     0
06/09/18 21:31:01	OT	VEGA           	 1.4648	 1.0353	11465.6	10005.6	 0.628789	 0.242334	 0.2442	 0.2105	 0.0596	 0.0821	 1.6967	 1.2329	PixelFly	L1.5-	160x 60	1.0216	0.1400	0.0600	20	0	 5	150	 200	199	    50
06/09/18 21:31:31	OT	VEGA           	 1.6821	 1.0357	12081.4	 9802.9	 0.689912	 0.363007	 0.2777	 0.2572	 0.0564	 0.0644	 1.7934	 1.5709	PixelFly	L1.5-	160x 60	1.0216	0.1400	0.0600	20	0	 5	150	 200	197	     0
06/09/18 21:32:01	OT	VEGA           	 1.6654	 1.0360	11355.7	10115.4	 0.732088	 0.326155	 0.1466	 0.2034	 0.0544	 0.0687	 1.8580	 1.4728	PixelFly	L1.5-	160x 60	1.0216	0.1400	0.0600	20	0	 5	150	 200	199	    50
06/09/18 21:32:31	OT	VEGA           	 1.4915	 1.0364	11817.2	 9924.6	 0.559455	 0.300591	 0.1530	 0.1187	 0.0639	 0.0722	 1.5808	 1.4021	PixelFly	L1.5-	160x 60	1.0216	0.1400	0.0600	20	0	 5	150	 200	200	     0
06/09/18 21:33:01	OT	VEGA           	 1.5151	 1.0368	12012.8	 9919.5	 0.674761	 0.252160	 0.1227	 0.1096	 0.0572	 0.0802	 1.7686	 1.2616	PixelFly	L1.5-	160x 60	1.0216	0.1400	0.0600	20	0	 5	150	 200	200	    50
06/09/18 21:33:31	OT	VEGA           	 1.5091	 1.0371	11204.2	10607.4	 0.543966	 0.323430	 0.1800	 0.1734	 0.0651	 0.0691	 1.5537	 1.4645	PixelFly	L1.5-	160x 60	1.0216	0.1400	0.0600	20	0	 5	150	 200	199	     0
06/09/18 21:34:01	OT	VEGA           	 1.5102	 1.0375	11448.8	10571.5	 0.608366	 0.285725	 0.1660	 0.1433	 0.0608	 0.0744	 1.6613	 1.3592	PixelFly	L1.5-	160x 60	1.0216	0.1400	0.0600	20	0	 5	150	 200	199	    50
06/09/18 21:34:31	OT	VEGA           	 1.3946	 1.0379	11417.6	10243.4	 0.456245	 0.297326	 0.1124	 0.1408	 0.0723	 0.0727	 1.3975	 1.3917	PixelFly	L1.5-	160x 60	1.0216	0.1400	0.0600	20	0	 5	150	 200	199	     0
06/09/18 21:35:01	OT	VEGA           	 1.1928	 1.0383	11432.1	10690.9	 0.365778	 0.220185	 0.0959	 0.0998	 0.0826	 0.0871	 1.2237	 1.1620	PixelFly	L1.5-	160x 60	1.0216	0.1400	0.0600	20	0	 5	150	 200	200	     0
06/09/18 21:35:31	OT	VEGA           	 1.4265	 1.0387	11260.2	10394.6	 0.408972	 0.354035	 0.0767	 0.0724	 0.0773	 0.0655	 1.3082	 1.5447	PixelFly	L1.5-	160x 60	1.0216	0.1400	0.0600	20	0	 5	150	 200	199	     0
06/09/18 21:36:01	OT	VEGA           	 1.3620	 1.0391	11885.0	10086.5	 0.513325	 0.240679	 0.0702	 0.0811	 0.0674	 0.0826	 1.4989	 1.2251	PixelFly	L1.5-	160x 60	1.0216	0.1400	0.0600	20	0	 5	150	 200	197	    50
06/09/18 21:36:31	OT	VEGA           	 1.3152	 1.0395	11396.0	10235.7	 0.430461	 0.259672	 0.0664	 0.0623	 0.0750	 0.0789	 1.3484	 1.2820	PixelFly	L1.5-	160x 60	1.0216	0.1400	0.0600	20	0	 5	150	 200	200	     0
06/09/18 21:37:01	OT	VEGA           	 1.5659	 1.0399	11218.4	10355.0	 0.593633	 0.336361	 0.0524	 0.0594	 0.0618	 0.0676	 1.6348	 1.4970	PixelFly	L1.5-	160x 60	1.0216	0.1400	0.0600	20	0	 5	150	 200	200	     0
06/09/18 21:37:31	OT	VEGA           	 1.3371	 1.0403	11356.9	10160.9	 0.491260	 0.237753	 0.0598	 0.0514	 0.0693	 0.0833	 1.4589	 1.2153	PixelFly	L1.5-	160x 60	1.0216	0.1400	0.0600	20	0	 5	150	 200	200	    50
06/09/18 21:38:01	OT	VEGA           	 1.4940	 1.0407	11478.0	10271.8	 0.527078	 0.325293	 0.0511	 0.0678	 0.0664	 0.0690	 1.5215	 1.4665	PixelFly	L1.5-	160x 60	1.0216	0.1400	0.0600	20	0	 5	150	 200	200	     0
06/09/18 21:38:31	OT	VEGA           	 1.7890	 1.0411	11232.4	 9776.9	 0.743406	 0.419633	 0.0472	 0.0639	 0.0541	 0.0592	 1.8697	 1.7082	PixelFly	L1.5-	160x 60	1.0216	0.1400	0.0600	20	0	 5	150	 200	200	     0
06/09/18 21:39:01	OT	VEGA           	 1.6826	 1.0415	11708.8	10248.6	 0.719459	 0.350272	 0.0611	 0.0631	 0.0552	 0.0660	 1.8329	 1.5323	PixelFly	L1.5-	160x 60	1.0216	0.1400	0.0600	20	0	 5	150	 200	200	     0
06/09/18 21:39:31	OT	VEGA           	 1.4164	 1.0420	11615.0	10242.5	 0.536058	 0.265358	 0.0762	 0.0694	 0.0658	 0.0780	 1.5359	 1.2969	PixelFly	L1.5-	160x 60	1.0216	0.1400	0.0600	20	0	 5	150	 200	199	     0
06/09/18 21:40:01	OT	VEGA           	 1.2840	 1.0424	11218.8	10173.9	 0.458699	 0.223451	 0.0711	 0.0718	 0.0723	 0.0865	 1.3984	 1.1695	PixelFly	L1.5-	160x 60	1.0216	0.1400	0.0600	20	0	 5	150	 200	199	     0
06/09/18 21:40:31	OT	VEGA           	 1.4156	 1.0428	11156.0	10133.1	 0.458760	 0.313599	 0.0895	 0.0811	 0.0723	 0.0706	 1.3982	 1.4329	PixelFly	L1.5-	160x 60	1.0216	0.1400	0.0600	20	0	 5	150	 200	199	     0
06/09/18 21:41:01	OT	VEGA           	 1.3723	 1.0432	11597.9	10066.4	 0.458327	 0.283234	 0.0694	 0.0826	 0.0724	 0.0751	 1.3971	 1.3476	PixelFly	L1.5-	160x 60	1.0216	0.1400	0.0600	20	0	 5	150	 200	200	     0
06/09/18 21:41:31	OT	VEGA           	 1.3320	 1.0437	11302.2	10374.5	 0.465917	 0.251142	 0.0656	 0.0610	 0.0717	 0.0807	 1.4105	 1.2535	PixelFly	L1.5-	160x 60	1.0216	0.1400	0.0600	20	0	 5	150	 200	200	     0
06/09/18 21:42:01	OT	VEGA           	 1.6366	 1.0441	11697.5	10016.6	 0.695645	 0.331221	 0.0517	 0.0560	 0.0564	 0.0684	 1.7936	 1.4796	PixelFly	L1.5-	160x 60	1.0216	0.1400	0.0600	20	0	 5	150	 200	200	    50
06/09/18 21:42:31	OT	VEGA           	 1.4358	 1.0446	11315.1	10369.7	 0.491037	 0.308216	 0.0664	 0.0756	 0.0695	 0.0714	 1.4549	 1.4167	PixelFly	L1.5-	160x 60	1.0216	0.1400	0.0600	20	0	 5	150	 200	200	     0
06/09/18 21:43:01	OT	VEGA           	 1.3946	 1.0450	11134.3	10040.1	 0.473392	 0.290287	 0.0939	 0.0731	 0.0710	 0.0741	 1.4230	 1.3663	PixelFly	L1.5-	160x 60	1.0216	0.1400	0.0600	20	0	 5	150	 200	199	     0
06/09/18 21:43:31	OT	VEGA           	 1.3666	 1.0455	11132.5	10161.6	 0.532283	 0.236191	 0.0663	 0.0678	 0.0662	 0.0838	 1.5263	 1.2069	PixelFly	L1.5-	160x 60	1.0216	0.1400	0.0600	20	0	 5	150	 200	200	    50
06/09/18 21:44:01	OT	VEGA           	 1.2686	 1.0459	11655.5	10312.5	 0.414446	 0.241889	 0.0701	 0.0903	 0.0770	 0.0827	 1.3132	 1.2240	PixelFly	L1.5-	160x 60	1.0216	0.1400	0.0600	20	0	 5	150	 200	200	     0
06/09/18 21:44:31	OT	VEGA           	 1.3686	 1.0464	11557.2	10080.6	 0.456558	 0.283453	 0.0698	 0.0599	 0.0727	 0.0752	 1.3913	 1.3458	PixelFly	L1.5-	160x 60	1.0216	0.1400	0.0600	20	0	 5	150	 200	200	     0
06/09/18 21:45:01	OT	VEGA           	 1.6902	 1.0468	11166.0	10409.7	 0.663368	 0.394218	 0.0821	 0.0795	 0.0581	 0.0617	 1.7405	 1.6399	PixelFly	L1.5-	160x 60	1.0216	0.1400	0.0600	20	0	 5	150	 200	200	     0
06/09/18 21:45:31	OT	VEGA           	 1.3951	 1.0473	11874.3	10345.9	 0.407355	 0.336705	 0.0744	 0.0867	 0.0778	 0.0678	 1.2986	 1.4915	PixelFly	L1.5-	160x 60	1.0216	0.1400	0.0600	20	0	 5	150	 200	200	     0
06/09/18 21:46:01	OT	VEGA           	 1.5916	 1.0478	11561.2	10188.6	 0.633920	 0.336431	 0.0732	 0.0930	 0.0597	 0.0679	 1.6928	 1.4904	PixelFly	L1.5-	160x 60	1.0216	0.1400	0.0600	20	0	 5	150	 200	200	     0
06/09/18 21:46:31	OT	VEGA           	 1.8261	 1.0483	11477.4	10260.4	 0.808912	 0.416444	 0.0868	 0.0740	 0.0516	 0.0597	 1.9588	 1.6934	PixelFly	L1.5-	160x 60	1.0216	0.1400	0.0600	20	0	 5	150	 200	200	     0
06/09/18 21:47:01	OT	VEGA           	 2.1400	 1.0487	11195.2	10370.6	 0.941667	 0.612852	 0.0736	 0.0914	 0.0471	 0.0474	 2.1453	 2.1347	PixelFly	L1.5-	160x 60	1.0216	0.1400	0.0600	20	0	 5	150	 200	200	     0
06/09/18 21:47:31	OT	VEGA           	 1.5791	 1.0492	11443.4	10389.8	 0.573799	 0.365450	 0.0830	 0.0796	 0.0634	 0.0647	 1.5932	 1.5649	PixelFly	L1.5-	160x 60	1.0216	0.1400	0.0600	20	0	 5	150	 200	200	     0
06/09/18 21:48:01	OT	VEGA           	 1.5351	 1.0497	11380.2	10422.3	 0.634379	 0.295982	 0.0731	 0.0780	 0.0598	 0.0734	 1.6916	 1.3786	PixelFly	L1.5-	160x 60	1.0216	0.1400	0.0600	20	0	 5	150	 200	198	    50
06/09/18 21:48:31	OT	VEGA           	 1.4403	 1.0502	11357.5	10051.6	 0.517223	 0.298203	 0.0637	 0.0625	 0.0676	 0.0731	 1.4962	 1.3844	PixelFly	L1.5-	160x 60	1.0216	0.1400	0.0600	20	0	 5	150	 200	200	     0
06/09/18 21:49:01	OT	VEGA           	 1.6730	 1.0507	11304.4	10304.9	 0.697779	 0.362462	 0.0731	 0.0743	 0.0565	 0.0650	 1.7901	 1.5559	PixelFly	L1.5-	160x 60	1.0216	0.1400	0.0600	20	0	 5	150	 200	199	     0
06/09/18 21:49:31	OT	VEGA           	 2.0849	 1.0512	11518.0	 9853.3	 0.931174	 0.570408	 0.0680	 0.0781	 0.0475	 0.0496	 2.1279	 2.0418	PixelFly	L1.5-	160x 60	1.0216	0.1400	0.0600	20	0	 5	150	 200	200	     0
06/09/18 21:50:01	OT	VEGA           	 1.8086	 1.0517	11041.4	10043.8	 0.772458	 0.426958	 0.0704	 0.0570	 0.0532	 0.0590	 1.9017	 1.7156	PixelFly	L1.5-	160x 60	1.0216	0.1400	0.0600	20	0	 5	150	 200	200	     0
06/09/18 21:50:31	OT	VEGA           	 1.5246	 1.0522	11572.1	10049.7	 0.665066	 0.272968	 0.0778	 0.0823	 0.0582	 0.0772	 1.7378	 1.3114	PixelFly	L1.5-	160x 60	1.0216	0.1400	0.0600	20	0	 5	150	 200	200	    50
06/09/18 21:51:01	OT	VEGA           	 1.4863	 1.0527	11260.3	10161.4	 0.536036	 0.321484	 0.0759	 0.1239	 0.0662	 0.0700	 1.5264	 1.4462	PixelFly	L1.5-	160x 60	1.0216	0.1400	0.0600	20	0	 5	150	 200	200	     0
06/09/18 21:51:31	OT	VEGA           	 1.9055	 1.0532	10988.7	 9567.1	 0.907361	 0.428758	 0.0961	 0.0955	 0.0483	 0.0589	 2.0926	 1.7184	PixelFly	L1.5-	160x 60	1.0216	0.1400	0.0600	20	0	 5	150	 200	200	    50
06/09/18 21:52:01	OT	VEGA           	 1.5552	 1.0538	11383.8	 9940.8	 0.588372	 0.340942	 0.1102	 0.0999	 0.0627	 0.0676	 1.6132	 1.4972	PixelFly	L1.5-	160x 60	1.0216	0.1400	0.0600	20	0	 5	150	 200	200	     0
06/09/18 21:52:31	OT	VEGA           	 1.6849	 1.0543	11138.8	10249.7	 0.731829	 0.354251	 0.1217	 0.1266	 0.0550	 0.0661	 1.8383	 1.5316	PixelFly	L1.5-	160x 60	1.0216	0.1400	0.0600	20	0	 5	150	 200	200	    50
06/09/18 21:53:01	OT	VEGA           	 1.8210	 1.0548	11563.2	10223.9	 0.767190	 0.443262	 0.0920	 0.1151	 0.0535	 0.0578	 1.8905	 1.7515	PixelFly	L1.5-	160x 60	1.0216	0.1400	0.0600	20	0	 5	150	 200	200	     0
06/09/18 21:53:31	OT	VEGA           	 1.9731	 1.0553	11176.0	10400.2	 0.812114	 0.548917	 0.0599	 0.0597	 0.0517	 0.0508	 1.9556	 1.9906	PixelFly	L1.5-	160x 60	1.0216	0.1400	0.0600	20	0	 5	150	 200	198	     0
06/09/18 21:54:01	OT	VEGA           	 2.0247	 1.0559	11658.7	10019.6	 0.911145	 0.532745	 0.0620	 0.0709	 0.0483	 0.0518	 2.0947	 1.9546	PixelFly	L1.5-	160x 60	1.0216	0.1400	0.0600	20	0	 5	150	 200	200	     0
06/09/18 21:54:31	OT	VEGA           	 1.9330	 1.0564	11354.8	 9920.1	 0.845284	 0.492469	 0.0755	 0.0762	 0.0505	 0.0543	 2.0019	 1.8640	PixelFly	L1.5-	160x 60	1.0216	0.1400	0.0600	20	0	 5	150	 200	200	     0
06/09/18 21:55:01	OT	VEGA           	 1.9690	 1.0569	11351.9	10244.3	 0.781835	 0.567187	 0.0649	 0.0786	 0.0529	 0.0499	 1.9098	 2.0282	PixelFly	L1.5-	160x 60	1.0216	0.1400	0.0600	20	0	 5	150	 200	199	     0
06/09/18 21:55:31	OT	VEGA           	 1.7278	 1.0575	11249.6	 9964.7	 0.804932	 0.348115	 0.0803	 0.0898	 0.0520	 0.0669	 1.9428	 1.5128	PixelFly	L1.5-	160x 60	1.0216	0.1400	0.0600	20	0	 5	150	 200	199	    50
06/09/18 21:56:01	OT	VEGA           	 1.6805	 1.0580	11559.6	10358.8	 0.728117	 0.355807	 0.0986	 0.0922	 0.0553	 0.0660	 1.8288	 1.5323	PixelFly	L1.5-	160x 60	1.0216	0.1400	0.0600	20	0	 5	150	 200	200	     0
06/09/18 21:56:31	OT	VEGA           	 1.7164	 1.0586	10662.7	10309.2	 0.673927	 0.418088	 0.0933	 0.0708	 0.0579	 0.0600	 1.7453	 1.6875	PixelFly	L1.5-	160x 60	1.0216	0.1400	0.0600	20	0	 5	150	 200	199	     0
06/09/18 21:57:01	OT	VEGA           	 1.6874	 1.0592	11328.7	10217.3	 0.655870	 0.406312	 0.0933	 0.1128	 0.0589	 0.0610	 1.7165	 1.6583	PixelFly	L1.5-	160x 60	1.0216	0.1400	0.0600	20	0	 5	150	 200	200	     0
06/09/18 21:57:31	OT	VEGA           	 1.6755	 1.0597	11247.3	10190.5	 0.698431	 0.370712	 0.1081	 0.0864	 0.0567	 0.0645	 1.7820	 1.5690	PixelFly	L1.5-	160x 60	1.0216	0.1400	0.0600	20	0	 5	150	 200	199	     0
06/09/18 21:58:01	OT	VEGA           	 2.4108	 1.0603	11188.6	10130.3	 1.232902	 0.709935	 0.0764	 0.0977	 0.0404	 0.0437	 2.5052	 2.3163	PixelFly	L1.5-	160x 60	1.0216	0.1400	0.0600	20	0	 5	150	 200	197	     0
06/09/18 21:58:31	OT	VEGA           	 2.1666	 1.0609	11101.2	10185.7	 0.956031	 0.643579	 0.0718	 0.0838	 0.0470	 0.0463	 2.1500	 2.1832	PixelFly	L1.5-	160x 60	1.0216	0.1400	0.0600	20	0	 5	150	 200	196	     0
06/09/18 21:59:01	OT	VEGA           	 2.0493	 1.0614	10761.4	10476.0	 0.942034	 0.541759	 0.0725	 0.0677	 0.0475	 0.0514	 2.1303	 1.9682	PixelFly	L1.5-	160x 60	1.0216	0.1400	0.0600	20	0	 5	150	 200	199	     0
06/09/18 21:59:31	OT	VEGA           	 1.9638	 1.0620	11562.1	10171.1	 0.927564	 0.474739	 0.0800	 0.0987	 0.0479	 0.0557	 2.1099	 1.8177	PixelFly	L1.5-	160x 60	1.0216	0.1400	0.0600	20	0	 5	150	 200	199	     0
06/09/18 22:00:01	OT	VEGA           	 1.6076	 1.0626	11401.7	 9976.6	 0.628143	 0.362624	 0.0867	 0.0718	 0.0606	 0.0655	 1.6694	 1.5459	PixelFly	L1.5-	160x 60	1.0216	0.1400	0.0600	20	0	 5	150	 200	200	     0
06/09/18 22:00:31	OT	VEGA           	 1.9906	 1.0632	11445.2	10004.6	 0.848414	 0.549278	 0.0757	 0.0739	 0.0506	 0.0510	 1.9987	 1.9826	PixelFly	L1.5-	160x 60	1.0216	0.1400	0.0600	20	0	 5	150	 200	199	     0
06/09/18 22:01:01	OT	VEGA           	 1.8215	 1.0638	11485.2	 9888.8	 0.788368	 0.438375	 0.0728	 0.0611	 0.0529	 0.0584	 1.9119	 1.7311	PixelFly	L1.5-	160x 60	1.0216	0.1400	0.0600	20	0	 5	150	 200	200	     0
06/09/18 22:01:31	OT	VEGA           	 1.7465	 1.0644	11105.3	 9941.1	 0.702631	 0.429495	 0.0635	 0.0640	 0.0567	 0.0592	 1.7837	 1.7094	PixelFly	L1.5-	160x 60	1.0216	0.1400	0.0600	20	0	 5	150	 200	200	     0
06/09/18 22:02:01	OT	VEGA           	 2.2363	 1.0650	11321.5	 9896.6	 1.003540	 0.686620	 0.0713	 0.0694	 0.0458	 0.0447	 2.2083	 2.2644	PixelFly	L1.5-	160x 60	1.0216	0.1400	0.0600	20	0	 5	150	 200	199	     0
06/09/18 22:02:31	OT	VEGA           	 1.7749	 1.0656	11350.9	10031.8	 0.732135	 0.435653	 0.0594	 0.0608	 0.0553	 0.0587	 1.8270	 1.7229	PixelFly	L1.5-	160x 60	1.0216	0.1400	0.0600	20	0	 5	150	 200	199	     0
06/09/18 22:03:01	OT	VEGA           	 1.6527	 1.0662	11547.7	10439.6	 0.659071	 0.381613	 0.0593	 0.0659	 0.0590	 0.0636	 1.7148	 1.5907	PixelFly	L1.5-	160x 60	1.0216	0.1400	0.0600	20	0	 5	150	 200	200	     0
06/09/18 22:03:31	OT	VEGA           	 1.7666	 1.0668	11741.2	10171.1	 0.792308	 0.393110	 0.0597	 0.0626	 0.0528	 0.0625	 1.9144	 1.6187	PixelFly	L1.5-	160x 60	1.0216	0.1400	0.0600	20	0	 5	150	 200	200	     0
06/09/18 22:04:01	OT	VEGA           	 1.7622	 1.0674	11509.1	10085.6	 0.712750	 0.438736	 0.0656	 0.0645	 0.0563	 0.0585	 1.7960	 1.7284	PixelFly	L1.5-	160x 60	1.0216	0.1400	0.0600	20	0	 5	150	 200	200	     0
06/09/18 22:04:31	OT	VEGA           	 1.7568	 1.0680	10831.4	10081.9	 0.806824	 0.377802	 0.0720	 0.0806	 0.0523	 0.0641	 1.9340	 1.5795	PixelFly	L1.5-	160x 60	1.0216	0.1400	0.0600	20	0	 5	150	 200	200	    50
06/09/18 22:05:01	OT	VEGA           	 1.7633	 1.0687	11104.8	10162.7	 0.748326	 0.418404	 0.0583	 0.0661	 0.0547	 0.0603	 1.8480	 1.6787	PixelFly	L1.5-	160x 60	1.0216	0.1400	0.0600	20	0	 5	150	 200	200	     0
06/09/18 22:05:31	OT	VEGA           	 1.5792	 1.0693	11336.1	10211.1	 0.582601	 0.373968	 0.0642	 0.0575	 0.0636	 0.0645	 1.5897	 1.5688	PixelFly	L1.5-	160x 60	1.0216	0.1400	0.0600	20	0	 5	150	 200	200	     0
06/09/18 22:06:01	OT	VEGA           	 1.7302	 1.0699	11441.5	10013.2	 0.660269	 0.447885	 0.0893	 0.0830	 0.0590	 0.0579	 1.7130	 1.7475	PixelFly	L1.5-	160x 60	1.0216	0.1400	0.0600	20	0	 5	150	 200	199	     0
06/09/18 22:06:31	OT	VEGA           	 1.7496	 1.0706	11696.9	 9848.6	 0.681514	 0.450920	 0.0676	 0.0780	 0.0579	 0.0577	 1.7453	 1.7539	PixelFly	L1.5-	160x 60	1.0216	0.1400	0.0600	20	0	 5	150	 200	200	     0
06/09/18 22:07:01	OT	VEGA           	 1.6821	 1.0712	11376.7	 9971.1	 0.678794	 0.396739	 0.0786	 0.0560	 0.0581	 0.0623	 1.7404	 1.6237	PixelFly	L1.5-	160x 60	1.0216	0.1400	0.0600	20	0	 5	150	 200	200	     0
06/09/18 22:07:31	OT	VEGA           	 1.8193	 1.0718	11497.8	10209.4	 0.742799	 0.472331	 0.0760	 0.0805	 0.0550	 0.0561	 1.8365	 1.8021	PixelFly	L1.5-	160x 60	1.0216	0.1400	0.0600	20	0	 5	150	 200	200	     0
06/09/18 22:08:01	OT	VEGA           	 1.7342	 1.0725	11058.5	10167.4	 0.787000	 0.374715	 0.0560	 0.0650	 0.0532	 0.0645	 1.9006	 1.5678	PixelFly	L1.5-	160x 60	1.0216	0.1400	0.0600	20	0	 5	150	 200	200	    50
06/09/18 22:08:31	OT	VEGA           	 2.0656	 1.0732	11343.2	10394.2	 0.895334	 0.599802	 0.0658	 0.0703	 0.0492	 0.0487	 2.0527	 2.0784	PixelFly	L1.5-	160x 60	1.0216	0.1400	0.0600	20	0	 5	150	 200	200	     0
06/09/18 22:09:01	OT	VEGA           	 1.7096	 1.0738	11160.6	10358.9	 0.683231	 0.418680	 0.0768	 0.0850	 0.0579	 0.0604	 1.7447	 1.6745	PixelFly	L1.5-	160x 60	1.0216	0.1400	0.0600	20	0	 5	150	 200	200	     0
06/09/18 22:09:31	OT	VEGA           	 1.6967	 1.0745	11191.6	10106.7	 0.642915	 0.434626	 0.0687	 0.0650	 0.0601	 0.0591	 1.6816	 1.7119	PixelFly	L1.5-	160x 60	1.0216	0.1400	0.0600	20	0	 5	150	 200	199	     0
06/09/18 22:10:01	OT	VEGA           	 1.5504	 1.0751	11431.0	10206.9	 0.585599	 0.353370	 0.0717	 0.0836	 0.0636	 0.0669	 1.5894	 1.5114	PixelFly	L1.5-	160x 60	1.0216	0.1400	0.0600	20	0	 5	150	 200	200	     0
06/09/18 22:10:31	OT	VEGA           	 1.9134	 1.0758	11124.9	10123.6	 0.837541	 0.498593	 0.0474	 0.0450	 0.0513	 0.0545	 1.9693	 1.8575	PixelFly	L1.5-	160x 60	1.0216	0.1400	0.0600	20	0	 5	150	 200	200	     0
06/09/18 22:11:01	OT	VEGA           	 2.0233	 1.0765	11391.1	10164.0	 0.864244	 0.583616	 0.0560	 0.0557	 0.0504	 0.0496	 2.0059	 2.0407	PixelFly	L1.5-	160x 60	1.0216	0.1400	0.0600	20	0	 5	150	 200	199	     0
06/09/18 22:11:31	OT	VEGA           	 2.0743	 1.0772	11264.8	10130.0	 0.997137	 0.547719	 0.0522	 0.0554	 0.0463	 0.0515	 2.1849	 1.9637	PixelFly	L1.5-	160x 60	1.0216	0.1400	0.0600	20	0	 5	150	 200	200	     0
06/09/18 22:12:01	OT	VEGA           	 1.8352	 1.0779	11483.3	 9983.6	 0.829158	 0.437381	 0.0545	 0.0593	 0.0517	 0.0590	 1.9552	 1.7151	PixelFly	L1.5-	160x 60	1.0216	0.1400	0.0600	20	0	 5	150	 200	200	     0
06/09/18 22:12:31	OT	VEGA           	 2.0773	 1.0785	11351.4	10102.2	 0.863719	 0.638648	 0.0554	 0.0628	 0.0505	 0.0470	 2.0029	 2.1516	PixelFly	L1.5-	160x 60	1.0216	0.1400	0.0600	20	0	 5	150	 200	199	     0
06/09/18 22:13:01	OT	VEGA           	 1.9970	 1.0792	11233.3	10076.8	 0.947264	 0.509309	 0.0549	 0.0646	 0.0478	 0.0539	 2.1162	 1.8777	PixelFly	L1.5-	160x 60	1.0216	0.1400	0.0600	20	0	 5	150	 200	199	     0
06/09/18 22:13:31	OT	VEGA           	 2.0055	 1.0799	11114.0	10234.7	 0.938703	 0.523005	 0.0457	 0.0377	 0.0480	 0.0531	 2.1039	 1.9071	PixelFly	L1.5-	160x 60	1.0216	0.1400	0.0600	20	0	 5	150	 200	198	     0
06/09/18 22:14:01	OT	VEGA           	 1.6803	 1.0806	11484.1	10048.5	 0.695293	 0.392277	 0.0363	 0.0429	 0.0576	 0.0631	 1.7564	 1.6042	PixelFly	L1.5-	160x 60	1.0216	0.1400	0.0600	20	0	 5	150	 200	200	     0
06/09/18 22:14:31	OT	VEGA           	 1.6890	 1.0814	11239.4	10087.1	 0.674423	 0.413033	 0.0378	 0.0518	 0.0586	 0.0612	 1.7239	 1.6540	PixelFly	L1.5-	160x 60	1.0216	0.1400	0.0600	20	0	 5	150	 200	199	     0
06/09/18 22:15:01	OT	VEGA           	 1.7291	 1.0821	11229.5	 9815.7	 0.761050	 0.393298	 0.0442	 0.0391	 0.0546	 0.0630	 1.8528	 1.6055	PixelFly	L1.5-	160x 60	1.0216	0.1400	0.0600	20	0	 5	150	 200	200	     0
06/09/18 22:15:31	OT	VEGA           	 1.6804	 1.0828	11080.3	10032.8	 0.626996	 0.438070	 0.0571	 0.0586	 0.0613	 0.0591	 1.6488	 1.7121	PixelFly	L1.5-	160x 60	1.0216	0.1400	0.0600	20	0	 5	150	 200	200	     0
06/09/18 22:16:01	OT	VEGA           	 1.2919	 1.0835	11187.5	10066.2	 0.460573	 0.247178	 0.0483	 0.0420	 0.0738	 0.0833	 1.3697	 1.2140	PixelFly	L1.5-	160x 60	1.0216	0.1400	0.0600	20	0	 5	150	 200	200	     0
06/09/18 22:16:31	OT	VEGA           	 1.7476	 1.0842	11427.3	10003.1	 0.748910	 0.417648	 0.0519	 0.0444	 0.0552	 0.0609	 1.8329	 1.6624	PixelFly	L1.5-	160x 60	1.0216	0.1400	0.0600	20	0	 5	150	 200	200	     0
06/09/18 22:17:01	OT	VEGA           	 1.6433	 1.0850	11495.1	10224.3	 0.743999	 0.337251	 0.0545	 0.0422	 0.0554	 0.0692	 1.8249	 1.4616	PixelFly	L1.5-	160x 60	1.0216	0.1400	0.0600	20	0	 5	150	 200	200	    50
06/09/18 22:17:31	OT	VEGA           	 1.4927	 1.0857	11657.7	10259.4	 0.564870	 0.328888	 0.0547	 0.0449	 0.0654	 0.0703	 1.5463	 1.4392	PixelFly	L1.5-	160x 60	1.0216	0.1400	0.0600	20	0	 5	150	 200	200	     0
06/09/18 22:18:01	OT	VEGA           	 1.3242	 1.0864	11453.8	10664.7	 0.420989	 0.296794	 0.0619	 0.0566	 0.0780	 0.0748	 1.2957	 1.3527	PixelFly	L1.5-	160x 60	1.0216	0.1400	0.0600	20	0	 5	150	 200	200	     0
06/09/18 22:18:31	OT	VEGA           	 1.6515	 1.0872	11212.6	 9921.7	 0.683354	 0.381092	 0.0577	 0.0509	 0.0584	 0.0644	 1.7320	 1.5709	PixelFly	L1.5-	160x 60	1.0216	0.1400	0.0600	20	0	 5	150	 200	200	     0
06/09/18 22:19:01	OT	VEGA           	 1.4570	 1.0879	11245.8	10368.8	 0.520081	 0.331514	 0.0679	 0.0550	 0.0688	 0.0701	 1.4697	 1.4443	PixelFly	L1.5-	160x 60	1.0216	0.1400	0.0600	20	0	 5	150	 200	200	     0
06/09/18 22:19:31	OT	VEGA           	 1.3673	 1.0887	11374.7	10393.0	 0.520710	 0.265807	 0.0684	 0.0555	 0.0688	 0.0800	 1.4701	 1.2645	PixelFly	L1.5-	160x 60	1.0216	0.1400	0.0600	20	0	 5	150	 200	200	     0
06/09/18 22:20:01	OT	VEGA           	 1.3510	 1.0894	11361.5	10096.7	 0.528609	 0.250267	 0.0645	 0.0614	 0.0682	 0.0830	 1.4829	 1.2191	PixelFly	L1.5-	160x 60	1.0216	0.1400	0.0600	20	0	 5	150	 200	200	    50
06/09/18 22:20:31	OT	VEGA           	 1.3657	 1.0902	11229.3	10406.1	 0.503565	 0.275809	 0.0671	 0.0786	 0.0702	 0.0783	 1.4397	 1.2918	PixelFly	L1.5-	160x 60	1.0216	0.1400	0.0600	20	0	 5	150	 200	200	     0
06/09/18 22:21:01	OT	VEGA           	 1.5586	 1.0910	11413.7	 9907.4	 0.620239	 0.348789	 0.0799	 0.0734	 0.0620	 0.0681	 1.6308	 1.4865	PixelFly	L1.5-	160x 60	1.0216	0.1400	0.0600	20	0	 5	150	 200	200	     0
06/09/18 22:21:31	OT	VEGA           	 1.4789	 1.0917	11214.0	10123.2	 0.542111	 0.336496	 0.0673	 0.0640	 0.0672	 0.0696	 1.5036	 1.4542	PixelFly	L1.5-	160x 60	1.0216	0.1400	0.0600	20	0	 5	150	 200	200	     0
06/09/18 22:22:01	OT	VEGA           	 1.6514	 1.0925	11045.2	10106.8	 0.642353	 0.410922	 0.0949	 0.0913	 0.0607	 0.0617	 1.6640	 1.6388	PixelFly	L1.5-	160x 60	1.0216	0.1400	0.0600	20	0	 5	150	 200	199	     0
06/09/18 22:22:31	OT	VEGA           	 1.6847	 1.0933	11376.0	10467.4	 0.665777	 0.424329	 0.1124	 0.1016	 0.0595	 0.0606	 1.6994	 1.6699	PixelFly	L1.5-	160x 60	1.0216	0.1400	0.0600	20	0	 5	150	 200	200	     0
06/09/18 22:23:01	OT	VEGA           	 1.3138	 1.0941	11143.3	10365.4	 0.450000	 0.274274	 0.0853	 0.0884	 0.0753	 0.0788	 1.3429	 1.2847	PixelFly	L1.5-	160x 60	1.0216	0.1400	0.0600	20	0	 5	150	 200	200	     0
06/09/18 22:23:31	OT	VEGA           	 1.5778	 1.0949	11616.5	 9872.8	 0.680347	 0.330198	 0.0801	 0.0757	 0.0588	 0.0705	 1.7201	 1.4354	PixelFly	L1.5-	160x 60	1.0216	0.1400	0.0600	20	0	 5	150	 200	200	     0
06/09/18 22:24:01	OT	VEGA           	 1.3591	 1.0956	11461.4	10007.3	 0.527198	 0.259862	 0.0884	 0.0762	 0.0685	 0.0814	 1.4754	 1.2427	PixelFly	L1.5-	160x 60	1.0216	0.1400	0.0600	20	0	 5	150	 200	200	     0
06/09/18 22:24:31	OT	VEGA           	 1.3017	 1.0964	11442.5	10257.0	 0.426856	 0.281818	 0.1026	 0.1110	 0.0778	 0.0776	 1.2993	 1.3041	PixelFly	L1.5-	160x 60	1.0216	0.1400	0.0600	20	0	 5	150	 200	200	     0
06/09/18 22:25:01	OT	VEGA           	 1.3741	 1.0973	11647.0	10351.9	 0.501782	 0.286746	 0.0830	 0.0832	 0.0706	 0.0768	 1.4311	 1.3171	PixelFly	L1.5-	160x 60	1.0216	0.1400	0.0600	20	0	 5	150	 200	200	     0
06/09/18 22:25:31	OT	VEGA           	 1.3557	 1.0981	11430.1	10389.4	 0.487364	 0.282838	 0.0735	 0.0735	 0.0719	 0.0775	 1.4057	 1.3058	PixelFly	L1.5-	160x 60	1.0216	0.1400	0.0600	20	0	 5	150	 200	200	     0
06/09/18 22:26:01	OT	VEGA           	 1.1752	 1.0989	10781.9	10134.9	 0.430327	 0.195740	 0.0946	 0.0970	 0.0775	 0.0967	 1.3039	 1.0465	PixelFly	L1.5-	160x 60	1.0216	0.1400	0.0600	20	0	 5	150	 200	199	    50
06/09/18 22:26:31	OT	VEGA           	 1.2612	 1.0997	11283.1	10187.7	 0.514325	 0.203824	 0.0859	 0.1083	 0.0697	 0.0944	 1.4505	 1.0718	PixelFly	L1.5-	160x 60	1.0216	0.1400	0.0600	20	0	 5	150	 200	200	    50
06/09/18 22:27:01	OT	VEGA           	 1.4151	 1.1005	11448.0	10840.9	 0.548391	 0.289885	 0.0989	 0.0693	 0.0671	 0.0765	 1.5067	 1.3234	PixelFly	L1.5-	160x 60	1.0216	0.1400	0.0600	20	0	 5	150	 200	200	     0
06/09/18 22:27:31	OT	VEGA           	 1.3611	 1.1013	11227.0	10720.0	 0.544791	 0.254028	 0.0801	 0.0719	 0.0674	 0.0828	 1.5001	 1.2221	PixelFly	L1.5-	160x 60	1.0216	0.1400	0.0600	20	0	 5	150	 200	200	    50
06/09/18 22:28:01	OT	VEGA           	 1.3096	 1.1022	11336.5	10430.7	 0.472021	 0.261677	 0.0718	 0.0634	 0.0735	 0.0814	 1.3758	 1.2434	PixelFly	L1.5-	160x 60	1.0216	0.1400	0.0600	20	0	 5	150	 200	200	     0
06/09/18 22:28:31	OT	VEGA           	 1.4243	 1.1030	11503.9	10412.3	 0.570666	 0.284787	 0.0604	 0.0675	 0.0656	 0.0774	 1.5411	 1.3076	PixelFly	L1.5-	160x 60	1.0216	0.1400	0.0600	20	0	 5	150	 200	200	     0
06/09/18 22:29:01	OT	VEGA           	 1.4189	 1.1038	11823.7	10287.4	 0.520708	 0.311746	 0.0714	 0.0784	 0.0693	 0.0733	 1.4580	 1.3799	PixelFly	L1.5-	160x 60	1.0216	0.1400	0.0600	20	0	 5	150	 200	200	     0
06/09/18 22:29:31	OT	VEGA           	 1.5810	 1.1047	11171.8	10182.0	 0.709122	 0.322665	 0.0696	 0.0998	 0.0576	 0.0719	 1.7540	 1.4081	PixelFly	L1.5-	160x 60	1.0216	0.1400	0.0600	20	0	 5	150	 200	199	    50
06/09/18 22:30:01	OT	VEGA           	 1.8463	 1.1055	11274.4	10254.4	 0.784842	 0.499550	 0.0650	 0.0755	 0.0543	 0.0553	 1.8632	 1.8294	PixelFly	L1.5-	160x 60	1.0216	0.1400	0.0600	20	0	 5	150	 200	198	     0
06/09/18 22:30:31	OT	VEGA           	 1.6355	 1.1064	10982.7	10165.5	 0.659449	 0.397125	 0.0597	 0.0654	 0.0603	 0.0635	 1.6777	 1.5934	PixelFly	L1.5-	160x 60	1.0216	0.1400	0.0600	20	0	 5	150	 200	200	     0
06/09/18 22:31:01	OT	VEGA           	 1.4567	 1.1073	11514.8	 9823.1	 0.578267	 0.306559	 0.0711	 0.0608	 0.0652	 0.0742	 1.5498	 1.3636	PixelFly	L1.5-	160x 60	1.0216	0.1400	0.0600	20	0	 5	150	 200	199	     0
06/09/18 22:31:31	OT	VEGA           	 1.8158	 1.1081	11691.7	10085.6	 0.876790	 0.418636	 0.0667	 0.0752	 0.0508	 0.0616	 1.9885	 1.6431	PixelFly	L1.5-	160x 60	1.0216	0.1400	0.0600	20	0	 5	150	 200	199	    50
06/09/18 22:32:01	OT	VEGA           	 1.5610	 1.1090	11279.6	10066.4	 0.603331	 0.373570	 0.0671	 0.0764	 0.0636	 0.0660	 1.5882	 1.5338	PixelFly	L1.5-	160x 60	1.0216	0.1400	0.0600	20	0	 5	150	 200	200	     0
06/09/18 22:32:31	OT	VEGA           	 1.4021	 1.1099	11677.5	 9988.6	 0.557039	 0.280488	 0.0973	 0.0740	 0.0668	 0.0784	 1.5132	 1.2909	PixelFly	L1.5-	160x 60	1.0216	0.1400	0.0600	20	0	 5	150	 200	200	     0
06/09/18 22:33:01	OT	VEGA           	 1.3800	 1.1108	11469.7	 9997.8	 0.462855	 0.323834	 0.0791	 0.0784	 0.0747	 0.0719	 1.3534	 1.4065	PixelFly	L1.5-	160x 60	1.0216	0.1400	0.0600	20	0	 5	150	 200	199	     0
06/09/18 22:33:31	OT	VEGA           	 1.3834	 1.1116	11598.8	10110.8	 0.541858	 0.276907	 0.1004	 0.0750	 0.0680	 0.0791	 1.4869	 1.2798	PixelFly	L1.5-	160x 60	1.0216	0.1400	0.0600	20	0	 5	150	 200	200	     0
06/09/18 22:34:01	OT	VEGA           	 1.4330	 1.1125	11211.9	10453.9	 0.558115	 0.304083	 0.0845	 0.0971	 0.0668	 0.0748	 1.5128	 1.3531	PixelFly	L1.5-	160x 60	1.0216	0.1400	0.0600	20	0	 5	150	 200	199	     0
06/09/18 22:34:31	OT	VEGA           	 1.5297	 1.1134	11463.6	 9817.8	 0.705413	 0.291687	 0.0864	 0.0891	 0.0581	 0.0767	 1.7402	 1.3191	PixelFly	L1.5-	160x 60	1.0216	0.1400	0.0600	20	0	 5	150	 200	200	    50
06/09/18 22:35:01	OT	VEGA           	 1.5483	 1.1143	11554.0	 9885.9	 0.631589	 0.349230	 0.0722	 0.0842	 0.0621	 0.0689	 1.6278	 1.4688	PixelFly	L1.5-	160x 60	1.0216	0.1400	0.0600	20	0	 5	150	 200	200	     0
06/09/18 22:35:31	OT	VEGA           	 1.6071	 1.1152	11487.4	10290.6	 0.702397	 0.353998	 0.1076	 0.0985	 0.0583	 0.0684	 1.7341	 1.4801	PixelFly	L1.5-	160x 60	1.0216	0.1400	0.0600	20	0	 5	150	 200	200	     0
06/09/18 22:36:01	OT	VEGA           	 1.3166	 1.1161	11332.8	10083.8	 0.429847	 0.301003	 0.0802	 0.0856	 0.0783	 0.0754	 1.2909	 1.3422	PixelFly	L1.5-	160x 60	1.0216	0.1400	0.0600	20	0	 5	150	 200	200	     0
06/09/18 22:36:31	OT	VEGA           	 1.5303	 1.1171	11335.0	10221.6	 0.685157	 0.305615	 0.0793	 0.0777	 0.0592	 0.0747	 1.7067	 1.3539	PixelFly	L1.5-	160x 60	1.0216	0.1400	0.0600	20	0	 5	150	 200	200	    50
06/09/18 22:37:02	OT	VEGA           	 1.4519	 1.1180	11331.2	 9902.7	 0.576215	 0.310571	 0.0834	 0.0664	 0.0657	 0.0741	 1.5375	 1.3663	PixelFly	L1.5-	160x 60	1.0216	0.1400	0.0600	20	0	 5	150	 200	200	     0
06/09/18 22:37:13	OT	VEGA           	 3.9116	 1.1184	11077.1	 9859.8	 0.642430	 3.845684	 0.0822	 0.0757	 0.0616	 0.0164	 1.6409	 6.1824	PixelFly	L1.5-	160x 60	1.0216	0.1400	0.0600	20	0	 5	150	 200	 68	    99
06/09/18 22:37:54	OT	ALTAIR         	 1.6786	 1.0795	 5535.0	 4891.7	 0.714128	 0.378560	 0.0702	 0.0725	 0.0566	 0.0644	 1.7860	 1.5713	PixelFly	L1.5-	160x 60	1.0216	0.1400	0.0600	20	0	 5	150	 200	200	     0
06/09/18 22:38:24	OT	ALTAIR         	 1.6487	 1.0799	 5601.0	 4796.9	 0.676092	 0.377985	 0.0674	 0.0671	 0.0585	 0.0645	 1.7279	 1.5695	PixelFly	L1.5-	160x 60	1.0216	0.1400	0.0600	20	0	 5	150	 200	200	     0
06/09/18 22:38:54	OT	ALTAIR         	 1.5938	 1.0804	 5611.9	 4972.6	 0.668444	 0.339776	 0.0844	 0.0836	 0.0589	 0.0687	 1.7157	 1.4719	PixelFly	L1.5-	160x 60	1.0216	0.1400	0.0600	20	0	 5	150	 200	200	     0
06/09/18 22:39:25	OT	ALTAIR         	 1.5833	 1.0808	 5768.4	 4931.0	 0.574888	 0.390497	 0.0724	 0.0756	 0.0645	 0.0633	 1.5669	 1.5997	PixelFly	L1.5-	160x 60	1.0216	0.1400	0.0600	20	0	 5	150	 200	199	     0
06/09/18 22:39:55	OT	ALTAIR         	 1.7921	 1.0813	 5615.0	 5040.9	 0.746865	 0.454333	 0.0852	 0.0720	 0.0552	 0.0578	 1.8328	 1.7514	PixelFly	L1.5-	160x 60	1.0216	0.1400	0.0600	20	0	 5	150	 200	200	     0
06/09/18 22:40:25	OT	ALTAIR         	 1.6432	 1.0817	 5587.9	 4881.0	 0.651271	 0.390390	 0.0815	 0.0847	 0.0599	 0.0633	 1.6878	 1.5986	PixelFly	L1.5-	160x 60	1.0216	0.1400	0.0600	20	0	 5	150	 200	200	     0
06/09/18 22:40:55	OT	ALTAIR         	 1.8066	 1.0822	 5508.6	 4933.9	 0.790465	 0.440348	 0.1064	 0.1004	 0.0533	 0.0589	 1.8953	 1.7180	PixelFly	L1.5-	160x 60	1.0216	0.1400	0.0600	20	0	 5	150	 200	199	     0
06/09/18 22:41:25	OT	ALTAIR         	 1.4556	 1.0827	 5797.2	 4686.4	 0.555020	 0.305310	 0.0635	 0.0805	 0.0660	 0.0734	 1.5326	 1.3787	PixelFly	L1.5-	160x 60	1.0216	0.1400	0.0600	20	0	 5	150	 200	200	     0
06/09/18 22:41:54	OT	ALTAIR         	 1.5869	 1.0831	 5504.6	 4936.7	 0.639367	 0.353805	 0.0874	 0.0891	 0.0606	 0.0672	 1.6680	 1.5058	PixelFly	L1.5-	160x 60	1.0216	0.1400	0.0600	20	0	 5	150	 200	200	     0
06/09/18 22:42:24	OT	ALTAIR         	 1.6309	 1.0836	 5569.1	 4882.4	 0.732627	 0.333292	 0.0665	 0.0613	 0.0559	 0.0697	 1.8095	 1.4524	PixelFly	L1.5-	160x 60	1.0216	0.1400	0.0600	20	0	 5	150	 200	200	    50
06/09/18 22:42:54	OT	ALTAIR         	 1.8336	 1.0841	 5667.6	 4935.5	 0.813630	 0.450898	 0.0697	 0.0807	 0.0525	 0.0581	 1.9265	 1.7407	PixelFly	L1.5-	160x 60	1.0216	0.1400	0.0600	20	0	 5	150	 200	200	     0
06/09/18 22:43:24	OT	ALTAIR         	 1.6313	 1.0846	 5537.2	 4996.1	 0.673573	 0.369025	 0.0654	 0.0722	 0.0588	 0.0656	 1.7196	 1.5431	PixelFly	L1.5-	160x 60	1.0216	0.1400	0.0600	20	0	 5	150	 200	200	     0
06/09/18 22:43:54	OT	ALTAIR         	 1.3110	 1.0851	 5514.1	 4831.1	 0.463769	 0.259109	 0.0608	 0.0697	 0.0736	 0.0811	 1.3742	 1.2478	PixelFly	L1.5-	160x 60	1.0216	0.1400	0.0600	20	0	 5	150	 200	200	     0
06/09/18 22:44:24	OT	ALTAIR         	 1.5344	 1.0856	 5657.7	 4825.8	 0.646479	 0.311067	 0.0587	 0.0669	 0.0603	 0.0727	 1.6768	 1.3920	PixelFly	L1.5-	160x 60	1.0216	0.1400	0.0600	20	0	 5	150	 200	200	    50
06/09/18 22:44:54	OT	ALTAIR         	 1.6726	 1.0861	 5519.8	 4996.0	 0.643621	 0.422923	 0.0561	 0.0656	 0.0605	 0.0605	 1.6719	 1.6733	PixelFly	L1.5-	160x 60	1.0216	0.1400	0.0600	20	0	 5	150	 200	200	     0
06/09/18 22:45:24	OT	ALTAIR         	 1.6532	 1.0866	 5436.0	 4936.8	 0.728862	 0.354801	 0.0491	 0.0624	 0.0561	 0.0672	 1.8009	 1.5055	PixelFly	L1.5-	160x 60	1.0216	0.1400	0.0600	20	0	 5	150	 200	200	     0
06/09/18 22:45:54	OT	ALTAIR         	 1.6046	 1.0871	 5650.7	 4915.3	 0.676429	 0.347986	 0.0663	 0.0636	 0.0587	 0.0680	 1.7215	 1.4876	PixelFly	L1.5-	160x 60	1.0216	0.1400	0.0600	20	0	 5	150	 200	200	     0
06/09/18 22:46:24	OT	ALTAIR         	 1.5507	 1.0876	 5598.9	 4942.8	 0.622267	 0.339102	 0.0503	 0.0471	 0.0618	 0.0691	 1.6370	 1.4643	PixelFly	L1.5-	160x 60	1.0216	0.1400	0.0600	20	0	 5	150	 200	200	     0
06/09/18 22:46:54	OT	ALTAIR         	 1.5077	 1.0881	 5601.2	 4948.8	 0.547413	 0.353193	 0.0618	 0.0753	 0.0667	 0.0674	 1.5154	 1.5001	PixelFly	L1.5-	160x 60	1.0216	0.1400	0.0600	20	0	 5	150	 200	200	     0
06/09/18 22:47:24	OT	ALTAIR         	 1.6211	 1.0886	 5553.2	 5054.3	 0.693759	 0.351686	 0.0597	 0.0578	 0.0579	 0.0676	 1.7464	 1.4958	PixelFly	L1.5-	160x 60	1.0216	0.1400	0.0600	20	0	 5	150	 200	200	     0
06/09/18 22:47:54	OT	ALTAIR         	 1.6885	 1.0892	 5547.8	 4965.3	 0.755285	 0.369317	 0.0606	 0.0833	 0.0550	 0.0657	 1.8372	 1.5399	PixelFly	L1.5-	160x 60	1.0216	0.1400	0.0600	20	0	 5	150	 200	200	     0
06/09/18 22:48:24	OT	ALTAIR         	 1.5953	 1.0897	 5558.2	 4939.3	 0.658750	 0.353131	 0.0794	 0.1001	 0.0597	 0.0675	 1.6919	 1.4986	PixelFly	L1.5-	160x 60	1.0216	0.1400	0.0600	20	0	 5	150	 200	200	     0
06/09/18 22:48:54	OT	ALTAIR         	 1.6461	 1.0903	 5682.5	 4864.4	 0.703147	 0.367040	 0.1035	 0.0940	 0.0575	 0.0660	 1.7589	 1.5333	PixelFly	L1.5-	160x 60	1.0216	0.1400	0.0600	20	0	 5	150	 200	200	     0
06/09/18 22:49:25	OT	ALTAIR         	 1.5951	 1.0908	 5628.2	 4911.6	 0.616830	 0.379887	 0.0778	 0.0778	 0.0622	 0.0647	 1.6255	 1.5648	PixelFly	L1.5-	160x 60	1.0216	0.1400	0.0600	20	0	 5	150	 200	200	     0
06/09/18 22:49:57	OT	ALTAIR         	 1.8047	 1.0914	 5787.1	 4797.6	 0.884425	 0.391293	 0.0885	 0.1020	 0.0501	 0.0635	 2.0172	 1.5923	PixelFly	L1.5-	160x 60	1.0216	0.1400	0.0600	20	0	 5	150	 200	200	    50
06/09/18 22:50:27	OT	ALTAIR         	 1.8479	 1.0920	 5725.3	 4786.4	 0.965693	 0.382438	 0.1112	 0.0963	 0.0476	 0.0644	 2.1258	 1.5701	PixelFly	L1.5-	160x 60	1.0216	0.1400	0.0600	20	0	 5	150	 200	200	    50
06/09/18 22:50:57	OT	ALTAIR         	 1.4314	 1.0925	 5472.4	 4943.8	 0.524762	 0.311956	 0.0712	 0.0740	 0.0686	 0.0728	 1.4739	 1.3890	PixelFly	L1.5-	160x 60	1.0216	0.1400	0.0600	20	0	 5	150	 200	200	     0
06/09/18 22:51:27	OT	ALTAIR         	 1.3901	 1.0931	 5817.5	 4926.1	 0.482678	 0.308337	 0.0918	 0.0951	 0.0721	 0.0734	 1.4013	 1.3789	PixelFly	L1.5-	160x 60	1.0216	0.1400	0.0600	20	0	 5	150	 200	199	     0
06/09/18 22:51:57	OT	ALTAIR         	 1.5938	 1.0937	 5645.4	 5061.5	 0.685413	 0.338800	 0.0931	 0.1125	 0.0585	 0.0694	 1.7289	 1.4586	PixelFly	L1.5-	160x 60	1.0216	0.1400	0.0600	20	0	 5	150	 200	200	     0
06/09/18 22:52:27	OT	ALTAIR         	 1.7322	 1.0943	 5627.4	 5025.9	 0.781052	 0.393511	 0.0815	 0.1022	 0.0541	 0.0634	 1.8693	 1.5952	PixelFly	L1.5-	160x 60	1.0216	0.1400	0.0600	20	0	 5	150	 200	200	     0
06/09/18 22:52:57	OT	ALTAIR         	 2.9413	 1.0949	 5512.6	 4811.6	 1.520407	 1.188906	 0.0957	 0.0937	 0.0363	 0.0327	 2.7868	 3.0959	PixelFly	L1.5-	160x 60	1.0216	0.1400	0.0600	20	0	 5	150	 200	200	     0
06/09/18 22:53:27	OT	ALTAIR         	 2.2826	 1.0955	 5459.6	 4798.3	 1.177336	 0.660721	 0.0916	 0.0810	 0.0423	 0.0465	 2.3896	 2.1756	PixelFly	L1.5-	160x 60	1.0216	0.1400	0.0600	20	0	 5	150	 200	200	     0
06/09/18 22:53:57	OT	ALTAIR         	 1.8767	 1.0961	 5510.4	 5041.7	 0.890343	 0.452676	 0.1005	 0.1160	 0.0500	 0.0584	 2.0201	 1.7334	PixelFly	L1.5-	160x 60	1.0216	0.1400	0.0600	20	0	 5	150	 200	200	     0
06/09/18 22:54:27	OT	ALTAIR         	 2.0480	 1.0967	 5709.3	 4885.1	 1.077282	 0.496656	 0.1127	 0.0893	 0.0446	 0.0552	 2.2641	 1.8319	PixelFly	L1.5-	160x 60	1.0216	0.1400	0.0600	20	0	 5	150	 200	200	    50
06/09/18 22:54:57	OT	ALTAIR         	 2.4650	 1.0973	 5471.2	 4859.1	 1.491186	 0.663614	 0.0986	 0.0757	 0.0367	 0.0464	 2.7509	 2.1791	PixelFly	L1.5-	160x 60	1.0216	0.1400	0.0600	20	0	 5	150	 200	200	    50
06/09/18 22:55:27	OT	ALTAIR         	 2.3318	 1.0979	 5649.6	 4800.4	 1.259587	 0.663649	 0.1059	 0.1010	 0.0407	 0.0464	 2.4851	 2.1784	PixelFly	L1.5-	160x 60	1.0216	0.1400	0.0600	20	0	 5	150	 200	200	     0
06/09/18 22:55:57	OT	ALTAIR         	 2.3423	 1.0985	 5302.0	 4784.9	 1.261098	 0.674270	 0.0996	 0.1400	 0.0407	 0.0460	 2.4860	 2.1985	PixelFly	L1.5-	160x 60	1.0216	0.1400	0.0600	20	0	 5	150	 200	200	     0
06/09/18 22:56:27	OT	ALTAIR         	 2.2607	 1.0991	 5436.9	 4661.3	 1.090318	 0.698095	 0.0870	 0.1007	 0.0444	 0.0451	 2.2774	 2.2441	PixelFly	L1.5-	160x 60	1.0216	0.1400	0.0600	20	0	 5	150	 200	200	     0
06/09/18 22:56:57	OT	ALTAIR         	 2.0995	 1.0998	 5641.1	 4922.0	 1.092358	 0.538491	 0.1160	 0.1336	 0.0444	 0.0527	 2.2792	 1.9197	PixelFly	L1.5-	160x 60	1.0216	0.1400	0.0600	20	0	 5	150	 200	200	     0
06/09/18 22:57:27	OT	ALTAIR         	 2.5236	 1.1004	 5521.2	 4769.3	 1.249975	 0.880050	 0.0940	 0.0915	 0.0409	 0.0393	 2.4703	 2.5769	PixelFly	L1.5-	160x 60	1.0216	0.1400	0.0600	20	0	 5	150	 200	200	     0
06/09/18 22:57:57	OT	ALTAIR         	 2.2949	 1.1011	 5698.5	 4797.2	 1.224321	 0.651576	 0.1120	 0.1009	 0.0414	 0.0470	 2.4389	 2.1509	PixelFly	L1.5-	160x 60	1.0216	0.1400	0.0600	20	0	 5	150	 200	200	     0
06/09/18 22:58:27	OT	ALTAIR         	 2.5328	 1.1017	 5665.4	 4839.7	 1.314028	 0.850005	 0.0798	 0.0930	 0.0397	 0.0401	 2.5437	 2.5219	PixelFly	L1.5-	160x 60	1.0216	0.1400	0.0600	20	0	 5	150	 200	198	     0
06/09/18 22:58:57	OT	ALTAIR         	 2.2084	 1.1024	 5568.1	 4937.7	 0.942508	 0.747309	 0.0796	 0.1240	 0.0485	 0.0434	 2.0831	 2.3336	PixelFly	L1.5-	160x 60	1.0216	0.1400	0.0600	20	0	 5	150	 200	199	     0
06/09/18 22:59:27	OT	ALTAIR         	 1.9771	 1.1030	 5605.0	 4889.6	 0.970877	 0.500627	 0.1226	 0.1027	 0.0477	 0.0552	 2.1198	 1.8343	PixelFly	L1.5-	160x 60	1.0216	0.1400	0.0600	20	0	 5	150	 200	200	     0
06/09/18 22:59:57	OT	ALTAIR         	 2.2303	 1.1037	 5612.3	 5005.3	 1.096108	 0.668768	 0.1385	 0.1245	 0.0444	 0.0464	 2.2790	 2.1816	PixelFly	L1.5-	160x 60	1.0216	0.1400	0.0600	20	0	 5	150	 200	199	     0
06/09/18 23:00:27	OT	ALTAIR         	 2.5947	 1.1044	 5431.8	 4980.9	 1.451137	 0.836110	 0.1135	 0.0972	 0.0375	 0.0406	 2.6959	 2.4935	PixelFly	L1.5-	160x 60	1.0216	0.1400	0.0600	20	0	 5	150	 200	197	     0
06/09/18 23:00:57	OT	ALTAIR         	 2.4614	 1.1050	 5490.2	 4721.4	 1.281830	 0.796549	 0.0858	 0.1106	 0.0404	 0.0418	 2.5016	 2.4211	PixelFly	L1.5-	160x 60	1.0216	0.1400	0.0600	20	0	 5	150	 200	196	     0
06/09/18 23:01:27	OT	ALTAIR         	 2.1972	 1.1057	 5790.7	 4965.1	 1.182441	 0.585436	 0.1268	 0.1103	 0.0424	 0.0503	 2.3824	 2.0120	PixelFly	L1.5-	160x 60	1.0216	0.1400	0.0600	20	0	 5	150	 200	199	     0
06/09/18 23:01:57	OT	ALTAIR         	 2.2618	 1.1064	 5608.1	 4801.5	 1.053747	 0.732695	 0.1237	 0.1020	 0.0455	 0.0440	 2.2225	 2.3010	PixelFly	L1.5-	160x 60	1.0216	0.1400	0.0600	20	0	 5	150	 200	200	     0
06/09/18 23:02:27	OT	ALTAIR         	 2.1491	 1.1071	 5740.6	 4666.0	 0.982828	 0.663680	 0.1196	 0.1126	 0.0474	 0.0467	 2.1307	 2.1676	PixelFly	L1.5-	160x 60	1.0216	0.1400	0.0600	20	0	 5	150	 200	200	     0
06/09/18 23:02:57	OT	ALTAIR         	 2.0529	 1.1078	 5267.0	 4867.8	 0.984615	 0.568041	 0.1090	 0.1026	 0.0474	 0.0513	 2.1322	 1.9736	PixelFly	L1.5-	160x 60	1.0216	0.1400	0.0600	20	0	 5	150	 200	200	     0
06/09/18 23:03:27	OT	ALTAIR         	 2.5169	 1.1085	 5318.2	 4946.2	 1.468837	 0.746513	 0.0921	 0.0973	 0.0373	 0.0435	 2.7095	 2.3243	PixelFly	L1.5-	160x 60	1.0216	0.1400	0.0600	20	0	 5	150	 200	200	     0
06/09/18 23:03:57	OT	ALTAIR         	 1.9974	 1.1092	 5571.6	 4792.4	 0.918070	 0.558335	 0.1079	 0.0935	 0.0495	 0.0518	 2.0429	 1.9518	PixelFly	L1.5-	160x 60	1.0216	0.1400	0.0600	20	0	 5	150	 200	199	     0
06/09/18 23:04:27	OT	ALTAIR         	 1.5269	 1.1099	 5662.2	 4792.4	 0.669713	 0.307398	 0.0952	 0.0839	 0.0598	 0.0742	 1.6900	 1.3638	PixelFly	L1.5-	160x 60	1.0216	0.1400	0.0600	20	0	 5	150	 200	200	    50
06/09/18 23:04:57	OT	ALTAIR         	 2.4371	 1.1107	 5560.7	 4866.3	 1.278015	 0.780594	 0.0826	 0.0613	 0.0406	 0.0424	 2.4895	 2.3847	PixelFly	L1.5-	160x 60	1.0216	0.1400	0.0600	20	0	 5	150	 200	200	     0
06/09/18 23:05:27	OT	ALTAIR         	 1.8888	 1.1114	 5613.1	 4896.2	 0.801202	 0.533485	 0.1104	 0.1006	 0.0538	 0.0533	 1.8805	 1.8970	PixelFly	L1.5-	160x 60	1.0216	0.1400	0.0600	20	0	 5	150	 200	200	     0
06/09/18 23:05:57	OT	ALTAIR         	 2.0981	 1.1121	 5520.4	 4761.8	 0.926620	 0.655215	 0.0922	 0.0817	 0.0493	 0.0472	 2.0511	 2.1451	PixelFly	L1.5-	160x 60	1.0216	0.1400	0.0600	20	0	 5	150	 200	200	     0
06/09/18 23:06:27	OT	ALTAIR         	 1.7118	 1.1129	 5507.4	 4901.2	 0.807288	 0.375780	 0.0875	 0.0934	 0.0536	 0.0659	 1.8875	 1.5361	PixelFly	L1.5-	160x 60	1.0216	0.1400	0.0600	20	0	 5	150	 200	200	    50
06/09/18 23:06:57	OT	ALTAIR         	 1.9272	 1.1136	 5548.7	 4767.3	 0.842906	 0.544494	 0.0949	 0.0686	 0.0522	 0.0528	 1.9363	 1.9181	PixelFly	L1.5-	160x 60	1.0216	0.1400	0.0600	20	0	 5	150	 200	200	     0
06/09/18 23:07:27	OT	ALTAIR         	 2.2258	 1.1144	 5328.4	 4804.6	 1.204424	 0.610626	 0.0815	 0.0835	 0.0422	 0.0493	 2.3977	 2.0538	PixelFly	L1.5-	160x 60	1.0216	0.1400	0.0600	20	0	 5	150	 200	199	     0
06/09/18 23:07:57	OT	ALTAIR         	 1.9850	 1.1151	 5523.9	 4661.4	 0.924544	 0.548479	 0.0873	 0.0811	 0.0494	 0.0526	 2.0451	 1.9250	PixelFly	L1.5-	160x 60	1.0216	0.1400	0.0600	20	0	 5	150	 200	200	     0
06/09/18 23:08:27	OT	ALTAIR         	 1.7969	 1.1159	 5540.9	 4649.1	 0.716727	 0.508743	 0.0779	 0.0711	 0.0576	 0.0550	 1.7546	 1.8393	PixelFly	L1.5-	160x 60	1.0216	0.1400	0.0600	20	0	 5	150	 200	200	     0
06/09/18 23:08:57	OT	ALTAIR         	 2.0938	 1.1167	 5418.9	 4746.9	 1.043088	 0.580907	 0.0750	 0.0764	 0.0460	 0.0508	 2.1968	 1.9908	PixelFly	L1.5-	160x 60	1.0216	0.1400	0.0600	20	0	 5	150	 200	199	     0
06/09/18 23:09:27	OT	ALTAIR         	 1.8498	 1.1174	 5497.9	 4859.0	 0.885842	 0.450687	 0.0668	 0.0643	 0.0508	 0.0592	 1.9908	 1.7089	PixelFly	L1.5-	160x 60	1.0216	0.1400	0.0600	20	0	 5	150	 200	200	     0
06/09/18 23:09:57	OT	ALTAIR         	 1.7033	 1.1182	 5480.1	 4767.3	 0.705800	 0.434115	 0.0568	 0.0574	 0.0582	 0.0606	 1.7363	 1.6702	PixelFly	L1.5-	160x 60	1.0216	0.1400	0.0600	20	0	 5	150	 200	200	     0
06/09/18 23:10:27	OT	ALTAIR         	 1.7869	 1.1190	 5473.2	 5047.3	 0.815420	 0.439188	 0.0559	 0.0668	 0.0534	 0.0602	 1.8927	 1.6812	PixelFly	L1.5-	160x 60	1.0216	0.1400	0.0600	20	0	 5	150	 200	200	     0
06/09/18 23:10:57	OT	ALTAIR         	 2.1874	 1.1198	 5505.9	 4847.4	 1.106505	 0.638146	 0.0743	 0.0894	 0.0445	 0.0481	 2.2721	 2.1027	PixelFly	L1.5-	160x 60	1.0216	0.1400	0.0600	20	0	 5	150	 200	200	     0
06/09/18 23:11:27	OT	ALTAIR         	 1.6563	 1.1206	 5567.7	 4924.4	 0.671425	 0.417602	 0.0766	 0.0699	 0.0601	 0.0621	 1.6829	 1.6297	PixelFly	L1.5-	160x 60	1.0216	0.1400	0.0600	20	0	 5	150	 200	200	     0
06/09/18 23:11:57	OT	ALTAIR         	 2.0109	 1.1214	 5475.4	 4753.4	 0.996731	 0.534752	 0.0708	 0.0840	 0.0474	 0.0535	 2.1322	 1.8895	PixelFly	L1.5-	160x 60	1.0216	0.1400	0.0600	20	0	 5	150	 200	199	     0
06/09/18 23:12:27	OT	ALTAIR         	 2.0489	 1.1222	 5433.8	 4844.4	 0.976244	 0.584859	 0.0775	 0.0542	 0.0480	 0.0508	 2.1049	 1.9930	PixelFly	L1.5-	160x 60	1.0216	0.1400	0.0600	20	0	 5	150	 200	200	     0
06/09/18 23:12:57	OT	ALTAIR         	 1.8523	 1.1230	 5543.0	 4940.6	 0.838640	 0.486618	 0.0728	 0.0717	 0.0526	 0.0567	 1.9207	 1.7840	PixelFly	L1.5-	160x 60	1.0216	0.1400	0.0600	20	0	 5	150	 200	200	     0
06/09/18 23:13:27	OT	ALTAIR         	 2.0539	 1.1239	 5539.2	 4607.9	 1.024536	 0.561403	 0.0648	 0.0789	 0.0467	 0.0521	 2.1649	 1.9429	PixelFly	L1.5-	160x 60	1.0216	0.1400	0.0600	20	0	 5	150	 200	200	     0
06/09/18 23:13:57	OT	ALTAIR         	 1.8776	 1.1247	 5451.5	 4886.9	 0.840063	 0.510457	 0.0653	 0.0718	 0.0526	 0.0552	 1.9209	 1.8343	PixelFly	L1.5-	160x 60	1.0216	0.1400	0.0600	20	0	 5	150	 200	200	     0
06/09/18 23:14:27	OT	ALTAIR         	 1.8475	 1.1255	 5539.7	 4641.4	 0.888698	 0.454020	 0.0832	 0.0754	 0.0509	 0.0592	 1.9860	 1.7090	PixelFly	L1.5-	160x 60	1.0216	0.1400	0.0600	20	0	 5	150	 200	200	     0
06/09/18 23:14:57	OT	ALTAIR         	 1.8735	 1.1264	 5734.6	 4719.7	 0.769645	 0.554519	 0.0780	 0.0726	 0.0555	 0.0525	 1.8210	 1.9260	PixelFly	L1.5-	160x 60	1.0216	0.1400	0.0600	20	0	 5	150	 200	200	     0
06/09/18 23:15:27	OT	ALTAIR         	 1.4612	 1.1272	 5624.9	 4956.7	 0.641460	 0.284797	 0.0820	 0.0759	 0.0620	 0.0784	 1.6317	 1.2907	PixelFly	L1.5-	160x 60	1.0216	0.1400	0.0600	20	0	 5	150	 200	199	    50
06/09/18 23:15:57	OT	ALTAIR         	 1.8863	 1.1281	 5389.8	 4791.2	 0.979663	 0.437809	 0.0952	 0.0997	 0.0481	 0.0606	 2.1027	 1.6699	PixelFly	L1.5-	160x 60	1.0216	0.1400	0.0600	20	0	 5	150	 200	200	    50
06/09/18 23:16:27	OT	ALTAIR         	 1.5428	 1.1289	 5604.0	 4865.2	 0.604816	 0.371285	 0.0825	 0.0897	 0.0642	 0.0669	 1.5737	 1.5120	PixelFly	L1.5-	160x 60	1.0216	0.1400	0.0600	20	0	 5	150	 200	200	     0
06/09/18 23:16:57	OT	ALTAIR         	 1.8207	 1.1298	 5624.4	 4855.5	 0.824905	 0.472511	 0.0782	 0.0729	 0.0533	 0.0579	 1.8949	 1.7465	PixelFly	L1.5-	160x 60	1.0216	0.1400	0.0600	20	0	 5	150	 200	200	     0
06/09/18 23:17:27	OT	ALTAIR         	 2.2083	 1.1307	 5701.4	 4711.2	 1.273021	 0.572861	 0.0756	 0.0777	 0.0411	 0.0516	 2.4572	 1.9595	PixelFly	L1.5-	160x 60	1.0216	0.1400	0.0600	20	0	 5	150	 200	200	    50
06/09/18 23:17:57	OT	ALTAIR         	 1.9439	 1.1316	 5593.4	 4756.5	 0.792995	 0.612571	 0.0681	 0.0672	 0.0547	 0.0496	 1.8488	 2.0389	PixelFly	L1.5-	160x 60	1.0216	0.1400	0.0600	20	0	 5	150	 200	199	     0
06/09/18 23:18:27	OT	ALTAIR         	 2.0526	 1.1324	 5380.9	 4804.4	 1.024716	 0.569154	 0.0702	 0.0666	 0.0469	 0.0519	 2.1552	 1.9500	PixelFly	L1.5-	160x 60	1.0216	0.1400	0.0600	20	0	 5	150	 200	200	     0
06/09/18 23:18:57	OT	ALTAIR         	 1.7402	 1.1333	 5522.8	 4819.4	 0.730815	 0.462834	 0.0691	 0.0622	 0.0575	 0.0588	 1.7588	 1.7217	PixelFly	L1.5-	160x 60	1.0216	0.1400	0.0600	20	0	 5	150	 200	200	     0
06/09/18 23:19:27	OT	ALTAIR         	 1.5321	 1.1342	 5585.9	 4877.5	 0.669603	 0.326642	 0.0677	 0.0612	 0.0606	 0.0725	 1.6680	 1.3962	PixelFly	L1.5-	160x 60	1.0216	0.1400	0.0600	20	0	 5	150	 200	200	     0
06/09/18 23:19:57	OT	ALTAIR         	 2.1554	 1.1351	 5549.2	 4817.8	 1.106579	 0.623619	 0.0727	 0.0678	 0.0449	 0.0492	 2.2537	 2.0570	PixelFly	L1.5-	160x 60	1.0216	0.1400	0.0600	20	0	 5	150	 200	200	     0
06/09/18 23:20:27	OT	ALTAIR         	 1.8829	 1.1361	 5523.0	 4745.8	 0.909986	 0.482492	 0.0670	 0.0734	 0.0505	 0.0574	 2.0032	 1.7627	PixelFly	L1.5-	160x 60	1.0216	0.1400	0.0600	20	0	 5	150	 200	200	     0
06/09/18 23:20:57	OT	ALTAIR         	 2.0100	 1.1370	 5465.0	 4807.0	 0.986435	 0.556154	 0.0625	 0.0604	 0.0481	 0.0527	 2.1015	 1.9186	PixelFly	L1.5-	160x 60	1.0216	0.1400	0.0600	20	0	 5	150	 200	200	     0
06/09/18 23:21:27	OT	ALTAIR         	 1.9698	 1.1379	 5571.4	 4772.8	 1.070107	 0.470267	 0.0536	 0.0590	 0.0458	 0.0583	 2.2056	 1.7340	PixelFly	L1.5-	160x 60	1.0216	0.1400	0.0600	20	0	 5	150	 200	200	    50
06/09/18 23:21:57	OT	ALTAIR         	 1.8471	 1.1388	 5550.6	 4844.2	 0.846583	 0.491041	 0.0510	 0.0515	 0.0528	 0.0569	 1.9154	 1.7787	PixelFly	L1.5-	160x 60	1.0216	0.1400	0.0600	20	0	 5	150	 200	200	     0
06/09/18 23:22:27	OT	ALTAIR         	 1.9180	 1.1398	 5498.1	 4960.8	 0.893625	 0.528704	 0.0562	 0.0551	 0.0511	 0.0544	 1.9776	 1.8585	PixelFly	L1.5-	160x 60	1.0216	0.1400	0.0600	20	0	 5	150	 200	200	     0
06/09/18 23:22:57	OT	ALTAIR         	 1.8633	 1.1407	 5559.7	 4747.5	 0.882050	 0.485696	 0.0527	 0.0462	 0.0515	 0.0573	 1.9612	 1.7653	PixelFly	L1.5-	160x 60	1.0216	0.1400	0.0600	20	0	 5	150	 200	200	     0
06/09/18 23:23:27	OT	ALTAIR         	 1.5788	 1.1417	 5494.4	 4840.4	 0.717612	 0.340423	 0.0428	 0.0545	 0.0584	 0.0710	 1.7320	 1.4256	PixelFly	L1.5-	160x 60	1.0216	0.1400	0.0600	20	0	 5	150	 200	199	    50
06/09/18 23:23:57	OT	ALTAIR         	 1.4536	 1.1426	 5546.0	 4680.9	 0.657037	 0.279289	 0.0583	 0.0622	 0.0616	 0.0800	 1.6419	 1.2653	PixelFly	L1.5-	160x 60	1.0216	0.1400	0.0600	20	0	 5	150	 200	200	    50
06/09/18 23:24:27	OT	ALTAIR         	 1.7266	 1.1436	 5656.8	 4940.2	 0.728551	 0.460513	 0.0475	 0.0558	 0.0579	 0.0593	 1.7460	 1.7073	PixelFly	L1.5-	160x 60	1.0216	0.1400	0.0600	20	0	 5	150	 200	200	     0
06/09/18 23:24:57	OT	ALTAIR         	 1.9666	 1.1446	 5368.4	 4729.1	 0.921249	 0.562563	 0.0716	 0.0846	 0.0503	 0.0526	 2.0090	 1.9241	PixelFly	L1.5-	160x 60	1.0216	0.1400	0.0600	20	0	 5	150	 200	200	     0
06/09/18 23:25:27	OT	ALTAIR         	 2.4734	 1.1456	 5387.2	 4642.1	 1.386623	 0.802823	 0.0607	 0.0763	 0.0394	 0.0425	 2.5663	 2.3806	PixelFly	L1.5-	160x 60	1.0216	0.1400	0.0600	20	0	 5	150	 200	200	     0
06/09/18 23:25:57	OT	ALTAIR         	 2.0249	 1.1465	 5676.7	 4756.0	 0.981189	 0.583859	 0.0635	 0.0582	 0.0485	 0.0515	 2.0843	 1.9655	PixelFly	L1.5-	160x 60	1.0216	0.1400	0.0600	20	0	 5	150	 200	200	     0
06/09/18 23:26:27	OT	ALTAIR         	 1.6609	 1.1475	 5406.4	 4962.2	 0.764376	 0.384285	 0.0464	 0.0489	 0.0564	 0.0662	 1.7934	 1.5285	PixelFly	L1.5-	160x 60	1.0216	0.1400	0.0600	20	0	 5	150	 200	200	     0
06/09/18 23:26:57	OT	ALTAIR         	 1.7559	 1.1485	 5616.3	 4740.9	 0.888411	 0.393768	 0.0494	 0.0446	 0.0515	 0.0653	 1.9617	 1.5502	PixelFly	L1.5-	160x 60	1.0216	0.1400	0.0600	20	0	 5	150	 200	200	    50
06/09/18 23:27:27	OT	ALTAIR         	 2.5228	 1.1495	 5449.9	 4728.2	 1.368457	 0.876927	 0.0447	 0.0630	 0.0398	 0.0404	 2.5408	 2.5049	PixelFly	L1.5-	160x 60	1.0216	0.1400	0.0600	20	0	 5	150	 200	200	     0
06/09/18 23:27:57	OT	ALTAIR         	 2.2062	 1.1505	 5630.4	 4904.7	 1.114533	 0.689459	 0.0558	 0.0607	 0.0450	 0.0467	 2.2452	 2.1671	PixelFly	L1.5-	160x 60	1.0216	0.1400	0.0600	20	0	 5	150	 200	200	     0
06/09/18 23:28:27	OT	ALTAIR         	 1.7883	 1.1516	 5486.3	 4781.9	 0.768750	 0.497512	 0.0748	 0.0594	 0.0563	 0.0568	 1.7957	 1.7808	PixelFly	L1.5-	160x 60	1.0216	0.1400	0.0600	20	0	 5	150	 200	200	     0
06/09/18 23:28:57	OT	ALTAIR         	 1.7673	 1.1526	 5567.0	 4844.3	 0.828103	 0.441989	 0.0441	 0.0485	 0.0539	 0.0610	 1.8767	 1.6579	PixelFly	L1.5-	160x 60	1.0216	0.1400	0.0600	20	0	 5	150	 200	200	     0
06/09/18 23:29:27	OT	ALTAIR         	 1.6856	 1.1536	 5660.8	 4865.0	 0.608912	 0.512768	 0.0595	 0.0539	 0.0648	 0.0559	 1.5597	 1.8115	PixelFly	L1.5-	160x 60	1.0216	0.1400	0.0600	20	0	 5	150	 200	200	     0
06/09/18 23:29:57	OT	ALTAIR         	 2.3565	 1.1547	 5516.1	 4840.8	 1.425547	 0.664949	 0.0546	 0.0511	 0.0389	 0.0478	 2.5969	 2.1160	PixelFly	L1.5-	160x 60	1.0216	0.1400	0.0600	20	0	 5	150	 200	199	    50
06/09/18 23:30:27	OT	ALTAIR         	 1.6990	 1.1557	 5345.6	 4889.1	 0.764498	 0.422973	 0.0538	 0.0567	 0.0566	 0.0628	 1.7859	 1.6121	PixelFly	L1.5-	160x 60	1.0216	0.1400	0.0600	20	0	 5	150	 200	200	     0
06/09/18 23:30:28	OT	ALTAIR         	 0.0000	 1.1557	    0.0	    0.0	-0.000000	-0.000000	    0.0	    0.0	    0.0	    0.0	 0.0000	 0.0000	PixelFly	L1.5-	160x 60	1.0216	0.1400	0.0600	20	0	 5	150	 200	  0	    31
06/09/18 23:46:27	OT	DENEB          	 1.5863	 1.0717	 3508.3	 3118.0	 0.651161	 0.338397	 0.0840	 0.1095	 0.0596	 0.0686	 1.6971	 1.4755	PixelFly	L1.5-	160x 60	1.0216	0.1400	0.0600	20	0	 5	150	 200	 29	    99
06/09/18 23:47:39	OT	DENEB          	 1.8477	 1.0727	 3567.7	 3086.4	 0.845161	 0.433935	 0.0745	 0.0781	 0.0510	 0.0591	 1.9834	 1.7119	PixelFly	L1.5-	160x 60	1.0216	0.1400	0.0600	20	0	 5	150	 200	192	     0
06/09/18 23:48:09	OT	DENEB          	 1.7350	 1.0731	 3524.6	 3031.5	 0.654811	 0.458314	 0.0939	 0.0881	 0.0594	 0.0572	 1.7015	 1.7686	PixelFly	L1.5-	160x 60	1.0216	0.1400	0.0600	20	0	 5	150	 200	193	     0
06/09/18 23:48:39	OT	DENEB          	 1.9216	 1.0736	 3332.3	 3117.4	 0.868001	 0.484808	 0.1127	 0.1205	 0.0502	 0.0553	 2.0145	 1.8288	PixelFly	L1.5-	160x 60	1.0216	0.1400	0.0600	20	0	 5	150	 200	195	     0
06/09/18 23:49:09	OT	DENEB          	 1.8635	 1.0740	 3485.8	 3057.9	 0.926632	 0.401420	 0.0916	 0.0866	 0.0483	 0.0620	 2.0945	 1.6326	PixelFly	L1.5-	160x 60	1.0216	0.1400	0.0600	20	0	 5	150	 200	193	    50
06/09/18 23:49:39	OT	DENEB          	 1.3682	 1.0744	 3565.8	 3102.8	 0.550182	 0.242064	 0.0717	 0.0701	 0.0660	 0.0840	 1.5316	 1.2049	PixelFly	L1.5-	160x 60	1.0216	0.1400	0.0600	20	0	 5	150	 200	197	    50
06/09/18 23:50:09	OT	DENEB          	 1.9084	 1.0749	 3529.0	 3075.3	 0.874519	 0.470471	 0.0862	 0.0793	 0.0500	 0.0564	 2.0220	 1.7948	PixelFly	L1.5-	160x 60	1.0216	0.1400	0.0600	20	0	 5	150	 200	196	     0
06/09/18 23:50:39	OT	DENEB          	 2.2759	 1.0753	 3509.2	 2995.4	 1.129048	 0.658480	 0.0647	 0.0767	 0.0429	 0.0461	 2.3563	 2.1954	PixelFly	L1.5-	160x 60	1.0216	0.1400	0.0600	20	0	 5	150	 200	199	     0
06/09/18 23:51:09	OT	DENEB          	 1.4117	 1.0758	 3526.8	 3033.9	 0.530088	 0.284545	 0.0779	 0.0776	 0.0675	 0.0763	 1.4966	 1.3267	PixelFly	L1.5-	160x 60	1.0216	0.1400	0.0600	20	0	 5	150	 200	197	     0
06/09/18 23:51:39	OT	DENEB          	 1.7886	 1.0763	 3555.8	 3261.7	 0.729949	 0.457851	 0.0740	 0.0820	 0.0558	 0.0573	 1.8129	 1.7644	PixelFly	L1.5-	160x 60	1.0216	0.1400	0.0600	20	0	 5	150	 200	196	     0
06/09/18 23:52:09	OT	DENEB          	 2.3268	 1.0767	 3590.3	 3116.2	 1.079901	 0.744382	 0.1030	 0.0863	 0.0441	 0.0429	 2.2925	 2.3612	PixelFly	L1.5-	160x 60	1.0216	0.1400	0.0600	20	0	 5	150	 200	193	     0
06/09/18 23:52:30	OT	DENEB          	 2.0747	 1.0771	 3625.0	 3001.6	 0.896211	 0.612426	 0.1013	 0.0894	 0.0493	 0.0482	 2.0495	 2.0999	PixelFly	L1.5-	160x 60	1.0216	0.1400	0.0600	20	0	 5	150	 200	132	    12
06/09/18 23:52:43	OT	DENEB          	 2.0745	 1.0773	 3427.2	 3045.9	 0.924347	 0.593906	 0.0899	 0.1115	 0.0484	 0.0491	 2.0876	 2.0614	PixelFly	L1.5-	160x 60	1.0216	0.1400	0.0600	20	0	 5	150	 200	 77	    12
06/09/18 23:53:13	OT	DENEB          	 1.9787	 1.0777	 3449.7	 3200.5	 0.907133	 0.515803	 0.1071	 0.0902	 0.0490	 0.0534	 2.0637	 1.8937	PixelFly	L1.5-	160x 60	1.0216	0.1400	0.0600	20	0	 5	150	 200	194	     0
06/09/18 23:53:43	OT	DENEB          	 1.9669	 1.0782	 3413.5	 3157.6	 0.874422	 0.526050	 0.1174	 0.1287	 0.0501	 0.0528	 2.0182	 1.9156	PixelFly	L1.5-	160x 60	1.0216	0.1400	0.0600	20	0	 5	150	 200	192	     0
06/09/18 23:54:13	OT	DENEB          	 1.7187	 1.0787	 3435.7	 3095.9	 0.712610	 0.411598	 0.1071	 0.1193	 0.0566	 0.0612	 1.7845	 1.6530	PixelFly	L1.5-	160x 60	1.0216	0.1400	0.0600	20	0	 5	150	 200	191	     0
06/09/18 23:54:43	OT	DENEB          	 1.7341	 1.0792	 3566.1	 3165.4	 0.743516	 0.405627	 0.1202	 0.1210	 0.0552	 0.0618	 1.8301	 1.6381	PixelFly	L1.5-	160x 60	1.0216	0.1400	0.0600	20	0	 5	150	 200	196	     0
06/09/18 23:55:13	OT	DENEB          	 1.5290	 1.0796	 3388.0	 3112.5	 0.593833	 0.334682	 0.1153	 0.1218	 0.0632	 0.0693	 1.5987	 1.4592	PixelFly	L1.5-	160x 60	1.0216	0.1400	0.0600	20	0	 5	150	 200	194	     0
06/09/18 23:55:43	OT	DENEB          	 1.9554	 1.0801	 3405.5	 3079.1	 0.939762	 0.477604	 0.1389	 0.1105	 0.0480	 0.0560	 2.1051	 1.8058	PixelFly	L1.5-	160x 60	1.0216	0.1400	0.0600	20	0	 5	150	 200	191	     0
06/09/18 23:56:14	OT	DENEB          	 1.7791	 1.0806	 3569.7	 3112.4	 0.803605	 0.407984	 0.1379	 0.1199	 0.0528	 0.0616	 1.9158	 1.6425	PixelFly	L1.5-	160x 60	1.0216	0.1400	0.0600	20	0	 5	150	 200	194	     0
06/09/18 23:56:44	OT	DENEB          	 1.5102	 1.0811	 3570.7	 3197.1	 0.600291	 0.317461	 0.1013	 0.1010	 0.0629	 0.0716	 1.6078	 1.4125	PixelFly	L1.5-	160x 60	1.0216	0.1400	0.0600	20	0	 5	150	 200	199	     0
06/09/18 23:57:14	OT	DENEB          	 1.5998	 1.0816	 3631.2	 3072.0	 0.638734	 0.363309	 0.0651	 0.0835	 0.0606	 0.0661	 1.6683	 1.5312	PixelFly	L1.5-	160x 60	1.0216	0.1400	0.0600	20	0	 5	150	 200	199	     0
06/09/18 23:57:44	OT	DENEB          	 2.2028	 1.0821	 3468.0	 3095.0	 1.122059	 0.599214	 0.0785	 0.0776	 0.0432	 0.0490	 2.3387	 2.0668	PixelFly	L1.5-	160x 60	1.0216	0.1400	0.0600	20	0	 5	150	 200	197	     0
06/09/18 23:58:14	OT	DENEB          	 2.0005	 1.0826	 3402.2	 3072.3	 0.868629	 0.565594	 0.0824	 0.0878	 0.0504	 0.0507	 2.0052	 1.9959	PixelFly	L1.5-	160x 60	1.0216	0.1400	0.0600	20	0	 5	150	 200	194	     0
06/09/18 23:58:44	OT	DENEB          	 1.7954	 1.0832	 3488.7	 3042.5	 0.810728	 0.419381	 0.0832	 0.1005	 0.0526	 0.0607	 1.9233	 1.6675	PixelFly	L1.5-	160x 60	1.0216	0.1400	0.0600	20	0	 5	150	 200	193	     0
06/09/18 23:59:14	OT	DENEB          	 1.7826	 1.0837	 3430.3	 3158.6	 0.787980	 0.422727	 0.0864	 0.0723	 0.0535	 0.0604	 1.8902	 1.6750	PixelFly	L1.5-	160x 60	1.0216	0.1400	0.0600	20	0	 5	150	 200	195	     0
06/09/18 23:59:33	OT	DENEB          	 1.9341	 1.0840	 3337.6	 3080.6	 0.841002	 0.523049	 0.1008	 0.0875	 0.0514	 0.0532	 1.9652	 1.9029	PixelFly	L1.5-	160x 60	1.0216	0.1400	0.0600	20	0	 5	150	 200	119	    12
07/09/18 00:00:03	OT	DENEB          	 1.7895	 1.0845	 3435.6	 3200.0	 0.810069	 0.415952	 0.0729	 0.0965	 0.0526	 0.0610	 1.9209	 1.6581	PixelFly	L1.5-	160x 60	1.0216	0.1400	0.0600	20	0	 5	150	 200	194	     0
07/09/18 00:00:08	OT	DENEB          	 1.8844	 1.0846	 3568.3	 2813.2	 0.751037	 0.537254	 0.0629	 0.0960	 0.0551	 0.0523	 1.8356	 1.9331	PixelFly	L1.5-	160x 60	1.0216	0.1400	0.0600	20	0	 5	150	 200	 29	    99
