Fecha Hora	Ubicacion	Objeto	Seeing	Maire	Flujo 1	Flujo 2	Var l	Var t	Centelleo 1	Centelleo 2	r0l	r0t	fwhml	fwmlt	CCD	Software	Ventana	EscalaPlaca	Distancia	Diametro	WinSpot	Gain	Texp	Sampling	N	Muestras	Return	Pack
13/02/19 00:07:54	OTSX	Regulus        	 0.4378	 1.1335	 4401.5	 4221.0	 0.071780	 0.044631	 0.0000	 0.0000	 0.2108	 0.2179	 5.5434	 5.3670	PixelFly  	L1.5-	160x60	1.0369	0.1400	0.0600	20	0	 5	150	 200	200	     0
13/02/19 00:09:03	OTSX	Regulus        	 0.4711	 1.1335	 4323.8	 4151.2	 0.078661	 0.052018	 0.0000	 0.0000	 0.1995	 0.1988	 5.8564	 5.8836	PixelFly  	L1.5-	160x60	1.0369	0.1400	0.0600	20	0	 5	150	 200	200	     0
13/02/19 00:10:09	OTSX	Regulus        	 0.4206	 1.1335	 4299.1	 4226.9	 0.073014	 0.038110	 0.0000	 0.0000	 0.2086	 0.2396	 5.6004	 4.8818	PixelFly  	L1.5-	160x60	1.0369	0.1400	0.0600	20	0	 5	150	 200	200	     0
13/02/19 00:11:15	OTSX	Regulus        	 0.4067	 1.1335	 4419.4	 4118.8	 0.068017	 0.036655	 0.0000	 0.0000	 0.2177	 0.2452	 5.3671	 4.7690	PixelFly  	L1.5-	160x60	1.0369	0.1400	0.0600	20	0	 5	150	 200	200	     0
13/02/19 00:12:25	OTSX	Regulus        	 0.4178	 1.1335	 4331.1	 4223.4	 0.065667	 0.041773	 0.0000	 0.0000	 0.2223	 0.2267	 5.2551	 5.1581	PixelFly  	L1.5-	160x60	1.0369	0.1400	0.0600	20	0	 5	150	 200	200	     0
13/02/19 00:13:34	OTSX	Regulus        	 0.4800	 1.1238	 4357.5	 4124.6	 0.074444	 0.057314	 0.0000	 0.0000	 0.2062	 0.1875	 5.6659	 6.2360	PixelFly  	L1.5-	160x60	1.0369	0.1400	0.0600	20	0	 5	150	 200	200	     0
13/02/19 00:14:42	OTSX	Regulus        	 0.4171	 1.1238	 4390.3	 4101.2	 0.068328	 0.039111	 0.0000	 0.0000	 0.2171	 0.2359	 5.3819	 4.9582	PixelFly  	L1.5-	160x60	1.0369	0.1400	0.0600	20	0	 5	150	 200	200	     0
13/02/19 00:15:48	OTSX	Regulus        	 0.4702	 1.1238	 4398.7	 4238.1	 0.087468	 0.045334	 0.0000	 0.0000	 0.1872	 0.2159	 6.2414	 5.4175	PixelFly  	L1.5-	160x60	1.0369	0.1400	0.0600	20	0	 5	150	 200	200	     0
13/02/19 00:16:56	OTSX	Regulus        	 0.5078	 1.1238	 4370.3	 4104.2	 0.100598	 0.050814	 0.0000	 0.0000	 0.1721	 0.2016	 6.7878	 5.8015	PixelFly  	L1.5-	160x60	1.0369	0.1400	0.0600	20	0	 5	150	 200	200	     0
13/02/19 00:18:07	OTSX	Regulus        	 0.5091	 1.1148	 4326.3	 4243.9	 0.090968	 0.056317	 0.0000	 0.0000	 0.1828	 0.1895	 6.3901	 6.1707	PixelFly  	L1.5-	160x60	1.0369	0.1400	0.0600	20	0	 5	150	 200	200	     0
13/02/19 00:19:16	OTSX	Regulus        	 0.4491	 1.1148	 4467.0	 4321.8	 0.070988	 0.047547	 0.0000	 0.0000	 0.2122	 0.2098	 5.5066	 5.5747	PixelFly  	L1.5-	160x60	1.0369	0.1400	0.0600	20	0	 5	150	 200	200	     0
13/02/19 00:20:24	OTSX	Regulus        	 0.5559	 1.1148	 4390.9	 4213.5	 0.084308	 0.079893	 0.0000	 0.0000	 0.1914	 0.1536	 6.1051	 7.6112	PixelFly  	L1.5-	160x60	1.0369	0.1400	0.0600	20	0	 5	150	 200	200	     0
13/02/19 00:21:33	OTSX	Regulus        	 0.5105	 1.1148	 4359.8	 4203.1	 0.087275	 0.059262	 0.0000	 0.0000	 0.1874	 0.1838	 6.2331	 6.3623	PixelFly  	L1.5-	160x60	1.0369	0.1400	0.0600	20	0	 5	150	 200	200	     0
13/02/19 00:22:52	OTSX	Regulus        	 0.5194	 1.1064	 4339.4	 4215.8	 0.097843	 0.054983	 0.0000	 0.0000	 0.1750	 0.1923	 6.6756	 6.0826	PixelFly  	L1.5-	160x60	1.0369	0.1400	0.0600	20	0	 5	150	 200	200	     0
13/02/19 00:24:14	OTSX	Regulus        	 0.5444	 1.1064	 4403.2	 4166.8	 0.120123	 0.051104	 0.0000	 0.0000	 0.1547	 0.2009	 7.5500	 5.8213	PixelFly  	L1.5-	160x60	1.0369	0.1400	0.0600	20	0	 5	150	 200	200	     0
13/02/19 00:25:20	OTSX	Regulus        	 0.6193	 1.1064	 4353.4	 4139.0	 0.127131	 0.076206	 0.0000	 0.0000	 0.1496	 0.1581	 7.8113	 7.3985	PixelFly  	L1.5-	160x60	1.0369	0.1400	0.0600	20	0	 5	150	 200	200	     0
13/02/19 00:26:29	OTSX	Regulus        	 0.5668	 1.1064	 4420.7	 4151.9	 0.121223	 0.058760	 0.0000	 0.0000	 0.1539	 0.1848	 7.5914	 6.3299	PixelFly  	L1.5-	160x60	1.0369	0.1400	0.0600	20	0	 5	150	 200	200	     0
13/02/19 00:27:45	OTSX	Regulus        	 0.4890	 1.0985	 4337.8	 4165.0	 0.098595	 0.043044	 0.0000	 0.0000	 0.1742	 0.2227	 6.7064	 5.2517	PixelFly  	L1.5-	160x60	1.0369	0.1400	0.0600	20	0	 5	150	 200	200	     0
13/02/19 00:28:50	OTSX	Regulus        	 0.4674	 1.0985	 4369.7	 4230.5	 0.089149	 0.041240	 0.0000	 0.0000	 0.1851	 0.2285	 6.3131	 5.1185	PixelFly  	L1.5-	160x60	1.0369	0.1400	0.0600	20	0	 5	150	 200	200	     0
13/02/19 00:29:57	OTSX	Regulus        	 0.4962	 1.0985	 4315.1	 4148.9	 0.087464	 0.052183	 0.0000	 0.0000	 0.1872	 0.1984	 6.2412	 5.8948	PixelFly  	L1.5-	160x60	1.0369	0.1400	0.0600	20	0	 5	150	 200	200	     0
13/02/19 00:31:54	OTSX	Regulus        	 0.6328	 1.0985	 4300.4	 4104.2	 0.130582	 0.078609	 0.0000	 0.0000	 0.1472	 0.1551	 7.9379	 7.5376	PixelFly  	L1.5-	160x60	1.0369	0.1400	0.0600	20	0	 5	150	 200	200	     0
13/02/19 00:33:06	OTSX	Regulus        	 0.5211	 1.0912	 4330.0	 4148.5	 0.100942	 0.052131	 0.0000	 0.0000	 0.1718	 0.1985	 6.8017	 5.8912	PixelFly  	L1.5-	160x60	1.0369	0.1400	0.0600	20	0	 5	150	 200	200	     0
13/02/19 00:34:14	OTSX	Regulus        	 0.4877	 1.0912	 4363.9	 4109.3	 0.079144	 0.053782	 0.0000	 0.0000	 0.1988	 0.1948	 5.8779	 6.0025	PixelFly  	L1.5-	160x60	1.0369	0.1400	0.0600	20	0	 5	150	 200	200	     0
13/02/19 00:35:19	OTSX	Regulus        	 0.4731	 1.0912	 4295.4	 4194.9	 0.086269	 0.044192	 0.0000	 0.0000	 0.1888	 0.2192	 6.1900	 5.3352	PixelFly  	L1.5-	160x60	1.0369	0.1400	0.0600	20	0	 5	150	 200	200	     0
13/02/19 00:36:37	OTSX	Regulus        	 0.5538	 1.0912	 4328.7	 4222.7	 0.109671	 0.058947	 0.0000	 0.0000	 0.1634	 0.1844	 7.1487	 6.3420	PixelFly  	L1.5-	160x60	1.0369	0.1400	0.0600	20	0	 5	150	 200	200	     0
13/02/19 00:37:44	OTSX	Regulus        	 0.4949	 1.0845	 4306.3	 4241.9	 0.085698	 0.051455	 0.0000	 0.0000	 0.1895	 0.2001	 6.1653	 5.8453	PixelFly  	L1.5-	160x60	1.0369	0.1400	0.0600	20	0	 5	150	 200	200	     0
13/02/19 00:38:48	OTSX	Regulus        	 0.4245	 1.0845	 4335.3	 4076.6	 0.058543	 0.045054	 0.0000	 0.0000	 0.2382	 0.2167	 4.9052	 5.3974	PixelFly  	L1.5-	160x60	1.0369	0.1400	0.0600	20	0	 5	150	 200	200	     0
13/02/19 00:39:54	OTSX	Regulus        	 0.5976	 1.0845	 4345.1	 4103.3	 0.131549	 0.061873	 0.0000	 0.0000	 0.1465	 0.1791	 7.9731	 6.5291	PixelFly  	L1.5-	160x60	1.0369	0.1400	0.0600	20	0	 5	150	 200	200	     0
13/02/19 00:41:08	OTSX	Regulus        	 0.5111	 1.0845	 4284.2	 4126.7	 0.103614	 0.046403	 0.0000	 0.0000	 0.1691	 0.2129	 6.9091	 5.4939	PixelFly  	L1.5-	160x60	1.0369	0.1400	0.0600	20	0	 5	150	 200	200	     0
13/02/19 00:42:15	OTSX	Regulus        	 0.5797	 1.0845	 4360.2	 4184.4	 0.114772	 0.064962	 0.0000	 0.0000	 0.1590	 0.1740	 7.3464	 6.7227	PixelFly  	L1.5-	160x60	1.0369	0.1400	0.0600	20	0	 5	150	 200	200	     0
13/02/19 00:43:20	OTSX	Regulus        	 0.4847	 1.0783	 4362.1	 4165.0	 0.089764	 0.044856	 0.0000	 0.0000	 0.1843	 0.2172	 6.3392	 5.3832	PixelFly  	L1.5-	160x60	1.0369	0.1400	0.0600	20	0	 5	150	 200	200	     0
13/02/19 00:44:34	OTSX	Regulus        	 0.5367	 1.0783	 4298.3	 4195.3	 0.105954	 0.053411	 0.0000	 0.0000	 0.1669	 0.1956	 7.0024	 5.9776	PixelFly  	L1.5-	160x60	1.0369	0.1400	0.0600	20	0	 5	150	 200	200	     0
13/02/19 00:45:54	OTSX	Regulus        	 0.6221	 1.0783	 4309.0	 4147.5	 0.123347	 0.075806	 0.0000	 0.0000	 0.1523	 0.1586	 7.6710	 7.3752	PixelFly  	L1.5-	160x60	1.0369	0.1400	0.0600	20	0	 5	150	 200	200	     0
13/02/19 00:47:00	OTSX	Regulus        	 0.6358	 1.0783	 4319.0	 4169.8	 0.137102	 0.072894	 0.0000	 0.0000	 0.1429	 0.1623	 8.1734	 7.2039	PixelFly  	L1.5-	160x60	1.0369	0.1400	0.0600	20	0	 5	150	 200	200	     0
13/02/19 00:48:07	OTSX	Regulus        	 0.6040	 1.0727	 4306.9	 4147.8	 0.133145	 0.061913	 0.0000	 0.0000	 0.1455	 0.1790	 8.0310	 6.5316	PixelFly  	L1.5-	160x60	1.0369	0.1400	0.0600	20	0	 5	150	 200	200	     0
13/02/19 00:49:15	OTSX	Regulus        	 0.5386	 1.0727	 4332.6	 4196.6	 0.115146	 0.048251	 0.0000	 0.0000	 0.1587	 0.2079	 7.3608	 5.6241	PixelFly  	L1.5-	160x60	1.0369	0.1400	0.0600	20	0	 5	150	 200	200	     0
13/02/19 00:50:24	OTSX	Regulus        	 0.6620	 1.0727	 4430.2	 4116.1	 0.135933	 0.083730	 0.0000	 0.0000	 0.1437	 0.1494	 8.1315	 7.8285	PixelFly  	L1.5-	160x60	1.0369	0.1400	0.0600	20	0	 5	150	 200	200	     0
13/02/19 01:07:48	OTSX	Pollux         	 0.5000	 1.0811	 4912.9	 4726.0	 0.100245	 0.044218	 0.0000	 0.0000	 0.1725	 0.2191	 6.7735	 5.3371	PixelFly  	L1.5-	160x60	1.0369	0.1400	0.0600	20	0	 5	150	 200	200	     0
13/02/19 01:09:11	OTSX	Pollux         	 0.5269	 1.0898	 4982.6	 4776.1	 0.113562	 0.046840	 0.0000	 0.0000	 0.1601	 0.2117	 7.2998	 5.5249	PixelFly  	L1.5-	160x60	1.0369	0.1400	0.0600	20	0	 5	150	 200	200	     0
13/02/19 01:10:28	OTSX	Pollux         	 0.6112	 1.0898	 4889.6	 4777.2	 0.125116	 0.071819	 0.0000	 0.0000	 0.1510	 0.1638	 7.7368	 7.1399	PixelFly  	L1.5-	160x60	1.0369	0.1400	0.0600	20	0	 5	150	 200	200	     0
13/02/19 01:11:44	OTSX	Pollux         	 0.6224	 1.0898	 4943.7	 4752.6	 0.114543	 0.083418	 0.0000	 0.0000	 0.1592	 0.1497	 7.3376	 7.8110	PixelFly  	L1.5-	160x60	1.0369	0.1400	0.0600	20	0	 5	150	 200	200	     0
13/02/19 01:13:02	OTSX	Pollux         	 0.6098	 1.0898	 4794.9	 4741.2	 0.117221	 0.076299	 0.0000	 0.0000	 0.1570	 0.1580	 7.4401	 7.4039	PixelFly  	L1.5-	160x60	1.0369	0.1400	0.0600	20	0	 5	150	 200	200	     0
13/02/19 01:14:28	OTSX	Pollux         	 0.6706	 1.0992	 4822.3	 4763.7	 0.131535	 0.094812	 0.0000	 0.0000	 0.1465	 0.1386	 7.9726	 8.4347	PixelFly  	L1.5-	160x60	1.0369	0.1400	0.0600	20	0	 5	150	 200	200	     0
13/02/19 01:15:47	OTSX	Pollux         	 0.7083	 1.0992	 4895.1	 4738.2	 0.171313	 0.086556	 0.0000	 0.0000	 0.1251	 0.1464	 9.3422	 7.9860	PixelFly  	L1.5-	160x60	1.0369	0.1400	0.0600	20	0	 5	150	 200	200	     0
13/02/19 01:17:06	OTSX	Pollux         	 0.7140	 1.0992	 4790.8	 4729.7	 0.147219	 0.104424	 0.0000	 0.0000	 0.1370	 0.1308	 8.5301	 8.9378	PixelFly  	L1.5-	160x60	1.0369	0.1400	0.0600	20	0	 5	150	 200	200	     0
13/02/19 01:18:26	OTSX	Pollux         	 0.6934	 1.0992	 4866.9	 4578.8	 0.172894	 0.079187	 0.0000	 0.0000	 0.1244	 0.1545	 9.3938	 7.5708	PixelFly  	L1.5-	160x60	1.0369	0.1400	0.0600	20	0	 5	150	 200	200	     0
13/02/19 01:19:50	OTSX	Pollux         	 0.7103	 1.1091	 4658.3	 5002.5	 0.158197	 0.097283	 0.0000	 0.0000	 0.1312	 0.1365	 8.9062	 8.5659	PixelFly  	L1.5-	160x60	1.0369	0.1400	0.0600	20	0	 5	150	 200	200	     0
13/02/19 01:21:10	OTSX	Pollux         	 0.6317	 1.1091	 4943.5	 4803.1	 0.126978	 0.082047	 0.0000	 0.0000	 0.1497	 0.1512	 7.8057	 7.7337	PixelFly  	L1.5-	160x60	1.0369	0.1400	0.0600	20	0	 5	150	 200	200	     0
13/02/19 01:22:30	OTSX	Pollux         	 0.7425	 1.1091	 4941.4	 4682.2	 0.164671	 0.108384	 0.0000	 0.0000	 0.1281	 0.1280	 9.1231	 9.1396	PixelFly  	L1.5-	160x60	1.0369	0.1400	0.0600	20	0	 5	150	 200	200	     0
13/02/19 01:23:52	OTSX	Pollux         	 0.6618	 1.1195	 4959.4	 4518.3	 0.149037	 0.082844	 0.0000	 0.0000	 0.1360	 0.1503	 8.5931	 7.7787	PixelFly  	L1.5-	160x60	1.0369	0.1400	0.0600	20	0	 5	150	 200	200	     0
13/02/19 01:25:53	OTSX	Pollux         	 0.7041	 1.1195	 4959.8	 4665.4	 0.186232	 0.079593	 0.0000	 0.0000	 0.1190	 0.1540	 9.8221	 7.5941	PixelFly  	L1.5-	160x60	1.0369	0.1400	0.0600	20	0	 5	150	 200	200	     0
13/02/19 01:27:15	OTSX	Pollux         	 0.8960	 1.1195	 4865.9	 4518.1	 0.258132	 0.130477	 0.0000	 0.0000	 0.0978	 0.1145	11.9475	10.2158	PixelFly  	L1.5-	160x60	1.0369	0.1400	0.0600	20	0	 5	150	 200	200	     0
13/02/19 01:29:13	OTSX	Pollux         	 0.8882	 1.1195	 4839.0	 4825.1	 0.249290	 0.131660	 0.0000	 0.0000	 0.0999	 0.1139	11.7003	10.2712	PixelFly  	L1.5-	160x60	1.0369	0.1400	0.0600	20	0	 5	150	 200	200	     0
13/02/19 01:30:31	OTSX	Pollux         	 0.7205	 1.1306	 4938.0	 4819.5	 0.168092	 0.099665	 0.0000	 0.0000	 0.1265	 0.1346	 9.2364	 8.6911	PixelFly  	L1.5-	160x60	1.0369	0.1400	0.0600	20	0	 5	150	 200	200	     0
13/02/19 01:31:55	OTSX	Pollux         	 0.6925	 1.1306	 4765.5	 4752.2	 0.152707	 0.096278	 0.0000	 0.0000	 0.1340	 0.1374	 8.7194	 8.5127	PixelFly  	L1.5-	160x60	1.0369	0.1400	0.0600	20	0	 5	150	 200	200	     0
13/02/19 01:34:21	OTSX	Pollux         	 0.6939	 1.1306	 4991.9	 4681.9	 0.161047	 0.091633	 0.0000	 0.0000	 0.1298	 0.1415	 9.0021	 8.2638	PixelFly  	L1.5-	160x60	1.0369	0.1400	0.0600	20	0	 5	150	 200	200	     0
13/02/19 01:35:49	OTSX	Pollux         	 0.6315	 1.1424	 4860.0	 4647.2	 0.125742	 0.087745	 0.0000	 0.0000	 0.1506	 0.1452	 7.7600	 8.0516	PixelFly  	L1.5-	160x60	1.0369	0.1400	0.0600	20	0	 5	150	 200	200	     0
13/02/19 01:37:09	OTSX	Pollux         	 0.6156	 1.1424	 4875.0	 4709.5	 0.134916	 0.074856	 0.0000	 0.0000	 0.1443	 0.1598	 8.0949	 7.3196	PixelFly  	L1.5-	160x60	1.0369	0.1400	0.0600	20	0	 5	150	 200	200	     0
13/02/19 01:38:49	OTSX	Pollux         	 0.8540	 1.1424	 4760.8	 4780.4	 0.181374	 0.163923	 0.0000	 0.0000	 0.1209	 0.0998	 9.6676	11.7147	PixelFly  	L1.5-	160x60	1.0369	0.1400	0.0600	20	0	 5	150	 200	200	     0
13/02/19 01:40:12	OTSX	Pollux         	 0.7343	 1.1548	 4880.6	 4794.1	 0.172423	 0.108139	 0.0000	 0.0000	 0.1246	 0.1281	 9.3784	 9.1272	PixelFly  	L1.5-	160x60	1.0369	0.1400	0.0600	20	0	 5	150	 200	200	     0
13/02/19 01:41:45	OTSX	Pollux         	 0.6173	 1.1548	 4845.4	 4818.5	 0.139295	 0.074595	 0.0000	 0.0000	 0.1416	 0.1601	 8.2515	 7.3043	PixelFly  	L1.5-	160x60	1.0369	0.1400	0.0600	20	0	 5	150	 200	200	     0
13/02/19 01:43:13	OTSX	Pollux         	 0.6854	 1.1548	 4900.2	 4735.6	 0.179460	 0.080878	 0.0000	 0.0000	 0.1216	 0.1525	 9.6063	 7.6674	PixelFly  	L1.5-	160x60	1.0369	0.1400	0.0600	20	0	 5	150	 200	200	     0
13/02/19 01:44:35	OTSX	Pollux         	 1.0977	 1.1678	 4825.2	 4704.9	 0.334242	 0.217981	 0.0000	 0.0000	 0.0837	 0.0841	13.9512	13.8996	PixelFly  	L1.5-	160x60	1.0369	0.1400	0.0600	20	0	 5	150	 200	200	     0
13/02/19 01:45:54	OTSX	Pollux         	 0.8256	 1.1678	 4742.0	 4763.4	 0.201878	 0.139570	 0.0000	 0.0000	 0.1133	 0.1099	10.3093	10.6371	PixelFly  	L1.5-	160x60	1.0369	0.1400	0.0600	20	0	 5	150	 200	200	     0
13/02/19 01:47:16	OTSX	Pollux         	 0.8089	 1.1678	 4975.5	 4640.1	 0.211082	 0.124533	 0.0000	 0.0000	 0.1103	 0.1177	10.5887	 9.9339	PixelFly  	L1.5-	160x60	1.0369	0.1400	0.0600	20	0	 5	150	 200	200	     0
13/02/19 01:48:39	OTSX	Pollux         	 0.7686	 1.1678	 4852.7	 4516.8	 0.213627	 0.102450	 0.0000	 0.0000	 0.1095	 0.1324	10.6652	 8.8360	PixelFly  	L1.5-	160x60	1.0369	0.1400	0.0600	20	0	 5	150	 200	200	     0
13/02/19 01:51:54	OTSX	Denebola       	 0.6535	 1.1163	 1935.7	 1864.1	 0.125976	 0.093578	 0.0000	 0.0000	 0.1504	 0.1397	 7.7687	 8.3686	PixelFly  	L1.5-	160x60	1.0369	0.1400	0.0600	20	0	 5	150	 200	200	     0
13/02/19 01:53:36	OTSX	Denebola       	 0.6420	 1.1163	 1904.5	 1909.2	 0.126858	 0.087757	 0.0000	 0.0000	 0.1498	 0.1452	 7.8013	 8.0523	PixelFly  	L1.5-	160x60	1.0369	0.1400	0.0600	20	0	 5	150	 200	200	     0
13/02/19 01:55:07	OTSX	Denebola       	 0.6293	 1.1070	 1968.6	 1931.8	 0.142812	 0.070929	 0.0000	 0.0000	 0.1395	 0.1650	 8.3759	 7.0867	PixelFly  	L1.5-	160x60	1.0369	0.1400	0.0600	20	0	 5	150	 200	200	     0
13/02/19 01:56:37	OTSX	Denebola       	 0.7010	 1.1070	 1923.0	 1898.6	 0.149987	 0.097901	 0.0000	 0.0000	 0.1354	 0.1360	 8.6259	 8.5985	PixelFly  	L1.5-	160x60	1.0369	0.1400	0.0600	20	0	 5	150	 200	200	     0
13/02/19 01:58:11	OTSX	Denebola       	 0.6807	 1.1070	 1932.7	 1893.2	 0.145933	 0.091201	 0.0000	 0.0000	 0.1377	 0.1419	 8.4853	 8.2404	PixelFly  	L1.5-	160x60	1.0369	0.1400	0.0600	20	0	 5	150	 200	200	     0
13/02/19 01:59:46	OTSX	Denebola       	 0.7693	 1.0984	 1906.0	 1876.7	 0.187098	 0.104924	 0.0000	 0.0000	 0.1186	 0.1305	 9.8495	 8.9634	PixelFly  	L1.5-	160x60	1.0369	0.1400	0.0600	20	0	 5	150	 200	200	     0
13/02/19 02:01:18	OTSX	Denebola       	 0.7405	 1.0984	 1950.8	 1896.7	 0.182419	 0.094314	 0.0000	 0.0000	 0.1204	 0.1391	 9.7010	 8.4081	PixelFly  	L1.5-	160x60	1.0369	0.1400	0.0600	20	0	 5	150	 200	200	     0
13/02/19 02:02:55	OTSX	Denebola       	 0.8581	 1.0984	 1936.0	 1884.0	 0.219076	 0.129220	 0.0000	 0.0000	 0.1079	 0.1151	10.8275	10.1566	PixelFly  	L1.5-	160x60	1.0369	0.1400	0.0600	20	0	 5	150	 200	200	     0
13/02/19 02:04:29	OTSX	Denebola       	 0.8935	 1.0904	 1934.5	 1869.6	 0.219019	 0.146013	 0.0000	 0.0000	 0.1079	 0.1070	10.8259	10.9291	PixelFly  	L1.5-	160x60	1.0369	0.1400	0.0600	20	0	 5	150	 200	200	     0
13/02/19 02:06:01	OTSX	Denebola       	 0.6814	 1.0904	 1924.6	 1900.2	 0.143757	 0.090102	 0.0000	 0.0000	 0.1389	 0.1430	 8.4091	 8.1807	PixelFly  	L1.5-	160x60	1.0369	0.1400	0.0600	20	0	 5	150	 200	200	     0
13/02/19 02:07:34	OTSX	Denebola       	 0.7360	 1.0904	 1954.7	 1916.7	 0.181700	 0.091243	 0.0000	 0.0000	 0.1207	 0.1419	 9.6780	 8.2427	PixelFly  	L1.5-	160x60	1.0369	0.1400	0.0600	20	0	 5	150	 200	200	     0
13/02/19 02:15:48	OTSX	Denebola       	 0.7925	 1.0829	 1987.9	 1899.9	 0.171685	 0.123009	 0.0000	 0.0000	 0.1249	 0.1186	 9.3543	 9.8608	PixelFly  	L1.5-	160x60	1.0369	0.1400	0.0600	20	0	 5	150	 200	200	     0
13/02/19 02:17:18	OTSX	Denebola       	 0.8046	 1.0760	 1941.6	 1885.2	 0.212921	 0.101573	 0.0000	 0.0000	 0.1098	 0.1330	10.6440	 8.7905	PixelFly  	L1.5-	160x60	1.0369	0.1400	0.0600	20	0	 5	150	 200	200	     0
13/02/19 02:18:49	OTSX	Denebola       	 0.7064	 1.0760	 1934.0	 1907.8	 0.165404	 0.085301	 0.0000	 0.0000	 0.1277	 0.1477	 9.1475	 7.9163	PixelFly  	L1.5-	160x60	1.0369	0.1400	0.0600	20	0	 5	150	 200	200	     0
13/02/19 02:20:36	OTSX	Denebola       	 0.6972	 1.0696	 1959.6	 1870.8	 0.137334	 0.097914	 0.0000	 0.0000	 0.1428	 0.1360	 8.1816	 8.5991	PixelFly  	L1.5-	160x60	1.0369	0.1400	0.0600	20	0	 5	150	 200	200	     0
13/02/19 02:22:11	OTSX	Denebola       	 0.6142	 1.0696	 1969.0	 1927.4	 0.125334	 0.070109	 0.0000	 0.0000	 0.1509	 0.1662	 7.7449	 7.0374	PixelFly  	L1.5-	160x60	1.0369	0.1400	0.0600	20	0	 5	150	 200	200	     0
13/02/19 02:23:49	OTSX	Denebola       	 0.6451	 1.0696	 1991.3	 1895.8	 0.126554	 0.082109	 0.0000	 0.0000	 0.1500	 0.1511	 7.7900	 7.7372	PixelFly  	L1.5-	160x60	1.0369	0.1400	0.0600	20	0	 5	150	 200	200	     0
13/02/19 02:25:20	OTSX	Denebola       	 0.6166	 1.0637	 1959.2	 1933.4	 0.146096	 0.058309	 0.0000	 0.0000	 0.1376	 0.1856	 8.4910	 6.3007	PixelFly  	L1.5-	160x60	1.0369	0.1400	0.0600	20	0	 5	150	 200	200	     0
13/02/19 02:26:50	OTSX	Denebola       	 0.7418	 1.0637	 1943.1	 1894.0	 0.176397	 0.092064	 0.0000	 0.0000	 0.1229	 0.1411	 9.5075	 8.2871	PixelFly  	L1.5-	160x60	1.0369	0.1400	0.0600	20	0	 5	150	 200	200	     0
13/02/19 02:28:20	OTSX	Denebola       	 0.5697	 1.0637	 1993.6	 1918.0	 0.109258	 0.061958	 0.0000	 0.0000	 0.1638	 0.1790	 7.1326	 6.5344	PixelFly  	L1.5-	160x60	1.0369	0.1400	0.0600	20	0	 5	150	 200	200	     0
13/02/19 02:29:55	OTSX	Denebola       	 0.6213	 1.0583	 1973.2	 1915.0	 0.121689	 0.073672	 0.0000	 0.0000	 0.1536	 0.1613	 7.6090	 7.2499	PixelFly  	L1.5-	160x60	1.0369	0.1400	0.0600	20	0	 5	150	 200	200	     0
13/02/19 02:31:25	OTSX	Denebola       	 0.6117	 1.0583	 1954.5	 1883.9	 0.113502	 0.075065	 0.0000	 0.0000	 0.1601	 0.1595	 7.2975	 7.3318	PixelFly  	L1.5-	160x60	1.0369	0.1400	0.0600	20	0	 5	150	 200	200	     0
13/02/19 02:32:57	OTSX	Denebola       	 0.6098	 1.0583	 1993.3	 1893.6	 0.129195	 0.064523	 0.0000	 0.0000	 0.1481	 0.1747	 7.8872	 6.6954	PixelFly  	L1.5-	160x60	1.0369	0.1400	0.0600	20	0	 5	150	 200	200	     0
13/02/19 02:34:37	OTSX	Denebola       	 0.7310	 1.0534	 1932.1	 1897.7	 0.158719	 0.096222	 0.0000	 0.0000	 0.1309	 0.1374	 8.9238	 8.5097	PixelFly  	L1.5-	160x60	1.0369	0.1400	0.0600	20	0	 5	150	 200	200	     0
13/02/19 02:36:08	OTSX	Denebola       	 0.8099	 1.0534	 1997.4	 1932.9	 0.200770	 0.106419	 0.0000	 0.0000	 0.1137	 0.1294	10.2752	 9.0399	PixelFly  	L1.5-	160x60	1.0369	0.1400	0.0600	20	0	 5	150	 200	200	     0
13/02/19 02:37:37	OTSX	Denebola       	 0.8999	 1.0534	 1935.9	 1897.3	 0.253239	 0.118676	 0.0000	 0.0000	 0.0989	 0.1212	11.8111	 9.6509	PixelFly  	L1.5-	160x60	1.0369	0.1400	0.0600	20	0	 5	150	 200	200	     0
13/02/19 02:39:21	OTSX	Denebola       	 0.7761	 1.0490	 1933.2	 1885.8	 0.197153	 0.092296	 0.0000	 0.0000	 0.1150	 0.1409	10.1638	 8.2996	PixelFly  	L1.5-	160x60	1.0369	0.1400	0.0600	20	0	 5	150	 200	200	     0
13/02/19 02:40:49	OTSX	Denebola       	 0.8081	 1.0490	 1954.2	 1881.2	 0.202030	 0.103874	 0.0000	 0.0000	 0.1133	 0.1313	10.3139	 8.9095	PixelFly  	L1.5-	160x60	1.0369	0.1400	0.0600	20	0	 5	150	 200	200	     0
13/02/19 02:42:17	OTSX	Denebola       	 0.7801	 1.0490	 1960.1	 1905.9	 0.194315	 0.095728	 0.0000	 0.0000	 0.1160	 0.1379	10.0757	 8.4835	PixelFly  	L1.5-	160x60	1.0369	0.1400	0.0600	20	0	 5	150	 200	200	     0
13/02/19 02:43:47	OTSX	Denebola       	 0.9582	 1.0490	 1877.6	 1938.7	 0.247849	 0.150629	 0.0000	 0.0000	 0.1002	 0.1050	11.6597	11.1351	PixelFly  	L1.5-	160x60	1.0369	0.1400	0.0600	20	0	 5	150	 200	200	     0
13/02/19 02:45:18	OTSX	Denebola       	 0.6025	 1.0451	 2006.2	 1932.9	 0.119278	 0.065928	 0.0000	 0.0000	 0.1554	 0.1724	 7.5181	 6.7825	PixelFly  	L1.5-	160x60	1.0369	0.1400	0.0600	20	0	 5	150	 200	200	     0
13/02/19 02:46:48	OTSX	Denebola       	 0.7345	 1.0451	 1886.6	 1941.5	 0.164811	 0.092404	 0.0000	 0.0000	 0.1280	 0.1408	 9.1278	 8.3055	PixelFly  	L1.5-	160x60	1.0369	0.1400	0.0600	20	0	 5	150	 200	200	     0
13/02/19 02:48:16	OTSX	Denebola       	 0.8118	 1.0451	 1899.8	 1927.7	 0.192050	 0.110843	 0.0000	 0.0000	 0.1168	 0.1262	10.0051	 9.2635	PixelFly  	L1.5-	160x60	1.0369	0.1400	0.0600	20	0	 5	150	 200	200	     0
13/02/19 02:51:25	OTSX	Regulus        	 0.6869	 1.0800	 4374.4	 4245.1	 0.150098	 0.086785	 0.0000	 0.0000	 0.1354	 0.1462	 8.6298	 7.9986	PixelFly  	L1.5-	160x60	1.0369	0.1400	0.0600	20	0	 5	150	 200	200	     0
13/02/19 02:53:07	OTSX	Regulus        	 0.6096	 1.0800	 4474.5	 4150.8	 0.124114	 0.070441	 0.0000	 0.0000	 0.1517	 0.1657	 7.6996	 7.0574	PixelFly  	L1.5-	160x60	1.0369	0.1400	0.0600	20	0	 5	150	 200	200	     0
13/02/19 02:54:25	OTSX	Regulus        	 0.6157	 1.0863	 4263.9	 4189.4	 0.129870	 0.070224	 0.0000	 0.0000	 0.1477	 0.1660	 7.9119	 7.0443	PixelFly  	L1.5-	160x60	1.0369	0.1400	0.0600	20	0	 5	150	 200	200	     0
13/02/19 02:55:39	OTSX	Regulus        	 0.5828	 1.0863	 4357.3	 4193.2	 0.121742	 0.062177	 0.0000	 0.0000	 0.1535	 0.1786	 7.6109	 6.5483	PixelFly  	L1.5-	160x60	1.0369	0.1400	0.0600	20	0	 5	150	 200	200	     0
13/02/19 02:56:58	OTSX	Regulus        	 0.6297	 1.0863	 4253.9	 4171.4	 0.132388	 0.074403	 0.0000	 0.0000	 0.1460	 0.1604	 8.0036	 7.2930	PixelFly  	L1.5-	160x60	1.0369	0.1400	0.0600	20	0	 5	150	 200	200	     0
13/02/19 02:58:21	OTSX	Regulus        	 0.5771	 1.0863	 4287.9	 4251.9	 0.129156	 0.055774	 0.0000	 0.0000	 0.1482	 0.1906	 7.8857	 6.1349	PixelFly  	L1.5-	160x60	1.0369	0.1400	0.0600	20	0	 5	150	 200	200	     0
13/02/19 02:59:38	OTSX	Regulus        	 0.5948	 1.0932	 4335.7	 4174.2	 0.122585	 0.067216	 0.0000	 0.0000	 0.1529	 0.1704	 7.6425	 6.8617	PixelFly  	L1.5-	160x60	1.0369	0.1400	0.0600	20	0	 5	150	 200	200	     0
13/02/19 03:00:52	OTSX	Regulus        	 0.6680	 1.0932	 4369.0	 4235.4	 0.161504	 0.074048	 0.0000	 0.0000	 0.1296	 0.1608	 9.0175	 7.2721	PixelFly  	L1.5-	160x60	1.0369	0.1400	0.0600	20	0	 5	150	 200	200	     0
13/02/19 03:02:41	OTSX	Regulus        	 0.5237	 1.0932	 4334.1	 4202.0	 0.096421	 0.056066	 0.0000	 0.0000	 0.1766	 0.1900	 6.6172	 6.1542	PixelFly  	L1.5-	160x60	1.0369	0.1400	0.0600	20	0	 5	150	 200	200	     0
13/02/19 03:04:06	OTSX	Regulus        	 0.5630	 1.1006	 4331.0	 4083.8	 0.112760	 0.061680	 0.0000	 0.0000	 0.1607	 0.1795	 7.2689	 6.5169	PixelFly  	L1.5-	160x60	1.0369	0.1400	0.0600	20	0	 5	150	 200	200	     0
13/02/19 03:05:22	OTSX	Regulus        	 0.5498	 1.1006	 4219.7	 4099.4	 0.100210	 0.064423	 0.0000	 0.0000	 0.1725	 0.1748	 6.7721	 6.6892	PixelFly  	L1.5-	160x60	1.0369	0.1400	0.0600	20	0	 5	150	 200	200	     0
13/02/19 03:06:36	OTSX	Regulus        	 0.5730	 1.1006	 4298.7	 4222.5	 0.124931	 0.058293	 0.0000	 0.0000	 0.1511	 0.1856	 7.7299	 6.2997	PixelFly  	L1.5-	160x60	1.0369	0.1400	0.0600	20	0	 5	150	 200	200	     0
13/02/19 03:07:50	OTSX	Regulus        	 0.5679	 1.1006	 4380.6	 4161.5	 0.127661	 0.054864	 0.0000	 0.0000	 0.1492	 0.1925	 7.8308	 6.0746	PixelFly  	L1.5-	160x60	1.0369	0.1400	0.0600	20	0	 5	150	 200	200	     0
13/02/19 03:09:02	OTSX	Regulus        	 0.5462	 1.1086	 4310.9	 4202.5	 0.110148	 0.057765	 0.0000	 0.0000	 0.1630	 0.1867	 7.1673	 6.2654	PixelFly  	L1.5-	160x60	1.0369	0.1400	0.0600	20	0	 5	150	 200	200	     0
13/02/19 03:10:19	OTSX	Regulus        	 0.7613	 1.1086	 4357.2	 4097.9	 0.183145	 0.105564	 0.0000	 0.0000	 0.1202	 0.1300	 9.7241	 8.9962	PixelFly  	L1.5-	160x60	1.0369	0.1400	0.0600	20	0	 5	150	 200	199	     0
13/02/19 03:11:36	OTSX	Regulus        	 0.6544	 1.1086	 4265.0	 4186.5	 0.148096	 0.078501	 0.0000	 0.0000	 0.1365	 0.1553	 8.5605	 7.5314	PixelFly  	L1.5-	160x60	1.0369	0.1400	0.0600	20	0	 5	150	 200	200	     0
13/02/19 03:14:14	OTSX	Regulus        	 0.7484	 1.1086	 4262.5	 4106.6	 0.208363	 0.084955	 0.0000	 0.0000	 0.1112	 0.1481	10.5067	 7.8970	PixelFly  	L1.5-	160x60	1.0369	0.1400	0.0600	20	0	 5	150	 200	200	     0
13/02/19 03:15:32	OTSX	Regulus        	 0.6953	 1.1172	 4226.6	 4116.5	 0.170334	 0.084447	 0.0000	 0.0000	 0.1255	 0.1486	 9.3101	 7.8687	PixelFly  	L1.5-	160x60	1.0369	0.1400	0.0600	20	0	 5	150	 200	200	     0
13/02/19 03:16:49	OTSX	Regulus        	 0.6545	 1.1172	 4346.8	 4132.4	 0.130706	 0.090962	 0.0000	 0.0000	 0.1471	 0.1421	 7.9424	 8.2274	PixelFly  	L1.5-	160x60	1.0369	0.1400	0.0600	20	0	 5	150	 200	200	     0
13/02/19 03:18:25	OTSX	Regulus        	 0.7453	 1.1172	 4352.2	 4165.3	 0.185259	 0.098352	 0.0000	 0.0000	 0.1193	 0.1356	 9.7913	 8.6222	PixelFly  	L1.5-	160x60	1.0369	0.1400	0.0600	20	0	 5	150	 200	200	     0
13/02/19 03:19:54	OTSX	Regulus        	 0.7952	 1.1264	 4179.3	 4161.3	 0.205742	 0.111861	 0.0000	 0.0000	 0.1120	 0.1256	10.4272	 9.3145	PixelFly  	L1.5-	160x60	1.0369	0.1400	0.0600	20	0	 5	150	 200	200	     0
13/02/19 03:21:09	OTSX	Regulus        	 0.7476	 1.1264	 4404.5	 4213.9	 0.202582	 0.090995	 0.0000	 0.0000	 0.1131	 0.1421	10.3308	 8.2293	PixelFly  	L1.5-	160x60	1.0369	0.1400	0.0600	20	0	 5	150	 200	200	     0
13/02/19 03:22:22	OTSX	Regulus        	 0.6891	 1.1264	 4455.7	 4140.3	 0.154076	 0.093101	 0.0000	 0.0000	 0.1333	 0.1402	 8.7663	 8.3430	PixelFly  	L1.5-	160x60	1.0369	0.1400	0.0600	20	0	 5	150	 200	200	     0
13/02/19 03:23:47	OTSX	Regulus        	 0.7190	 1.1264	 4172.8	 4074.2	 0.206966	 0.075982	 0.0000	 0.0000	 0.1117	 0.1583	10.4644	 7.3854	PixelFly  	L1.5-	160x60	1.0369	0.1400	0.0600	20	0	 5	150	 200	200	     0
13/02/19 03:25:13	OTSX	Regulus        	 0.7346	 1.1363	 4301.1	 4152.5	 0.162071	 0.111507	 0.0000	 0.0000	 0.1293	 0.1258	 9.0364	 9.2967	PixelFly  	L1.5-	160x60	1.0369	0.1400	0.0600	20	0	 5	150	 200	200	     0
13/02/19 03:26:33	OTSX	Regulus        	 0.7931	 1.1363	 4400.0	 4149.7	 0.232437	 0.097438	 0.0000	 0.0000	 0.1041	 0.1364	11.2191	 8.5741	PixelFly  	L1.5-	160x60	1.0369	0.1400	0.0600	20	0	 5	150	 200	200	     0
13/02/19 03:27:50	OTSX	Regulus        	 0.8646	 1.1363	 4367.4	 4201.6	 0.263988	 0.114946	 0.0000	 0.0000	 0.0965	 0.1235	12.1094	 9.4677	PixelFly  	L1.5-	160x60	1.0369	0.1400	0.0600	20	0	 5	150	 200	200	     0
13/02/19 03:29:10	OTSX	Regulus        	 0.8713	 1.1468	 4338.5	 4106.3	 0.263798	 0.120971	 0.0000	 0.0000	 0.0965	 0.1198	12.1042	 9.7624	PixelFly  	L1.5-	160x60	1.0369	0.1400	0.0600	20	0	 5	150	 200	200	     0
13/02/19 03:30:27	OTSX	Regulus        	 0.8989	 1.1468	 4470.5	 4249.4	 0.258570	 0.138762	 0.0000	 0.0000	 0.0977	 0.1103	11.9597	10.6001	PixelFly  	L1.5-	160x60	1.0369	0.1400	0.0600	20	0	 5	150	 200	200	     0
13/02/19 03:31:48	OTSX	Regulus        	 0.8339	 1.1468	 4307.6	 4074.8	 0.237217	 0.117054	 0.0000	 0.0000	 0.1029	 0.1222	11.3569	 9.5715	PixelFly  	L1.5-	160x60	1.0369	0.1400	0.0600	20	0	 5	150	 200	200	     0
13/02/19 03:33:08	OTSX	Regulus        	 0.8529	 1.1468	 4184.9	 4140.5	 0.249876	 0.119413	 0.0000	 0.0000	 0.0997	 0.1207	11.7168	 9.6868	PixelFly  	L1.5-	160x60	1.0369	0.1400	0.0600	20	0	 5	150	 200	200	     0
13/02/19 03:34:29	OTSX	Regulus        	 0.8784	 1.1580	 4450.8	 4036.0	 0.266568	 0.125790	 0.0000	 0.0000	 0.0959	 0.1170	12.1803	 9.9940	PixelFly  	L1.5-	160x60	1.0369	0.1400	0.0600	20	0	 5	150	 200	200	     0
13/02/19 03:36:01	OTSX	Regulus        	 0.9842	 1.1580	 4216.5	 4094.4	 0.315795	 0.155758	 0.0000	 0.0000	 0.0866	 0.1029	13.4839	11.3611	PixelFly  	L1.5-	160x60	1.0369	0.1400	0.0600	20	0	 5	150	 200	200	     0
13/02/19 03:37:22	OTSX	Regulus        	 0.9830	 1.1580	 4276.3	 4100.7	 0.318076	 0.153708	 0.0000	 0.0000	 0.0863	 0.1038	13.5423	11.2711	PixelFly  	L1.5-	160x60	1.0369	0.1400	0.0600	20	0	 5	150	 200	200	     0
13/02/19 03:38:40	OTSX	Regulus        	 0.9623	 1.1580	 4308.8	 4212.5	 0.297329	 0.154033	 0.0000	 0.0000	 0.0898	 0.1036	13.0052	11.2854	PixelFly  	L1.5-	160x60	1.0369	0.1400	0.0600	20	0	 5	150	 200	200	     0
13/02/19 03:39:59	OTSX	Regulus        	 1.0046	 1.1700	 4288.0	 4043.1	 0.322403	 0.167376	 0.0000	 0.0000	 0.0856	 0.0986	13.6525	11.8622	PixelFly  	L1.5-	160x60	1.0369	0.1400	0.0600	20	0	 5	150	 200	200	     0
13/02/19 03:41:17	OTSX	Regulus        	 1.2014	 1.1700	 4505.2	 4046.3	 0.447097	 0.218055	 0.0000	 0.0000	 0.0703	 0.0841	16.6117	13.9024	PixelFly  	L1.5-	160x60	1.0369	0.1400	0.0600	20	0	 5	150	 200	200	     0
13/02/19 03:42:52	OTSX	Regulus        	 0.8625	 1.1700	 4321.6	 4213.7	 0.264409	 0.121423	 0.0000	 0.0000	 0.0964	 0.1195	12.1210	 9.7843	PixelFly  	L1.5-	160x60	1.0369	0.1400	0.0600	20	0	 5	150	 200	200	     0
13/02/19 03:46:10	OTSX	Alkaid         	 0.8823	 1.1359	 2734.5	 2684.4	 0.225952	 0.147261	 0.0000	 0.0000	 0.1059	 0.1065	11.0302	10.9850	PixelFly  	L1.5-	160x60	1.0369	0.1400	0.0600	20	0	 5	150	 200	200	     0
13/02/19 03:47:53	OTSX	Alkaid         	 0.7376	 1.1359	 2743.2	 2674.4	 0.182210	 0.100055	 0.0000	 0.0000	 0.1205	 0.1342	 9.6943	 8.7115	PixelFly  	L1.5-	160x60	1.0369	0.1400	0.0600	20	0	 5	150	 200	200	     0
13/02/19 03:49:37	OTSX	Alkaid         	 0.7677	 1.1292	 2736.9	 2702.8	 0.219787	 0.091189	 0.0000	 0.0000	 0.1077	 0.1419	10.8486	 8.2398	PixelFly  	L1.5-	160x60	1.0369	0.1400	0.0600	20	0	 5	150	 200	200	     0
13/02/19 03:51:06	OTSX	Alkaid         	 0.7661	 1.1292	 2727.4	 2627.5	 0.199103	 0.102227	 0.0000	 0.0000	 0.1143	 0.1325	10.2240	 8.8245	PixelFly  	L1.5-	160x60	1.0369	0.1400	0.0600	20	0	 5	150	 200	200	     0
13/02/19 03:52:33	OTSX	Alkaid         	 0.6632	 1.1292	 2755.7	 2633.0	 0.156617	 0.080379	 0.0000	 0.0000	 0.1320	 0.1531	 8.8527	 7.6390	PixelFly  	L1.5-	160x60	1.0369	0.1400	0.0600	20	0	 5	150	 200	200	     0
13/02/19 03:53:58	OTSX	Alkaid         	 0.8339	 1.1230	 2793.5	 2668.8	 0.216754	 0.123959	 0.0000	 0.0000	 0.1086	 0.1181	10.7585	 9.9064	PixelFly  	L1.5-	160x60	1.0369	0.1400	0.0600	20	0	 5	150	 200	200	     0
13/02/19 03:55:23	OTSX	Alkaid         	 0.8484	 1.1230	 2784.4	 2685.5	 0.212096	 0.134564	 0.0000	 0.0000	 0.1100	 0.1124	10.6192	10.4066	PixelFly  	L1.5-	160x60	1.0369	0.1400	0.0600	20	0	 5	150	 200	200	     0
13/02/19 03:56:45	OTSX	Alkaid         	 0.8737	 1.1230	 2640.3	 2659.0	 0.234418	 0.133884	 0.0000	 0.0000	 0.1036	 0.1127	11.2763	10.3750	PixelFly  	L1.5-	160x60	1.0369	0.1400	0.0600	20	0	 5	150	 200	200	     0
13/02/19 03:58:14	OTSX	Alkaid         	 0.9171	 1.1230	 2749.6	 2640.7	 0.241465	 0.153221	 0.0000	 0.0000	 0.1018	 0.1040	11.4785	11.2497	PixelFly  	L1.5-	160x60	1.0369	0.1400	0.0600	20	0	 5	150	 200	200	     0
13/02/19 03:59:44	OTSX	Alkaid         	 0.7377	 1.1171	 2709.4	 2636.0	 0.182426	 0.096459	 0.0000	 0.0000	 0.1204	 0.1372	 9.7012	 8.5223	PixelFly  	L1.5-	160x60	1.0369	0.1400	0.0600	20	0	 5	150	 200	200	     0
13/02/19 04:01:09	OTSX	Alkaid         	 0.7566	 1.1171	 2806.0	 2595.0	 0.178948	 0.107621	 0.0000	 0.0000	 0.1218	 0.1285	 9.5898	 9.1010	PixelFly  	L1.5-	160x60	1.0369	0.1400	0.0600	20	0	 5	150	 200	200	     0
13/02/19 04:02:37	OTSX	Alkaid         	 1.1321	 1.1171	 2712.2	 2562.9	 0.387178	 0.188300	 0.0000	 0.0000	 0.0767	 0.0919	15.2377	12.7309	PixelFly  	L1.5-	160x60	1.0369	0.1400	0.0600	20	0	 5	150	 200	200	     0
13/02/19 04:04:25	OTSX	Alkaid         	 0.9653	 1.1116	 2679.7	 2628.2	 0.261685	 0.164283	 0.0000	 0.0000	 0.0970	 0.0997	12.0459	11.7302	PixelFly  	L1.5-	160x60	1.0369	0.1400	0.0600	20	0	 5	150	 200	200	     0
13/02/19 04:05:51	OTSX	Alkaid         	 0.9147	 1.1116	 2695.6	 2598.3	 0.243391	 0.147533	 0.0000	 0.0000	 0.1013	 0.1063	11.5334	10.9972	PixelFly  	L1.5-	160x60	1.0369	0.1400	0.0600	20	0	 5	150	 200	200	     0
13/02/19 04:07:22	OTSX	Alkaid         	 0.6808	 1.1116	 2710.0	 2713.3	 0.153615	 0.087147	 0.0000	 0.0000	 0.1335	 0.1458	 8.7505	 8.0186	PixelFly  	L1.5-	160x60	1.0369	0.1400	0.0600	20	0	 5	150	 200	200	     0
13/02/19 04:08:45	OTSX	Alkaid         	 0.9533	 1.1116	 2736.9	 2644.8	 0.294829	 0.137465	 0.0000	 0.0000	 0.0903	 0.1109	12.9394	10.5406	PixelFly  	L1.5-	160x60	1.0369	0.1400	0.0600	20	0	 5	150	 200	200	     0
13/02/19 04:10:08	OTSX	Alkaid         	 0.9192	 1.1065	 2702.4	 2696.5	 0.258281	 0.139325	 0.0000	 0.0000	 0.0978	 0.1101	11.9517	10.6259	PixelFly  	L1.5-	160x60	1.0369	0.1400	0.0600	20	0	 5	150	 200	200	     0
13/02/19 04:11:31	OTSX	Alkaid         	 0.6911	 1.1065	 2684.3	 2695.2	 0.152774	 0.091457	 0.0000	 0.0000	 0.1340	 0.1417	 8.7217	 8.2543	PixelFly  	L1.5-	160x60	1.0369	0.1400	0.0600	20	0	 5	150	 200	200	     0
13/02/19 04:15:05	OTSX	Alkaid         	 0.8238	 1.1065	 2751.2	 2619.2	 0.229668	 0.107546	 0.0000	 0.0000	 0.1049	 0.1286	11.1387	 9.0971	PixelFly  	L1.5-	160x60	1.0369	0.1400	0.0600	20	0	 5	150	 200	200	     0
13/02/19 04:16:48	OTSX	Alkaid         	 0.7547	 1.1017	 2784.4	 2634.8	 0.178618	 0.103917	 0.0000	 0.0000	 0.1220	 0.1312	 9.5792	 8.9117	PixelFly  	L1.5-	160x60	1.0369	0.1400	0.0600	20	0	 5	150	 200	200	     0
13/02/19 04:18:16	OTSX	Alkaid         	 0.9466	 1.1017	 2708.1	 2613.6	 0.293452	 0.132052	 0.0000	 0.0000	 0.0905	 0.1137	12.9032	10.2895	PixelFly  	L1.5-	160x60	1.0369	0.1400	0.0600	20	0	 5	150	 200	200	     0
13/02/19 04:19:41	OTSX	Alkaid         	 1.0613	 1.0973	 2723.6	 2521.3	 0.270626	 0.211450	 0.0000	 0.0000	 0.0951	 0.0857	12.2912	13.6481	PixelFly  	L1.5-	160x60	1.0369	0.1400	0.0600	20	0	 5	150	 200	200	     0
13/02/19 04:21:09	OTSX	Alkaid         	 0.7772	 1.0973	 2804.8	 2675.0	 0.205606	 0.097402	 0.0000	 0.0000	 0.1121	 0.1364	10.4230	 8.5721	PixelFly  	L1.5-	160x60	1.0369	0.1400	0.0600	20	0	 5	150	 200	200	     0
13/02/19 04:22:43	OTSX	Alkaid         	 0.9315	 1.0973	 2724.9	 2640.7	 0.238760	 0.155848	 0.0000	 0.0000	 0.1025	 0.1029	11.4012	11.3650	PixelFly  	L1.5-	160x60	1.0369	0.1400	0.0600	20	0	 5	150	 200	200	     0
13/02/19 04:24:10	OTSX	Alkaid         	 1.0688	 1.0933	 2816.0	 2660.2	 0.315387	 0.184855	 0.0000	 0.0000	 0.0867	 0.0929	13.4735	12.5907	PixelFly  	L1.5-	160x60	1.0369	0.1400	0.0600	20	0	 5	150	 200	200	     0
13/02/19 04:25:38	OTSX	Alkaid         	 1.0851	 1.0933	 2697.1	 2608.8	 0.362497	 0.166250	 0.0000	 0.0000	 0.0798	 0.0990	14.6473	11.8143	PixelFly  	L1.5-	160x60	1.0369	0.1400	0.0600	20	0	 5	150	 200	200	     0
13/02/19 04:27:04	OTSX	Alkaid         	 1.1838	 1.0933	 2666.0	 2580.6	 0.434773	 0.183474	 0.0000	 0.0000	 0.0715	 0.0933	16.3354	12.5341	PixelFly  	L1.5-	160x60	1.0369	0.1400	0.0600	20	0	 5	150	 200	200	     0
13/02/19 04:28:28	OTSX	Alkaid         	 1.2219	 1.0933	 2680.3	 2628.9	 0.403712	 0.225185	 0.0000	 0.0000	 0.0748	 0.0825	15.6249	14.1734	PixelFly  	L1.5-	160x60	1.0369	0.1400	0.0600	20	0	 5	150	 200	200	     0
13/02/19 04:30:26	OTSX	Alkaid         	 1.1196	 1.0896	 2709.7	 2591.1	 0.348975	 0.193287	 0.0000	 0.0000	 0.0816	 0.0904	14.3169	12.9322	PixelFly  	L1.5-	160x60	1.0369	0.1400	0.0600	20	0	 5	150	 200	200	     0
13/02/19 04:32:01	OTSX	Alkaid         	 1.1286	 1.0896	 2704.7	 2640.3	 0.345384	 0.200968	 0.0000	 0.0000	 0.0821	 0.0883	14.2283	13.2381	PixelFly  	L1.5-	160x60	1.0369	0.1400	0.0600	20	0	 5	150	 200	200	     0
13/02/19 04:33:39	OTSX	Alkaid         	 0.8058	 1.0896	 2693.1	 2664.3	 0.212846	 0.105021	 0.0000	 0.0000	 0.1098	 0.1304	10.6417	 8.9684	PixelFly  	L1.5-	160x60	1.0369	0.1400	0.0600	20	0	 5	150	 200	200	     0
13/02/19 04:35:23	OTSX	Alkaid         	 1.1228	 1.0862	 2765.9	 2526.0	 0.358747	 0.187983	 0.0000	 0.0000	 0.0803	 0.0920	14.5561	12.7181	PixelFly  	L1.5-	160x60	1.0369	0.1400	0.0600	20	0	 5	150	 200	200	     0
13/02/19 04:37:07	OTSX	Alkaid         	 1.0717	 1.0862	 2783.9	 2626.3	 0.324099	 0.178713	 0.0000	 0.0000	 0.0853	 0.0948	13.6956	12.3380	PixelFly  	L1.5-	160x60	1.0369	0.1400	0.0600	20	0	 5	150	 200	200	     0
13/02/19 04:38:45	OTSX	Alkaid         	 0.8724	 1.0862	 2717.8	 2752.3	 0.243473	 0.118778	 0.0000	 0.0000	 0.1013	 0.1211	11.5357	 9.6559	PixelFly  	L1.5-	160x60	1.0369	0.1400	0.0600	20	0	 5	150	 200	200	     0
13/02/19 04:40:21	OTSX	Alkaid         	 0.8204	 1.0832	 2725.1	 2655.6	 0.224776	 0.103697	 0.0000	 0.0000	 0.1063	 0.1314	10.9957	 8.9004	PixelFly  	L1.5-	160x60	1.0369	0.1400	0.0600	20	0	 5	150	 200	200	     0
13/02/19 04:42:15	OTSX	Alkaid         	 0.5963	 1.0832	 2743.2	 2605.0	 0.123169	 0.066174	 0.0000	 0.0000	 0.1524	 0.1720	 7.6643	 6.7977	PixelFly  	L1.5-	160x60	1.0369	0.1400	0.0600	20	0	 5	150	 200	200	     0
13/02/19 04:43:49	OTSX	Alkaid         	 0.6861	 1.0832	 2748.4	 2581.2	 0.129414	 0.100659	 0.0000	 0.0000	 0.1480	 0.1338	 7.8952	 8.7430	PixelFly  	L1.5-	160x60	1.0369	0.1400	0.0600	20	0	 5	150	 200	200	     0
13/02/19 04:45:21	OTSX	Alkaid         	 0.8605	 1.0805	 2819.7	 2650.1	 0.211142	 0.131130	 0.0000	 0.0000	 0.1103	 0.1141	10.5905	10.2464	PixelFly  	L1.5-	160x60	1.0369	0.1400	0.0600	20	0	 5	150	 200	200	     0
13/02/19 04:47:09	OTSX	Alkaid         	 0.7321	 1.0805	 2794.5	 2665.9	 0.160284	 0.100812	 0.0000	 0.0000	 0.1302	 0.1336	 8.9765	 8.7510	PixelFly  	L1.5-	160x60	1.0369	0.1400	0.0600	20	0	 5	150	 200	200	     0
13/02/19 04:48:35	OTSX	Alkaid         	 0.8925	 1.0805	 2735.7	 2668.4	 0.231854	 0.134618	 0.0000	 0.0000	 0.1043	 0.1123	11.2022	10.4090	PixelFly  	L1.5-	160x60	1.0369	0.1400	0.0600	20	0	 5	150	 200	200	     0
13/02/19 04:54:01	OTSX	Arcturus       	 1.0188	 1.0409	17417.5	16110.3	 0.283400	 0.158678	 0.0000	 0.0000	 0.0925	 0.1018	12.6361	11.4884	PixelFly  	L1.5-	160x60	1.0369	0.1400	0.0600	20	0	 5	150	 200	200	     0
13/02/19 04:55:12	OTSX	Arcturus       	 1.1178	 1.0409	16715.9	15869.6	 0.344593	 0.176843	 0.0000	 0.0000	 0.0822	 0.0954	14.2088	12.2603	PixelFly  	L1.5-	160x60	1.0369	0.1400	0.0600	20	0	 5	150	 200	200	     0
13/02/19 04:56:24	OTSX	Arcturus       	 0.8534	 1.0409	17262.7	15987.5	 0.221212	 0.111912	 0.0000	 0.0000	 0.1073	 0.1255	10.8908	 9.3170	PixelFly  	L1.5-	160x60	1.0369	0.1400	0.0600	20	0	 5	150	 200	200	     0
13/02/19 04:57:38	OTSX	Arcturus       	 0.8115	 1.0409	16856.8	16135.7	 0.194353	 0.108362	 0.0000	 0.0000	 0.1159	 0.1280	10.0769	 9.1385	PixelFly  	L1.5-	160x60	1.0369	0.1400	0.0600	20	0	 5	150	 200	200	     0
13/02/19 04:58:52	OTSX	Arcturus       	 0.8126	 1.0362	17110.5	16152.2	 0.192923	 0.108707	 0.0000	 0.0000	 0.1165	 0.1277	10.0324	 9.1559	PixelFly  	L1.5-	160x60	1.0369	0.1400	0.0600	20	0	 5	150	 200	200	     0
13/02/19 05:00:04	OTSX	Arcturus       	 0.8484	 1.0362	17343.7	16187.4	 0.193676	 0.125500	 0.0000	 0.0000	 0.1162	 0.1172	10.0558	 9.9801	PixelFly  	L1.5-	160x60	1.0369	0.1400	0.0600	20	0	 5	150	 200	200	     0
13/02/19 05:01:14	OTSX	Arcturus       	 1.1425	 1.0362	17034.8	15945.5	 0.352182	 0.184699	 0.0000	 0.0000	 0.0812	 0.0929	14.3957	12.5843	PixelFly  	L1.5-	160x60	1.0369	0.1400	0.0600	20	0	 5	150	 200	200	     0
13/02/19 05:02:29	OTSX	Arcturus       	 1.1164	 1.0362	16504.3	16326.0	 0.292167	 0.207480	 0.0000	 0.0000	 0.0908	 0.0867	12.8692	13.4938	PixelFly  	L1.5-	160x60	1.0369	0.1400	0.0600	20	0	 5	150	 200	200	     0
13/02/19 05:03:40	OTSX	Arcturus       	 1.2575	 1.0320	17266.0	15754.2	 0.398929	 0.223491	 0.0000	 0.0000	 0.0753	 0.0829	15.5135	14.1093	PixelFly  	L1.5-	160x60	1.0369	0.1400	0.0600	20	0	 5	150	 200	200	     0
13/02/19 05:04:52	OTSX	Arcturus       	 0.9641	 1.0320	17234.9	16014.5	 0.251764	 0.146280	 0.0000	 0.0000	 0.0993	 0.1069	11.7698	10.9411	PixelFly  	L1.5-	160x60	1.0369	0.1400	0.0600	20	0	 5	150	 200	200	     0
13/02/19 05:06:00	OTSX	Arcturus       	 1.3955	 1.0320	17061.6	15746.0	 0.496437	 0.252619	 0.0000	 0.0000	 0.0661	 0.0770	17.6885	15.1855	PixelFly  	L1.5-	160x60	1.0369	0.1400	0.0600	20	0	 5	150	 200	200	     0
13/02/19 05:07:10	OTSX	Arcturus       	 1.5257	 1.0320	16725.7	16475.7	 0.552560	 0.307209	 0.0000	 0.0000	 0.0619	 0.0685	18.8626	17.0769	PixelFly  	L1.5-	160x60	1.0369	0.1400	0.0600	20	0	 5	150	 200	200	     0
13/02/19 05:08:22	OTSX	Arcturus       	 1.0868	 1.0320	17463.1	15813.7	 0.330394	 0.164690	 0.0000	 0.0000	 0.0843	 0.0995	13.8546	11.7476	PixelFly  	L1.5-	160x60	1.0369	0.1400	0.0600	20	0	 5	150	 200	200	     0
13/02/19 05:09:30	OTSX	Arcturus       	 1.3927	 1.0282	17152.5	16483.1	 0.491878	 0.251496	 0.0000	 0.0000	 0.0664	 0.0772	17.5909	15.1450	PixelFly  	L1.5-	160x60	1.0369	0.1400	0.0600	20	0	 5	150	 200	200	     0
13/02/19 05:10:40	OTSX	Arcturus       	 0.6924	 1.0282	17119.7	15979.9	 0.152731	 0.078904	 0.0000	 0.0000	 0.1340	 0.1548	 8.7203	 7.5546	PixelFly  	L1.5-	160x60	1.0369	0.1400	0.0600	20	0	 5	150	 200	200	     0
13/02/19 05:12:09	OTSX	Arcturus       	 1.0185	 1.0282	16980.2	16026.5	 0.278689	 0.157355	 0.0000	 0.0000	 0.0934	 0.1023	12.5096	11.4308	PixelFly  	L1.5-	160x60	1.0369	0.1400	0.0600	20	0	 5	150	 200	200	     0
13/02/19 05:13:19	OTSX	Arcturus       	 0.7698	 1.0282	16728.8	16028.9	 0.166554	 0.103856	 0.0000	 0.0000	 0.1272	 0.1313	 9.1856	 8.9086	PixelFly  	L1.5-	160x60	1.0369	0.1400	0.0600	20	0	 5	150	 200	200	     0
13/02/19 05:16:19	OTSX	Alphecca       	 0.6969	 1.1116	 1769.4	 1739.9	 0.160195	 0.090289	 0.0000	 0.0000	 0.1302	 0.1428	 8.9735	 8.1909	PixelFly  	L1.5-	160x60	1.0369	0.1400	0.0600	20	0	 5	150	 200	200	     0
13/02/19 05:17:49	OTSX	Alphecca       	 0.6036	 1.1116	 1800.7	 1782.6	 0.133269	 0.066717	 0.0000	 0.0000	 0.1454	 0.1712	 8.0355	 6.8311	PixelFly  	L1.5-	160x60	1.0369	0.1400	0.0600	20	0	 5	150	 200	200	     0
13/02/19 05:19:20	OTSX	Alphecca       	 0.5631	 1.1015	 1814.1	 1783.3	 0.110300	 0.063314	 0.0000	 0.0000	 0.1629	 0.1767	 7.1733	 6.6198	PixelFly  	L1.5-	160x60	1.0369	0.1400	0.0600	20	0	 5	150	 200	200	     0
13/02/19 05:20:51	OTSX	Alphecca       	 0.5716	 1.1015	 1838.5	 1809.6	 0.108469	 0.067846	 0.0000	 0.0000	 0.1645	 0.1695	 7.1016	 6.9003	PixelFly  	L1.5-	160x60	1.0369	0.1400	0.0600	20	0	 5	150	 200	200	     0
13/02/19 05:22:22	OTSX	Alphecca       	 0.5526	 1.1015	 1800.4	 1758.9	 0.113256	 0.057498	 0.0000	 0.0000	 0.1603	 0.1872	 7.2880	 6.2480	PixelFly  	L1.5-	160x60	1.0369	0.1400	0.0600	20	0	 5	150	 200	200	     0
13/02/19 05:23:53	OTSX	Alphecca       	 0.5278	 1.1015	 1845.8	 1775.1	 0.107387	 0.051810	 0.0000	 0.0000	 0.1655	 0.1992	 7.0590	 5.8695	PixelFly  	L1.5-	160x60	1.0369	0.1400	0.0600	20	0	 5	150	 200	200	     0
13/02/19 05:25:27	OTSX	Alphecca       	 0.8510	 1.0920	 1753.1	 1734.7	 0.223708	 0.121230	 0.0000	 0.0000	 0.1066	 0.1196	10.9643	 9.7750	PixelFly  	L1.5-	160x60	1.0369	0.1400	0.0600	20	0	 5	150	 200	200	     0
13/02/19 05:26:57	OTSX	Alphecca       	 0.8113	 1.0920	 1826.0	 1753.8	 0.215711	 0.106486	 0.0000	 0.0000	 0.1089	 0.1293	10.7274	 9.0433	PixelFly  	L1.5-	160x60	1.0369	0.1400	0.0600	20	0	 5	150	 200	200	     0
13/02/19 05:28:31	OTSX	Alphecca       	 0.7244	 1.0920	 1839.7	 1774.6	 0.177851	 0.088610	 0.0000	 0.0000	 0.1223	 0.1444	 9.5545	 8.0991	PixelFly  	L1.5-	160x60	1.0369	0.1400	0.0600	20	0	 5	150	 200	200	     0
13/02/19 05:30:03	OTSX	Alphecca       	 0.7804	 1.0831	 1794.9	 1814.7	 0.192376	 0.103891	 0.0000	 0.0000	 0.1167	 0.1312	10.0153	 8.9104	PixelFly  	L1.5-	160x60	1.0369	0.1400	0.0600	20	0	 5	150	 200	200	     0
13/02/19 05:31:36	OTSX	Alphecca       	 0.6972	 1.0831	 1797.4	 1779.8	 0.151550	 0.090961	 0.0000	 0.0000	 0.1346	 0.1421	 8.6797	 8.2274	PixelFly  	L1.5-	160x60	1.0369	0.1400	0.0600	20	0	 5	150	 200	200	     0
13/02/19 05:33:16	OTSX	Alphecca       	 0.6196	 1.0831	 1844.2	 1773.5	 0.127314	 0.072931	 0.0000	 0.0000	 0.1494	 0.1623	 7.8181	 7.2060	PixelFly  	L1.5-	160x60	1.0369	0.1400	0.0600	20	0	 5	150	 200	200	     0
13/02/19 05:34:48	OTSX	Alphecca       	 0.6164	 1.0747	 1849.3	 1749.8	 0.119140	 0.075610	 0.0000	 0.0000	 0.1555	 0.1588	 7.5129	 7.3637	PixelFly  	L1.5-	160x60	1.0369	0.1400	0.0600	20	0	 5	150	 200	200	     0
13/02/19 05:36:24	OTSX	Alphecca       	 0.6523	 1.0747	 1870.2	 1766.9	 0.140087	 0.077363	 0.0000	 0.0000	 0.1411	 0.1566	 8.2796	 7.4657	PixelFly  	L1.5-	160x60	1.0369	0.1400	0.0600	20	0	 5	150	 200	200	     0
13/02/19 05:37:54	OTSX	Alphecca       	 0.6760	 1.0747	 1833.1	 1803.3	 0.145763	 0.083883	 0.0000	 0.0000	 0.1378	 0.1492	 8.4793	 7.8371	PixelFly  	L1.5-	160x60	1.0369	0.1400	0.0600	20	0	 5	150	 200	200	     0
13/02/19 05:39:27	OTSX	Alphecca       	 0.7154	 1.0668	 1797.3	 1798.8	 0.164125	 0.088372	 0.0000	 0.0000	 0.1283	 0.1446	 9.1050	 8.0861	PixelFly  	L1.5-	160x60	1.0369	0.1400	0.0600	20	0	 5	150	 200	200	     0
13/02/19 05:40:58	OTSX	Alphecca       	 0.6900	 1.0668	 1862.3	 1783.0	 0.154484	 0.083227	 0.0000	 0.0000	 0.1331	 0.1499	 8.7802	 7.8002	PixelFly  	L1.5-	160x60	1.0369	0.1400	0.0600	20	0	 5	150	 200	200	     0
13/02/19 05:42:29	OTSX	Alphecca       	 0.7008	 1.0668	 1846.2	 1772.9	 0.177019	 0.074719	 0.0000	 0.0000	 0.1226	 0.1599	 9.5277	 7.3115	PixelFly  	L1.5-	160x60	1.0369	0.1400	0.0600	20	0	 5	150	 200	200	     0
13/02/19 05:43:57	OTSX	Alphecca       	 0.5806	 1.0668	 1839.4	 1827.9	 0.131118	 0.053646	 0.0000	 0.0000	 0.1468	 0.1951	 7.9574	 5.9934	PixelFly  	L1.5-	160x60	1.0369	0.1400	0.0600	20	0	 5	150	 200	200	     0
13/02/19 05:45:33	OTSX	Alphecca       	 0.7760	 1.0594	 1860.9	 1808.7	 0.174424	 0.108107	 0.0000	 0.0000	 0.1237	 0.1282	 9.4436	 9.1256	PixelFly  	L1.5-	160x60	1.0369	0.1400	0.0600	20	0	 5	150	 200	200	     0
13/02/19 05:47:13	OTSX	Alphecca       	 0.7933	 1.0594	 1837.3	 1821.3	 0.171317	 0.118460	 0.0000	 0.0000	 0.1251	 0.1213	 9.3423	 9.6403	PixelFly  	L1.5-	160x60	1.0369	0.1400	0.0600	20	0	 5	150	 200	200	     0
13/02/19 05:48:42	OTSX	Alphecca       	 0.6444	 1.0594	 1849.5	 1807.0	 0.120597	 0.084156	 0.0000	 0.0000	 0.1544	 0.1489	 7.5679	 7.8523	PixelFly  	L1.5-	160x60	1.0369	0.1400	0.0600	20	0	 5	150	 200	200	     0
13/02/19 05:50:14	OTSX	Alphecca       	 0.5452	 1.0525	 1838.0	 1824.8	 0.106023	 0.053619	 0.0000	 0.0000	 0.1668	 0.1952	 7.0051	 5.9916	PixelFly  	L1.5-	160x60	1.0369	0.1400	0.0600	20	0	 5	150	 200	200	     0
13/02/19 05:51:43	OTSX	Alphecca       	 0.5099	 1.0525	 1924.3	 1839.3	 0.092282	 0.049479	 0.0000	 0.0000	 0.1813	 0.2048	 6.4453	 5.7095	PixelFly  	L1.5-	160x60	1.0369	0.1400	0.0600	20	0	 5	150	 200	200	     0
13/02/19 05:53:14	OTSX	Alphecca       	 0.6103	 1.0525	 1845.2	 1828.7	 0.112826	 0.074105	 0.0000	 0.0000	 0.1607	 0.1607	 7.2714	 7.2754	PixelFly  	L1.5-	160x60	1.0369	0.1400	0.0600	20	0	 5	150	 200	200	     0
13/02/19 05:54:45	OTSX	Alphecca       	 0.6814	 1.0461	 1847.8	 1893.1	 0.134511	 0.088676	 0.0000	 0.0000	 0.1446	 0.1443	 8.0803	 8.1028	PixelFly  	L1.5-	160x60	1.0369	0.1400	0.0600	20	0	 5	150	 200	200	     0
13/02/19 05:56:16	OTSX	Alphecca       	 0.6452	 1.0461	 1854.6	 1800.2	 0.126393	 0.078647	 0.0000	 0.0000	 0.1501	 0.1551	 7.7841	 7.5398	PixelFly  	L1.5-	160x60	1.0369	0.1400	0.0600	20	0	 5	150	 200	200	     0
13/02/19 05:57:48	OTSX	Alphecca       	 0.5596	 1.0461	 1880.1	 1798.5	 0.090816	 0.067939	 0.0000	 0.0000	 0.1830	 0.1693	 6.3837	 6.9059	PixelFly  	L1.5-	160x60	1.0369	0.1400	0.0600	20	0	 5	150	 200	200	     0
13/02/19 05:59:19	OTSX	Alphecca       	 0.5763	 1.0401	 1911.7	 1799.5	 0.113913	 0.058697	 0.0000	 0.0000	 0.1598	 0.1849	 7.3134	 6.3259	PixelFly  	L1.5-	160x60	1.0369	0.1400	0.0600	20	0	 5	150	 200	200	     0
13/02/19 06:00:50	OTSX	Alphecca       	 0.6093	 1.0401	 1894.2	 1774.8	 0.110032	 0.073797	 0.0000	 0.0000	 0.1631	 0.1611	 7.1628	 7.2573	PixelFly  	L1.5-	160x60	1.0369	0.1400	0.0600	20	0	 5	150	 200	200	     0
13/02/19 06:02:24	OTSX	Alphecca       	 0.5875	 1.0401	 1892.7	 1803.5	 0.110262	 0.065123	 0.0000	 0.0000	 0.1629	 0.1737	 7.1718	 6.7327	PixelFly  	L1.5-	160x60	1.0369	0.1400	0.0600	20	0	 5	150	 200	200	     0
13/02/19 06:06:24	OTSX	Alphecca       	 0.8667	 1.0401	 1835.1	 1787.6	 0.217588	 0.120298	 0.0000	 0.0000	 0.1083	 0.1202	10.7834	 9.7298	PixelFly  	L1.5-	160x60	1.0369	0.1400	0.0600	20	0	 5	150	 200	200	     0
13/02/19 06:08:01	OTSX	Alphecca       	 0.5751	 1.0346	 1836.3	 1783.1	 0.108597	 0.060809	 0.0000	 0.0000	 0.1644	 0.1810	 7.1066	 6.4614	PixelFly  	L1.5-	160x60	1.0369	0.1400	0.0600	20	0	 5	150	 200	200	     0
13/02/19 06:09:36	OTSX	Alphecca       	 0.5380	 1.0295	 1840.9	 1844.3	 0.085128	 0.061637	 0.0000	 0.0000	 0.1903	 0.1795	 6.1407	 6.5141	PixelFly  	L1.5-	160x60	1.0369	0.1400	0.0600	20	0	 5	150	 200	200	     0
13/02/19 06:11:11	OTSX	Alphecca       	 0.5507	 1.0295	 1869.2	 1836.2	 0.101239	 0.055854	 0.0000	 0.0000	 0.1715	 0.1905	 6.8137	 6.1402	PixelFly  	L1.5-	160x60	1.0369	0.1400	0.0600	20	0	 5	150	 200	200	     0
13/02/19 06:12:47	OTSX	Alphecca       	 0.5567	 1.0295	 1848.7	 1809.4	 0.110875	 0.052241	 0.0000	 0.0000	 0.1624	 0.1983	 7.1957	 5.8987	PixelFly  	L1.5-	160x60	1.0369	0.1400	0.0600	20	0	 5	150	 200	200	     0
13/02/19 06:14:22	OTSX	Alphecca       	 0.5287	 1.0249	 1883.3	 1796.7	 0.091025	 0.053907	 0.0000	 0.0000	 0.1828	 0.1946	 6.3925	 6.0108	PixelFly  	L1.5-	160x60	1.0369	0.1400	0.0600	20	0	 5	150	 200	200	     0
13/02/19 06:15:59	OTSX	Alphecca       	 0.5849	 1.0249	 1826.9	 1813.9	 0.100430	 0.068496	 0.0000	 0.0000	 0.1723	 0.1685	 6.7809	 6.9398	PixelFly  	L1.5-	160x60	1.0369	0.1400	0.0600	20	0	 5	150	 200	200	     0
13/02/19 06:17:38	OTSX	Alphecca       	 0.5527	 1.0249	 1840.7	 1828.2	 0.087969	 0.064646	 0.0000	 0.0000	 0.1866	 0.1745	 6.2628	 6.7031	PixelFly  	L1.5-	160x60	1.0369	0.1400	0.0600	20	0	 5	150	 200	200	     0
13/02/19 06:19:12	OTSX	Alphecca       	 0.5082	 1.0207	 1877.1	 1787.3	 0.097488	 0.042764	 0.0000	 0.0000	 0.1754	 0.2236	 6.6611	 5.2311	PixelFly  	L1.5-	160x60	1.0369	0.1400	0.0600	20	0	 5	150	 200	200	     0
13/02/19 06:20:46	OTSX	Alphecca       	 0.5002	 1.0207	 1840.6	 1830.8	 0.078581	 0.051551	 0.0000	 0.0000	 0.1996	 0.1998	 5.8528	 5.8518	PixelFly  	L1.5-	160x60	1.0369	0.1400	0.0600	20	0	 5	150	 200	200	     0
13/02/19 06:22:26	OTSX	Alphecca       	 0.5684	 1.0207	 1883.3	 1799.8	 0.098294	 0.063109	 0.0000	 0.0000	 0.1745	 0.1770	 6.6941	 6.6070	PixelFly  	L1.5-	160x60	1.0369	0.1400	0.0600	20	0	 5	150	 200	200	     0
13/02/19 06:24:12	OTSX	Alphecca       	 0.5694	 1.0207	 1869.2	 1811.9	 0.104434	 0.059593	 0.0000	 0.0000	 0.1683	 0.1832	 6.9419	 6.3836	PixelFly  	L1.5-	160x60	1.0369	0.1400	0.0600	20	0	 5	150	 200	200	     0
13/02/19 06:25:56	OTSX	Alphecca       	 0.6252	 1.0169	 1845.8	 1805.6	 0.136959	 0.060301	 0.0000	 0.0000	 0.1430	 0.1819	 8.1682	 6.4290	PixelFly  	L1.5-	160x60	1.0369	0.1400	0.0600	20	0	 5	150	 200	200	     0
13/02/19 06:27:37	OTSX	Alphecca       	 0.6191	 1.0169	 1846.4	 1798.7	 0.114428	 0.071540	 0.0000	 0.0000	 0.1593	 0.1642	 7.3332	 7.1232	PixelFly  	L1.5-	160x60	1.0369	0.1400	0.0600	20	0	 5	150	 200	200	     0
13/02/19 06:29:20	OTSX	Alphecca       	 0.5789	 1.0135	 1859.4	 1802.5	 0.104208	 0.062329	 0.0000	 0.0000	 0.1685	 0.1783	 6.9329	 6.5579	PixelFly  	L1.5-	160x60	1.0369	0.1400	0.0600	20	0	 5	150	 200	200	     0
13/02/19 06:31:07	OTSX	Alphecca       	 0.6315	 1.0135	 1845.3	 1819.3	 0.122858	 0.070518	 0.0000	 0.0000	 0.1527	 0.1656	 7.6527	 7.0620	PixelFly  	L1.5-	160x60	1.0369	0.1400	0.0600	20	0	 5	150	 200	200	     0
13/02/19 06:32:48	OTSX	Alphecca       	 0.6445	 1.0135	 1828.4	 1836.5	 0.140868	 0.064764	 0.0000	 0.0000	 0.1406	 0.1743	 8.3073	 6.7104	PixelFly  	L1.5-	160x60	1.0369	0.1400	0.0600	20	0	 5	150	 200	200	     0
13/02/19 06:36:15	OTSX	Alkaid         	 0.7481	 1.1025	 2729.5	 2617.3	 0.168188	 0.107540	 0.0000	 0.0000	 0.1265	 0.1286	 9.2395	 9.0969	PixelFly  	L1.5-	160x60	1.0369	0.1400	0.0600	20	0	 5	150	 200	200	     0
