Fecha Hora	Ubicacion	Objeto	Seeing	Maire	Flujo 1	Flujo 2	Var l	Var t	Centelleo 1	Centelleo 2	r0l	r0t	fwhml	fwmlt	CCD	Software	Ventana	EscalaPlaca	Distancia	Diametro	WinSpot	Gain	Texp	Sampling	N	Muestras	Return	Pack
13/02/19 23:03:43	OTSX	Menkalinan     	 0.9570	 1.0963	 2404.9	 2362.1	 0.233840	 0.173417	 0.0000	 0.0000	 0.1038	 0.0965	11.2596	12.1173	PixelFly  	L1.5-	160x60	1.0369	0.1400	0.0600	20	0	 5	150	 200	200	     0
13/02/19 23:05:58	OTSX	Menkalinan     	 1.1720	 1.0963	 2332.2	 2396.1	 0.375990	 0.211659	 0.0000	 0.0000	 0.0780	 0.0856	14.9720	13.6563	PixelFly  	L1.5-	160x60	1.0369	0.1400	0.0600	20	0	 5	150	 200	200	     0
13/02/19 23:08:01	OTSX	Menkalinan     	 0.9679	 1.1026	 2403.5	 2367.4	 0.226568	 0.186993	 0.0000	 0.0000	 0.1058	 0.0922	11.0482	12.6778	PixelFly  	L1.5-	160x60	1.0369	0.1400	0.0600	20	0	 5	150	 200	200	     0
13/02/19 23:10:14	OTSX	Menkalinan     	 1.1333	 1.1026	 2437.2	 2357.0	 0.330670	 0.218442	 0.0000	 0.0000	 0.0843	 0.0840	13.8615	13.9172	PixelFly  	L1.5-	160x60	1.0369	0.1400	0.0600	20	0	 5	150	 200	200	     0
13/02/19 23:12:37	OTSX	Menkalinan     	 1.0199	 1.1094	 2483.4	 2305.0	 0.269479	 0.190770	 0.0000	 0.0000	 0.0953	 0.0911	12.2600	12.8308	PixelFly  	L1.5-	160x60	1.0369	0.1400	0.0600	20	0	 5	150	 200	200	     0
13/02/19 23:14:53	OTSX	Menkalinan     	 1.2638	 1.1094	 2380.8	 2386.4	 0.382846	 0.274343	 0.0000	 0.0000	 0.0772	 0.0733	15.1352	15.9561	PixelFly  	L1.5-	160x60	1.0369	0.1400	0.0600	20	0	 5	150	 200	200	     0
13/02/19 23:17:15	OTSX	Menkalinan     	 1.0556	 1.1094	 2313.8	 2252.8	 0.329473	 0.173944	 0.0000	 0.0000	 0.0845	 0.0963	13.8314	12.1393	PixelFly  	L1.5-	160x60	1.0369	0.1400	0.0600	20	0	 5	150	 200	199	     0
13/02/19 23:19:35	OTSX	Menkalinan     	 1.1336	 1.1166	 2419.3	 2346.2	 0.315967	 0.234180	 0.0000	 0.0000	 0.0866	 0.0806	13.4883	14.5104	PixelFly  	L1.5-	160x60	1.0369	0.1400	0.0600	20	0	 5	150	 200	200	     0
13/02/19 23:21:47	OTSX	Menkalinan     	 1.1078	 1.1166	 2452.0	 2349.7	 0.346882	 0.197386	 0.0000	 0.0000	 0.0819	 0.0893	14.2653	13.0960	PixelFly  	L1.5-	160x60	1.0369	0.1400	0.0600	20	0	 5	150	 200	200	     0
13/02/19 23:23:59	OTSX	Menkalinan     	 1.2420	 1.1243	 2477.3	 2302.9	 0.387638	 0.262895	 0.0000	 0.0000	 0.0766	 0.0752	15.2486	15.5532	PixelFly  	L1.5-	160x60	1.0369	0.1400	0.0600	20	0	 5	150	 200	200	     0
13/02/19 23:26:13	OTSX	Menkalinan     	 1.0165	 1.1243	 2400.4	 2304.2	 0.299400	 0.174154	 0.0000	 0.0000	 0.0895	 0.0963	13.0594	12.1481	PixelFly  	L1.5-	160x60	1.0369	0.1400	0.0600	20	0	 5	150	 200	200	     0
13/02/19 23:28:25	OTSX	Menkalinan     	 1.2526	 1.1324	 2356.3	 2273.4	 0.354573	 0.297236	 0.0000	 0.0000	 0.0808	 0.0699	14.4543	16.7421	PixelFly  	L1.5-	160x60	1.0369	0.1400	0.0600	20	0	 5	150	 200	200	     0
13/02/19 23:30:47	OTSX	Menkalinan     	 1.3128	 1.1324	 2336.8	 2311.3	 0.475761	 0.260099	 0.0000	 0.0000	 0.0678	 0.0757	17.2428	15.4537	PixelFly  	L1.5-	160x60	1.0369	0.1400	0.0600	20	0	 5	150	 200	200	     0
13/02/19 23:33:28	OTSX	Menkalinan     	 1.1865	 1.1409	 2384.0	 2318.4	 0.357090	 0.252151	 0.0000	 0.0000	 0.0805	 0.0771	14.5158	15.1686	PixelFly  	L1.5-	160x60	1.0369	0.1400	0.0600	20	0	 5	150	 200	200	     0
13/02/19 23:35:46	OTSX	Menkalinan     	 1.2208	 1.1409	 2419.2	 2297.0	 0.390559	 0.253724	 0.0000	 0.0000	 0.0763	 0.0768	15.3174	15.2253	PixelFly  	L1.5-	160x60	1.0369	0.1400	0.0600	20	0	 5	150	 200	200	     0
13/02/19 23:38:12	OTSX	Menkalinan     	 1.2103	 1.1499	 2341.4	 2291.8	 0.376704	 0.259589	 0.0000	 0.0000	 0.0779	 0.0758	14.9890	15.4355	PixelFly  	L1.5-	160x60	1.0369	0.1400	0.0600	20	0	 5	150	 200	200	     0
13/02/19 23:40:33	OTSX	Menkalinan     	 1.5751	 1.1499	 2303.6	 2342.0	 0.598472	 0.393293	 0.0000	 0.0000	 0.0590	 0.0590	19.7879	19.8052	PixelFly  	L1.5-	160x60	1.0369	0.1400	0.0600	20	0	 5	150	 200	200	     0
13/02/19 23:42:58	OTSX	Menkalinan     	 1.2681	 1.1594	 2346.9	 2317.3	 0.337113	 0.335714	 0.0000	 0.0000	 0.0833	 0.0649	14.0229	18.0107	PixelFly  	L1.5-	160x60	1.0369	0.1400	0.0600	20	0	 5	150	 200	200	     0
13/02/19 23:45:20	OTSX	Menkalinan     	 1.2213	 1.1594	 2365.3	 2226.0	 0.338592	 0.298712	 0.0000	 0.0000	 0.0831	 0.0696	14.0598	16.7919	PixelFly  	L1.5-	160x60	1.0369	0.1400	0.0600	20	0	 5	150	 200	200	     0
13/02/19 23:47:45	OTSX	Menkalinan     	 1.2136	 1.1694	 2257.7	 2285.8	 0.410846	 0.248251	 0.0000	 0.0000	 0.0740	 0.0778	15.7900	15.0274	PixelFly  	L1.5-	160x60	1.0369	0.1400	0.0600	20	0	 5	150	 200	200	     0
13/02/19 23:50:08	OTSX	Menkalinan     	 1.1275	 1.1694	 2281.0	 2402.0	 0.338603	 0.235782	 0.0000	 0.0000	 0.0831	 0.0803	14.0601	14.5699	PixelFly  	L1.5-	160x60	1.0369	0.1400	0.0600	20	0	 5	150	 200	200	     0
13/02/19 23:52:42	OTSX	Menkalinan     	 1.1028	 1.1694	 2286.0	 2303.9	 0.276410	 0.262930	 0.0000	 0.0000	 0.0939	 0.0752	12.4482	15.5544	PixelFly  	L1.5-	160x60	1.0369	0.1400	0.0600	20	0	 5	150	 200	200	     0
13/02/19 23:57:19	OTSX	Regulus        	 1.2598	 1.1486	 4276.6	 4044.3	 0.399997	 0.278682	 0.0000	 0.0000	 0.0752	 0.0726	15.5384	16.1070	PixelFly  	L1.5-	160x60	1.0369	0.1400	0.0600	20	0	 5	150	 200	200	     0
13/02/19 23:59:13	OTSX	Regulus        	 1.2912	 1.1486	 4223.3	 4180.7	 0.373474	 0.320689	 0.0000	 0.0000	 0.0784	 0.0667	14.9118	17.5226	PixelFly  	L1.5-	160x60	1.0369	0.1400	0.0600	20	0	 5	150	 200	200	     0
14/02/19 00:01:04	OTSX	Regulus        	 1.1254	 1.1486	 4303.6	 4190.8	 0.356140	 0.214772	 0.0000	 0.0000	 0.0806	 0.0849	14.4926	13.7764	PixelFly  	L1.5-	160x60	1.0369	0.1400	0.0600	20	0	 5	150	 200	200	     0
14/02/19 00:02:55	OTSX	Regulus        	 1.3407	 1.1379	 4285.7	 4140.1	 0.498218	 0.268823	 0.0000	 0.0000	 0.0659	 0.0742	17.7266	15.7626	PixelFly  	L1.5-	160x60	1.0369	0.1400	0.0600	20	0	 5	150	 200	200	     0
14/02/19 00:04:39	OTSX	Regulus        	 1.2916	 1.1379	 4282.2	 4121.4	 0.478707	 0.246290	 0.0000	 0.0000	 0.0675	 0.0782	17.3067	14.9561	PixelFly  	L1.5-	160x60	1.0369	0.1400	0.0600	20	0	 5	150	 200	200	     0
14/02/19 00:06:30	OTSX	Regulus        	 1.2445	 1.1379	 4448.1	 4177.1	 0.371824	 0.281794	 0.0000	 0.0000	 0.0786	 0.0721	14.8722	16.2147	PixelFly  	L1.5-	160x60	1.0369	0.1400	0.0600	20	0	 5	150	 200	200	     0
14/02/19 00:08:19	OTSX	Regulus        	 1.1153	 1.1280	 4387.9	 4127.6	 0.289601	 0.245051	 0.0000	 0.0000	 0.0913	 0.0784	12.8013	14.9109	PixelFly  	L1.5-	160x60	1.0369	0.1400	0.0600	20	0	 5	150	 200	200	     0
14/02/19 00:10:19	OTSX	Regulus        	 1.0935	 1.1280	 4342.4	 4110.9	 0.366225	 0.181022	 0.0000	 0.0000	 0.0793	 0.0941	14.7374	12.4334	PixelFly  	L1.5-	160x60	1.0369	0.1400	0.0600	20	0	 5	150	 200	200	     0
14/02/19 00:12:10	OTSX	Regulus        	 1.3554	 1.1186	 4553.8	 4106.3	 0.432987	 0.311413	 0.0000	 0.0000	 0.0717	 0.0679	16.2951	17.2168	PixelFly  	L1.5-	160x60	1.0369	0.1400	0.0600	20	0	 5	150	 200	200	     0
14/02/19 00:14:02	OTSX	Regulus        	 1.0769	 1.1186	 4300.5	 4159.8	 0.323040	 0.193924	 0.0000	 0.0000	 0.0855	 0.0903	13.6687	12.9577	PixelFly  	L1.5-	160x60	1.0369	0.1400	0.0600	20	0	 5	150	 200	200	     0
14/02/19 00:16:00	OTSX	Regulus        	 1.0748	 1.1186	 4352.7	 4165.4	 0.316880	 0.196516	 0.0000	 0.0000	 0.0865	 0.0895	13.5117	13.0613	PixelFly  	L1.5-	160x60	1.0369	0.1400	0.0600	20	0	 5	150	 200	200	     0
14/02/19 00:18:37	OTSX	Regulus        	 1.0880	 1.1099	 4420.7	 4200.4	 0.323963	 0.197038	 0.0000	 0.0000	 0.0853	 0.0894	13.6921	13.0822	PixelFly  	L1.5-	160x60	1.0369	0.1400	0.0600	20	0	 5	150	 200	200	     0
14/02/19 00:20:33	OTSX	Regulus        	 1.1801	 1.1099	 4338.3	 4085.0	 0.302027	 0.273132	 0.0000	 0.0000	 0.0890	 0.0735	13.1281	15.9138	PixelFly  	L1.5-	160x60	1.0369	0.1400	0.0600	20	0	 5	150	 200	200	     0
14/02/19 00:30:38	OTSX	Regulus        	 1.2979	 1.0943	 4344.8	 4159.8	 0.391695	 0.284995	 0.0000	 0.0000	 0.0761	 0.0716	15.3441	16.3249	PixelFly  	L1.5-	160x60	1.0369	0.1400	0.0600	20	0	 5	150	 200	200	     0
14/02/19 00:32:16	OTSX	Regulus        	 1.4137	 1.0874	 4481.3	 4166.3	 0.457077	 0.320916	 0.0000	 0.0000	 0.0694	 0.0667	16.8332	17.5301	PixelFly  	L1.5-	160x60	1.0369	0.1400	0.0600	20	0	 5	150	 200	200	     0
14/02/19 00:33:57	OTSX	Regulus        	 1.2988	 1.0874	 4376.3	 4083.9	 0.429855	 0.257120	 0.0000	 0.0000	 0.0720	 0.0762	16.2243	15.3473	PixelFly  	L1.5-	160x60	1.0369	0.1400	0.0600	20	0	 5	150	 200	200	     0
14/02/19 00:35:30	OTSX	Regulus        	 1.4277	 1.0874	 4436.9	 4052.7	 0.515548	 0.293375	 0.0000	 0.0000	 0.0646	 0.0704	18.0940	16.6113	PixelFly  	L1.5-	160x60	1.0369	0.1400	0.0600	20	0	 5	150	 200	200	     0
14/02/19 00:37:07	OTSX	Regulus        	 1.2796	 1.0810	 4235.8	 4320.0	 0.396041	 0.262780	 0.0000	 0.0000	 0.0756	 0.0752	15.4461	15.5491	PixelFly  	L1.5-	160x60	1.0369	0.1400	0.0600	20	0	 5	150	 200	200	     0
14/02/19 00:38:44	OTSX	Regulus        	 1.4114	 1.0810	 4280.2	 4047.2	 0.456268	 0.316094	 0.0000	 0.0000	 0.0695	 0.0673	16.8153	17.3716	PixelFly  	L1.5-	160x60	1.0369	0.1400	0.0600	20	0	 5	150	 200	200	     0
14/02/19 00:47:24	OTSX	Regulus        	 1.1524	 1.0751	 4380.4	 4180.9	 0.308751	 0.234415	 0.0000	 0.0000	 0.0878	 0.0805	13.3026	14.5191	PixelFly  	L1.5-	160x60	1.0369	0.1400	0.0600	20	0	 5	150	 200	200	     0
14/02/19 00:48:58	OTSX	Regulus        	 1.0608	 1.0698	 4494.2	 4183.8	 0.310275	 0.175202	 0.0000	 0.0000	 0.0876	 0.0959	13.3420	12.1919	PixelFly  	L1.5-	160x60	1.0369	0.1400	0.0600	20	0	 5	150	 200	200	     0
14/02/19 00:50:38	OTSX	Regulus        	 1.0398	 1.0698	 4477.8	 4264.5	 0.254630	 0.199478	 0.0000	 0.0000	 0.0986	 0.0887	11.8500	13.1791	PixelFly  	L1.5-	160x60	1.0369	0.1400	0.0600	20	0	 5	150	 200	200	     0
14/02/19 00:52:27	OTSX	Regulus        	 1.0734	 1.0649	 4439.0	 4152.6	 0.312301	 0.179574	 0.0000	 0.0000	 0.0872	 0.0945	13.3942	12.3736	PixelFly  	L1.5-	160x60	1.0369	0.1400	0.0600	20	0	 5	150	 200	200	     0
14/02/19 00:54:07	OTSX	Regulus        	 1.1231	 1.0649	 4375.6	 4207.7	 0.352850	 0.183787	 0.0000	 0.0000	 0.0811	 0.0932	14.4121	12.5470	PixelFly  	L1.5-	160x60	1.0369	0.1400	0.0600	20	0	 5	150	 200	200	     0
14/02/19 00:55:50	OTSX	Regulus        	 1.0844	 1.0649	 4495.4	 4152.4	 0.301683	 0.192795	 0.0000	 0.0000	 0.0891	 0.0906	13.1191	12.9124	PixelFly  	L1.5-	160x60	1.0369	0.1400	0.0600	20	0	 5	150	 200	200	     0
14/02/19 00:57:29	OTSX	Regulus        	 1.3023	 1.0606	 4532.8	 4162.8	 0.388571	 0.273184	 0.0000	 0.0000	 0.0765	 0.0735	15.2706	15.9156	PixelFly  	L1.5-	160x60	1.0369	0.1400	0.0600	20	0	 5	150	 200	200	     0
14/02/19 00:59:07	OTSX	Regulus        	 1.1080	 1.0606	 4370.4	 4174.6	 0.319705	 0.193708	 0.0000	 0.0000	 0.0860	 0.0903	13.5838	12.9490	PixelFly  	L1.5-	160x60	1.0369	0.1400	0.0600	20	0	 5	150	 200	200	     0
14/02/19 01:00:46	OTSX	Regulus        	 1.0505	 1.0606	 4433.9	 4182.1	 0.256678	 0.201215	 0.0000	 0.0000	 0.0981	 0.0883	11.9071	13.2479	PixelFly  	L1.5-	160x60	1.0369	0.1400	0.0600	20	0	 5	150	 200	200	     0
14/02/19 01:02:18	OTSX	Regulus        	 1.2779	 1.0567	 4358.3	 4178.9	 0.377938	 0.261852	 0.0000	 0.0000	 0.0778	 0.0754	15.0185	15.5161	PixelFly  	L1.5-	160x60	1.0369	0.1400	0.0600	20	0	 5	150	 200	200	     0
14/02/19 01:03:59	OTSX	Regulus        	 1.0729	 1.0567	 4415.9	 4090.8	 0.298129	 0.185302	 0.0000	 0.0000	 0.0897	 0.0927	13.0262	12.6089	PixelFly  	L1.5-	160x60	1.0369	0.1400	0.0600	20	0	 5	150	 200	200	     0
14/02/19 01:05:47	OTSX	Regulus        	 1.1814	 1.0567	 4319.8	 4178.1	 0.330129	 0.230681	 0.0000	 0.0000	 0.0844	 0.0813	13.8479	14.3799	PixelFly  	L1.5-	160x60	1.0369	0.1400	0.0600	20	0	 5	150	 200	200	     0
14/02/19 01:10:27	OTSX	Pollux         	 1.2243	 1.0932	 4847.7	 4804.9	 0.375701	 0.244481	 0.0000	 0.0000	 0.0781	 0.0785	14.9651	14.8901	PixelFly  	L1.5-	160x60	1.0369	0.1400	0.0600	20	0	 5	150	 200	200	     0
14/02/19 01:12:32	OTSX	Pollux         	 0.9449	 1.1027	 4921.6	 4730.5	 0.233181	 0.168740	 0.0000	 0.0000	 0.1039	 0.0981	11.2406	11.9201	PixelFly  	L1.5-	160x60	1.0369	0.1400	0.0600	20	0	 5	150	 200	200	     0
14/02/19 01:14:19	OTSX	Pollux         	 1.2615	 1.1027	 4963.2	 4669.2	 0.373364	 0.275955	 0.0000	 0.0000	 0.0784	 0.0730	14.9091	16.0123	PixelFly  	L1.5-	160x60	1.0369	0.1400	0.0600	20	0	 5	150	 200	200	     0
14/02/19 01:15:53	OTSX	Pollux         	 1.0303	 1.1027	 4854.2	 4708.1	 0.244938	 0.212228	 0.0000	 0.0000	 0.1009	 0.0855	11.5773	13.6783	PixelFly  	L1.5-	160x60	1.0369	0.1400	0.0600	20	0	 5	150	 200	200	     0
14/02/19 01:17:33	OTSX	Pollux         	 1.1929	 1.1128	 4897.9	 4662.6	 0.361826	 0.241199	 0.0000	 0.0000	 0.0799	 0.0792	14.6310	14.7698	PixelFly  	L1.5-	160x60	1.0369	0.1400	0.0600	20	0	 5	150	 200	200	     0
14/02/19 01:19:11	OTSX	Pollux         	 0.9944	 1.1128	 4888.8	 4833.0	 0.264499	 0.179853	 0.0000	 0.0000	 0.0964	 0.0944	12.1235	12.3851	PixelFly  	L1.5-	160x60	1.0369	0.1400	0.0600	20	0	 5	150	 200	200	     0
14/02/19 01:20:55	OTSX	Pollux         	 1.1885	 1.1128	 4925.6	 4670.1	 0.376237	 0.228970	 0.0000	 0.0000	 0.0780	 0.0817	14.9779	14.3158	PixelFly  	L1.5-	160x60	1.0369	0.1400	0.0600	20	0	 5	150	 200	200	     0
14/02/19 01:22:34	OTSX	Pollux         	 1.0943	 1.1235	 4940.8	 4708.7	 0.319726	 0.208754	 0.0000	 0.0000	 0.0860	 0.0863	13.5844	13.5435	PixelFly  	L1.5-	160x60	1.0369	0.1400	0.0600	20	0	 5	150	 200	200	     0
14/02/19 01:24:15	OTSX	Pollux         	 1.1792	 1.1235	 4971.3	 4645.1	 0.328378	 0.259347	 0.0000	 0.0000	 0.0846	 0.0758	13.8038	15.4269	PixelFly  	L1.5-	160x60	1.0369	0.1400	0.0600	20	0	 5	150	 200	200	     0
14/02/19 01:25:56	OTSX	Pollux         	 1.1826	 1.1235	 4785.2	 4602.7	 0.367003	 0.235513	 0.0000	 0.0000	 0.0792	 0.0803	14.7562	14.5599	PixelFly  	L1.5-	160x60	1.0369	0.1400	0.0600	20	0	 5	150	 200	200	     0
14/02/19 01:27:34	OTSX	Pollux         	 1.1256	 1.1348	 4826.0	 4566.8	 0.332845	 0.224701	 0.0000	 0.0000	 0.0840	 0.0826	13.9161	14.1551	PixelFly  	L1.5-	160x60	1.0369	0.1400	0.0600	20	0	 5	150	 200	200	     0
14/02/19 01:29:12	OTSX	Pollux         	 1.3091	 1.1348	 4890.3	 4679.8	 0.405987	 0.304010	 0.0000	 0.0000	 0.0745	 0.0689	15.6776	16.9700	PixelFly  	L1.5-	160x60	1.0369	0.1400	0.0600	20	0	 5	150	 200	200	     0
14/02/19 01:30:58	OTSX	Pollux         	 1.4551	 1.1348	 4818.1	 4671.5	 0.470446	 0.372201	 0.0000	 0.0000	 0.0682	 0.0610	17.1269	19.1609	PixelFly  	L1.5-	160x60	1.0369	0.1400	0.0600	20	0	 5	150	 200	200	     0
14/02/19 01:32:37	OTSX	Pollux         	 1.1855	 1.1468	 4885.0	 4656.7	 0.352355	 0.257239	 0.0000	 0.0000	 0.0811	 0.0762	14.4000	15.3515	PixelFly  	L1.5-	160x60	1.0369	0.1400	0.0600	20	0	 5	150	 200	200	     0
14/02/19 01:34:17	OTSX	Pollux         	 1.1514	 1.1468	 4786.6	 4719.8	 0.353443	 0.233070	 0.0000	 0.0000	 0.0810	 0.0808	14.4266	14.4691	PixelFly  	L1.5-	160x60	1.0369	0.1400	0.0600	20	0	 5	150	 200	200	     0
14/02/19 01:36:06	OTSX	Pollux         	 1.1198	 1.1468	 4753.9	 4803.3	 0.301786	 0.246999	 0.0000	 0.0000	 0.0890	 0.0781	13.1218	14.9819	PixelFly  	L1.5-	160x60	1.0369	0.1400	0.0600	20	0	 5	150	 200	200	     0
14/02/19 01:37:53	OTSX	Pollux         	 1.2301	 1.1594	 4829.4	 4548.9	 0.346339	 0.299625	 0.0000	 0.0000	 0.0820	 0.0695	14.2519	16.8227	PixelFly  	L1.5-	160x60	1.0369	0.1400	0.0600	20	0	 5	150	 200	200	     0
14/02/19 01:39:32	OTSX	Pollux         	 1.2676	 1.1594	 4751.7	 4618.1	 0.414620	 0.279767	 0.0000	 0.0000	 0.0736	 0.0724	15.8768	16.1446	PixelFly  	L1.5-	160x60	1.0369	0.1400	0.0600	20	0	 5	150	 200	200	     0
14/02/19 01:41:15	OTSX	Pollux         	 1.0366	 1.1594	 4902.8	 4828.6	 0.324981	 0.181876	 0.0000	 0.0000	 0.0852	 0.0938	13.7179	12.4685	PixelFly  	L1.5-	160x60	1.0369	0.1400	0.0600	20	0	 5	150	 200	200	     0
14/02/19 01:43:02	OTSX	Pollux         	 1.0467	 1.1728	 4844.5	 4803.2	 0.348924	 0.177995	 0.0000	 0.0000	 0.0816	 0.0950	14.3157	12.3082	PixelFly  	L1.5-	160x60	1.0369	0.1400	0.0600	20	0	 5	150	 200	200	     0
14/02/19 01:44:49	OTSX	Pollux         	 1.2908	 1.1728	 4790.4	 4661.3	 0.397872	 0.315280	 0.0000	 0.0000	 0.0754	 0.0674	15.4889	17.3447	PixelFly  	L1.5-	160x60	1.0369	0.1400	0.0600	20	0	 5	150	 200	200	     0
14/02/19 01:46:37	OTSX	Pollux         	 1.1618	 1.1728	 4842.7	 4670.9	 0.362883	 0.244584	 0.0000	 0.0000	 0.0797	 0.0785	14.6566	14.8938	PixelFly  	L1.5-	160x60	1.0369	0.1400	0.0600	20	0	 5	150	 200	200	     0
14/02/19 01:53:22	OTSX	Denebola       	 1.4417	 1.1038	 1858.1	 1823.3	 0.426833	 0.373619	 0.0000	 0.0000	 0.0723	 0.0609	16.1558	19.2047	PixelFly  	L1.5-	160x60	1.0369	0.1400	0.0600	20	0	 5	150	 200	200	     0
14/02/19 01:55:19	OTSX	Denebola       	 1.2197	 1.1038	 1844.4	 1804.0	 0.338173	 0.271766	 0.0000	 0.0000	 0.0832	 0.0737	14.0494	15.8660	PixelFly  	L1.5-	160x60	1.0369	0.1400	0.0600	20	0	 5	150	 200	200	     0
14/02/19 01:57:16	OTSX	Denebola       	 1.1900	 1.0954	 1856.9	 1876.8	 0.380329	 0.220042	 0.0000	 0.0000	 0.0775	 0.0837	15.0754	13.9783	PixelFly  	L1.5-	160x60	1.0369	0.1400	0.0600	20	0	 5	150	 200	200	     0
14/02/19 01:59:19	OTSX	Denebola       	 1.1182	 1.0954	 1871.0	 1880.0	 0.324791	 0.209887	 0.0000	 0.0000	 0.0852	 0.0861	13.7131	13.5876	PixelFly  	L1.5-	160x60	1.0369	0.1400	0.0600	20	0	 5	150	 200	200	     0
14/02/19 02:01:23	OTSX	Denebola       	 1.0043	 1.0954	 1861.0	 1840.3	 0.266471	 0.178817	 0.0000	 0.0000	 0.0959	 0.0948	12.1777	12.3422	PixelFly  	L1.5-	160x60	1.0369	0.1400	0.0600	20	0	 5	150	 200	200	     0
14/02/19 02:03:24	OTSX	Denebola       	 1.2342	 1.0875	 1855.9	 1812.5	 0.371105	 0.251587	 0.0000	 0.0000	 0.0787	 0.0772	14.8550	15.1482	PixelFly  	L1.5-	160x60	1.0369	0.1400	0.0600	20	0	 5	150	 200	200	     0
14/02/19 02:05:54	OTSX	Denebola       	 1.1565	 1.0875	 1855.1	 1809.0	 0.325332	 0.230899	 0.0000	 0.0000	 0.0851	 0.0813	13.7268	14.3881	PixelFly  	L1.5-	160x60	1.0369	0.1400	0.0600	20	0	 5	150	 200	200	     0
14/02/19 02:07:47	OTSX	Denebola       	 1.1562	 1.0802	 1849.6	 1825.2	 0.339032	 0.218603	 0.0000	 0.0000	 0.0830	 0.0840	14.0708	13.9233	PixelFly  	L1.5-	160x60	1.0369	0.1400	0.0600	20	0	 5	150	 200	200	     0
14/02/19 02:09:48	OTSX	Denebola       	 1.3352	 1.0802	 1882.9	 1844.1	 0.393654	 0.303063	 0.0000	 0.0000	 0.0759	 0.0690	15.3901	16.9383	PixelFly  	L1.5-	160x60	1.0369	0.1400	0.0600	20	0	 5	150	 200	200	     0
14/02/19 02:11:53	OTSX	Denebola       	 1.3196	 1.0802	 1891.4	 1857.7	 0.365604	 0.311767	 0.0000	 0.0000	 0.0794	 0.0679	14.7225	17.2285	PixelFly  	L1.5-	160x60	1.0369	0.1400	0.0600	20	0	 5	150	 200	200	     0
14/02/19 02:14:25	OTSX	Denebola       	 1.4605	 1.0735	 1815.8	 1844.5	 0.480343	 0.331914	 0.0000	 0.0000	 0.0674	 0.0654	17.3422	17.8881	PixelFly  	L1.5-	160x60	1.0369	0.1400	0.0600	20	0	 5	150	 200	200	     0
14/02/19 02:16:25	OTSX	Denebola       	 1.3363	 1.0735	 1865.3	 1894.7	 0.423847	 0.279811	 0.0000	 0.0000	 0.0726	 0.0724	16.0879	16.1461	PixelFly  	L1.5-	160x60	1.0369	0.1400	0.0600	20	0	 5	150	 200	200	     0
14/02/19 02:18:40	OTSX	Denebola       	 1.4313	 1.0673	 1881.4	 1819.7	 0.545578	 0.266656	 0.0000	 0.0000	 0.0624	 0.0746	18.7192	15.6863	PixelFly  	L1.5-	160x60	1.0369	0.1400	0.0600	20	0	 5	150	 200	200	     0
14/02/19 02:20:45	OTSX	Denebola       	 1.3564	 1.0673	 1838.3	 1798.5	 0.421594	 0.292124	 0.0000	 0.0000	 0.0729	 0.0706	16.0365	16.5687	PixelFly  	L1.5-	160x60	1.0369	0.1400	0.0600	20	0	 5	150	 200	200	     0
14/02/19 02:22:52	OTSX	Denebola       	 1.6526	 1.0616	 1828.5	 1821.1	 0.624761	 0.376455	 0.0000	 0.0000	 0.0575	 0.0606	20.3049	19.2920	PixelFly  	L1.5-	160x60	1.0369	0.1400	0.0600	20	0	 5	150	 200	200	     0
14/02/19 02:24:54	OTSX	Denebola       	 1.3570	 1.0616	 1914.4	 1858.6	 0.395973	 0.306993	 0.0000	 0.0000	 0.0756	 0.0685	15.4445	17.0697	PixelFly  	L1.5-	160x60	1.0369	0.1400	0.0600	20	0	 5	150	 200	200	     0
14/02/19 02:26:53	OTSX	Denebola       	 1.3193	 1.0616	 1849.8	 1843.5	 0.396789	 0.279834	 0.0000	 0.0000	 0.0756	 0.0724	15.4636	16.1469	PixelFly  	L1.5-	160x60	1.0369	0.1400	0.0600	20	0	 5	150	 200	200	     0
14/02/19 02:29:42	OTSX	Denebola       	 1.3794	 1.0564	 1858.9	 1799.4	 0.468055	 0.272120	 0.0000	 0.0000	 0.0684	 0.0737	17.0746	15.8784	PixelFly  	L1.5-	160x60	1.0369	0.1400	0.0600	20	0	 5	150	 200	200	     0
14/02/19 02:31:39	OTSX	Denebola       	 1.2434	 1.0564	 1874.2	 1866.5	 0.350468	 0.257220	 0.0000	 0.0000	 0.0814	 0.0762	14.3536	15.3509	PixelFly  	L1.5-	160x60	1.0369	0.1400	0.0600	20	0	 5	150	 200	200	     0
14/02/19 02:33:36	OTSX	Denebola       	 1.1631	 1.0517	 1929.0	 1852.5	 0.342165	 0.209252	 0.0000	 0.0000	 0.0826	 0.0862	14.1486	13.5629	PixelFly  	L1.5-	160x60	1.0369	0.1400	0.0600	20	0	 5	150	 200	200	     0
14/02/19 02:35:31	OTSX	Denebola       	 1.4263	 1.0517	 1818.4	 1828.1	 0.455704	 0.310314	 0.0000	 0.0000	 0.0695	 0.0681	16.8028	17.1803	PixelFly  	L1.5-	160x60	1.0369	0.1400	0.0600	20	0	 5	150	 200	200	     0
14/02/19 02:37:29	OTSX	Denebola       	 1.7041	 1.0475	 1812.5	 1758.9	 0.680064	 0.371502	 0.0000	 0.0000	 0.0547	 0.0611	21.3650	19.1393	PixelFly  	L1.5-	160x60	1.0369	0.1400	0.0600	20	0	 5	150	 200	200	     0
14/02/19 02:39:26	OTSX	Denebola       	 1.5249	 1.0475	 1868.9	 1810.4	 0.516996	 0.339143	 0.0000	 0.0000	 0.0645	 0.0645	18.1245	18.1209	PixelFly  	L1.5-	160x60	1.0369	0.1400	0.0600	20	0	 5	150	 200	200	     0
14/02/19 02:41:35	OTSX	Denebola       	 1.2939	 1.0475	 1882.1	 1904.7	 0.376563	 0.269012	 0.0000	 0.0000	 0.0780	 0.0742	14.9857	15.7693	PixelFly  	L1.5-	160x60	1.0369	0.1400	0.0600	20	0	 5	150	 200	200	     0
14/02/19 02:43:28	OTSX	Denebola       	 1.1221	 1.0437	 1870.3	 1878.0	 0.321429	 0.194600	 0.0000	 0.0000	 0.0857	 0.0901	13.6277	12.9848	PixelFly  	L1.5-	160x60	1.0369	0.1400	0.0600	20	0	 5	150	 200	200	     0
14/02/19 02:45:25	OTSX	Denebola       	 1.1212	 1.0437	 1878.2	 1856.6	 0.288229	 0.216090	 0.0000	 0.0000	 0.0915	 0.0846	12.7649	13.8271	PixelFly  	L1.5-	160x60	1.0369	0.1400	0.0600	20	0	 5	150	 200	200	     0
14/02/19 02:50:27	OTSX	Regulus        	 1.0444	 1.0823	 4280.4	 4066.0	 0.297522	 0.177931	 0.0000	 0.0000	 0.0898	 0.0950	13.0102	12.3055	PixelFly  	L1.5-	160x60	1.0369	0.1400	0.0600	20	0	 5	150	 200	200	     0
14/02/19 02:52:01	OTSX	Regulus        	 1.3098	 1.0888	 4251.1	 4155.2	 0.471582	 0.239631	 0.0000	 0.0000	 0.0681	 0.0795	17.1517	14.7121	PixelFly  	L1.5-	160x60	1.0369	0.1400	0.0600	20	0	 5	150	 200	200	     0
14/02/19 02:53:37	OTSX	Regulus        	 1.3874	 1.0888	 4411.5	 4203.8	 0.488534	 0.282252	 0.0000	 0.0000	 0.0667	 0.0721	17.5190	16.2305	PixelFly  	L1.5-	160x60	1.0369	0.1400	0.0600	20	0	 5	150	 200	200	     0
14/02/19 02:59:51	OTSX	Regulus        	 1.2858	 1.0959	 4403.4	 4164.9	 0.417742	 0.260091	 0.0000	 0.0000	 0.0733	 0.0757	15.9484	15.4534	PixelFly  	L1.5-	160x60	1.0369	0.1400	0.0600	20	0	 5	150	 200	200	     0
14/02/19 03:01:35	OTSX	Regulus        	 1.3097	 1.0959	 4260.2	 4162.1	 0.426480	 0.270945	 0.0000	 0.0000	 0.0724	 0.0738	16.1478	15.8372	PixelFly  	L1.5-	160x60	1.0369	0.1400	0.0600	20	0	 5	150	 200	200	     0
14/02/19 03:03:13	OTSX	Regulus        	 1.1735	 1.1035	 4249.6	 4079.3	 0.352022	 0.230826	 0.0000	 0.0000	 0.0812	 0.0813	14.3918	14.3854	PixelFly  	L1.5-	160x60	1.0369	0.1400	0.0600	20	0	 5	150	 200	200	     0
14/02/19 03:05:01	OTSX	Regulus        	 1.4939	 1.1035	 4371.5	 4148.5	 0.535881	 0.339026	 0.0000	 0.0000	 0.0631	 0.0645	18.5189	18.1171	PixelFly  	L1.5-	160x60	1.0369	0.1400	0.0600	20	0	 5	150	 200	200	     0
14/02/19 03:08:17	OTSX	Regulus        	 1.4444	 1.1035	 4302.8	 4297.5	 0.491920	 0.330074	 0.0000	 0.0000	 0.0664	 0.0656	17.5918	17.8286	PixelFly  	L1.5-	160x60	1.0369	0.1400	0.0600	20	0	 5	150	 200	200	     0
14/02/19 03:09:56	OTSX	Regulus        	 1.4911	 1.1117	 4396.3	 4134.3	 0.535744	 0.342056	 0.0000	 0.0000	 0.0631	 0.0642	18.5160	18.2141	PixelFly  	L1.5-	160x60	1.0369	0.1400	0.0600	20	0	 5	150	 200	200	     0
14/02/19 03:11:35	OTSX	Regulus        	 1.4038	 1.1117	 4272.9	 4129.2	 0.523647	 0.284706	 0.0000	 0.0000	 0.0640	 0.0717	18.2640	16.3150	PixelFly  	L1.5-	160x60	1.0369	0.1400	0.0600	20	0	 5	150	 200	200	     0
14/02/19 03:13:28	OTSX	Regulus        	 1.3763	 1.1205	 4459.1	 4181.5	 0.415370	 0.340663	 0.0000	 0.0000	 0.0735	 0.0644	15.8940	18.1696	PixelFly  	L1.5-	160x60	1.0369	0.1400	0.0600	20	0	 5	150	 200	200	     0
14/02/19 03:15:19	OTSX	Regulus        	 1.3296	 1.1205	 4337.7	 4039.1	 0.435956	 0.291464	 0.0000	 0.0000	 0.0714	 0.0707	16.3621	16.5463	PixelFly  	L1.5-	160x60	1.0369	0.1400	0.0600	20	0	 5	150	 200	200	     0
14/02/19 03:17:31	OTSX	Regulus        	 1.4400	 1.1300	 4231.5	 4114.4	 0.486719	 0.346006	 0.0000	 0.0000	 0.0668	 0.0638	17.4800	18.3400	PixelFly  	L1.5-	160x60	1.0369	0.1400	0.0600	20	0	 5	150	 200	200	     0
14/02/19 03:27:00	OTSX	Regulus        	 1.2570	 1.1401	 4340.6	 4109.6	 0.393521	 0.276998	 0.0000	 0.0000	 0.0759	 0.0729	15.3870	16.0485	PixelFly  	L1.5-	160x60	1.0369	0.1400	0.0600	20	0	 5	150	 200	200	     0
14/02/19 03:30:00	OTSX	Regulus        	 1.5454	 1.1509	 4396.3	 4071.2	 0.638261	 0.344761	 0.0000	 0.0000	 0.0568	 0.0639	20.5671	18.3004	PixelFly  	L1.5-	160x60	1.0369	0.1400	0.0600	20	0	 5	150	 200	200	     0
14/02/19 03:32:44	OTSX	Regulus        	 1.3254	 1.1509	 4190.2	 4230.0	 0.471001	 0.281200	 0.0000	 0.0000	 0.0682	 0.0722	17.1390	16.1942	PixelFly  	L1.5-	160x60	1.0369	0.1400	0.0600	20	0	 5	150	 200	200	     0
14/02/19 03:34:19	OTSX	Regulus        	 1.3150	 1.1624	 4340.4	 4073.0	 0.476028	 0.276177	 0.0000	 0.0000	 0.0677	 0.0730	17.2486	16.0200	PixelFly  	L1.5-	160x60	1.0369	0.1400	0.0600	20	0	 5	150	 200	200	     0
14/02/19 03:36:02	OTSX	Regulus        	 1.5016	 1.1624	 4238.9	 4099.4	 0.535514	 0.382540	 0.0000	 0.0000	 0.0631	 0.0600	18.5113	19.4785	PixelFly  	L1.5-	160x60	1.0369	0.1400	0.0600	20	0	 5	150	 200	200	     0
14/02/19 03:37:39	OTSX	Regulus        	 1.5578	 1.1746	 4326.9	 4050.6	 0.621666	 0.380475	 0.0000	 0.0000	 0.0577	 0.0602	20.2445	19.4153	PixelFly  	L1.5-	160x60	1.0369	0.1400	0.0600	20	0	 5	150	 200	200	     0
14/02/19 03:39:41	OTSX	Regulus        	 1.5250	 1.1746	 4254.2	 4067.9	 0.548901	 0.400977	 0.0000	 0.0000	 0.0622	 0.0584	18.7875	20.0365	PixelFly  	L1.5-	160x60	1.0369	0.1400	0.0600	20	0	 5	150	 200	200	     0
14/02/19 03:41:23	OTSX	Regulus        	 1.4435	 1.1746	 4330.2	 4044.7	 0.522225	 0.351589	 0.0000	 0.0000	 0.0641	 0.0632	18.2343	18.5170	PixelFly  	L1.5-	160x60	1.0369	0.1400	0.0600	20	0	 5	150	 200	200	     0
14/02/19 03:47:21	OTSX	Alkaid         	 1.8967	 1.1334	 2664.6	 2485.9	 0.816691	 0.520031	 0.0000	 0.0000	 0.0490	 0.0499	23.8456	23.4189	PixelFly  	L1.5-	160x60	1.0369	0.1400	0.0600	20	0	 5	150	 200	200	     0
14/02/19 03:53:31	OTSX	Arcturus       	 1.6668	 1.1333	16290.7	15906.9	 0.638721	 0.432192	 0.0000	 0.0000	 0.0568	 0.0558	20.5760	20.9583	PixelFly  	L1.5-	160x60	1.0369	0.1400	0.0600	20	0	 5	150	 200	200	     0
14/02/19 03:54:55	OTSX	Arcturus       	 1.7637	 1.1333	17183.5	15949.9	 0.674179	 0.493460	 0.0000	 0.0000	 0.0550	 0.0515	21.2539	22.6935	PixelFly  	L1.5-	160x60	1.0369	0.1400	0.0600	20	0	 5	150	 200	200	     0
14/02/19 03:56:25	OTSX	Arcturus       	 1.8693	 1.1333	16921.7	15809.3	 0.779169	 0.519223	 0.0000	 0.0000	 0.0504	 0.0500	23.1821	23.3971	PixelFly  	L1.5-	160x60	1.0369	0.1400	0.0600	20	0	 5	150	 200	200	     0
14/02/19 03:57:56	OTSX	Arcturus       	 1.8948	 1.1223	16473.7	15708.2	 0.859751	 0.480963	 0.0000	 0.0000	 0.0475	 0.0523	24.5922	22.3469	PixelFly  	L1.5-	160x60	1.0369	0.1400	0.0600	20	0	 5	150	 200	200	     0
14/02/19 03:59:46	OTSX	Arcturus       	 1.6306	 1.1223	17024.8	15400.5	 0.693558	 0.359797	 0.0000	 0.0000	 0.0540	 0.0623	21.6184	18.7752	PixelFly  	L1.5-	160x60	1.0369	0.1400	0.0600	20	0	 5	150	 200	200	     0
14/02/19 04:01:12	OTSX	Arcturus       	 1.3677	 1.1223	16231.4	15981.1	 0.459949	 0.304487	 0.0000	 0.0000	 0.0691	 0.0688	16.8966	16.9860	PixelFly  	L1.5-	160x60	1.0369	0.1400	0.0600	20	0	 5	150	 200	200	     0
14/02/19 04:02:36	OTSX	Arcturus       	 1.3592	 1.1119	16131.4	16033.5	 0.453014	 0.297154	 0.0000	 0.0000	 0.0698	 0.0699	16.7433	16.7394	PixelFly  	L1.5-	160x60	1.0369	0.1400	0.0600	20	0	 5	150	 200	200	     0
14/02/19 04:04:06	OTSX	Arcturus       	 1.4704	 1.1119	16937.2	15933.4	 0.476210	 0.366031	 0.0000	 0.0000	 0.0677	 0.0616	17.2525	18.9697	PixelFly  	L1.5-	160x60	1.0369	0.1400	0.0600	20	0	 5	150	 200	200	     0
14/02/19 04:05:28	OTSX	Arcturus       	 1.3540	 1.1119	16717.0	15969.1	 0.441101	 0.301241	 0.0000	 0.0000	 0.0709	 0.0693	16.4777	16.8771	PixelFly  	L1.5-	160x60	1.0369	0.1400	0.0600	20	0	 5	150	 200	200	     0
14/02/19 04:07:01	OTSX	Arcturus       	 1.4319	 1.1021	16778.5	16008.6	 0.448828	 0.349104	 0.0000	 0.0000	 0.0702	 0.0634	16.6503	18.4384	PixelFly  	L1.5-	160x60	1.0369	0.1400	0.0600	20	0	 5	150	 200	200	     0
14/02/19 04:08:57	OTSX	Arcturus       	 1.3486	 1.1021	16671.2	15808.7	 0.445358	 0.289360	 0.0000	 0.0000	 0.0705	 0.0710	16.5729	16.4745	PixelFly  	L1.5-	160x60	1.0369	0.1400	0.0600	20	0	 5	150	 200	200	     0
14/02/19 04:10:21	OTSX	Arcturus       	 1.5191	 1.1021	16866.8	15862.9	 0.591661	 0.322252	 0.0000	 0.0000	 0.0595	 0.0665	19.6525	17.5739	PixelFly  	L1.5-	160x60	1.0369	0.1400	0.0600	20	0	 5	150	 200	200	     0
14/02/19 04:11:43	OTSX	Arcturus       	 1.6635	 1.0930	16592.2	15801.6	 0.639495	 0.398725	 0.0000	 0.0000	 0.0567	 0.0586	20.5909	19.9689	PixelFly  	L1.5-	160x60	1.0369	0.1400	0.0600	20	0	 5	150	 200	200	     0
14/02/19 04:13:11	OTSX	Arcturus       	 1.3854	 1.0930	17090.3	16005.4	 0.462088	 0.300041	 0.0000	 0.0000	 0.0690	 0.0695	16.9437	16.8367	PixelFly  	L1.5-	160x60	1.0369	0.1400	0.0600	20	0	 5	150	 200	200	     0
14/02/19 04:14:36	OTSX	Arcturus       	 0.9695	 1.0930	17750.1	15874.1	 0.276417	 0.151866	 0.0000	 0.0000	 0.0939	 0.1045	12.4484	11.1899	PixelFly  	L1.5-	160x60	1.0369	0.1400	0.0600	20	0	 5	150	 200	200	     0
14/02/19 04:15:58	OTSX	Arcturus       	 1.3402	 1.0930	16751.5	15828.0	 0.451492	 0.274718	 0.0000	 0.0000	 0.0699	 0.0732	16.7095	15.9691	PixelFly  	L1.5-	160x60	1.0369	0.1400	0.0600	20	0	 5	150	 200	200	     0
14/02/19 04:17:30	OTSX	Arcturus       	 1.6017	 1.0844	16948.9	16238.4	 0.687717	 0.315792	 0.0000	 0.0000	 0.0543	 0.0674	21.5090	17.3616	PixelFly  	L1.5-	160x60	1.0369	0.1400	0.0600	20	0	 5	150	 200	200	     0
14/02/19 04:18:56	OTSX	Arcturus       	 1.6981	 1.0844	17316.7	16160.8	 0.569612	 0.468554	 0.0000	 0.0000	 0.0608	 0.0532	19.2097	21.9991	PixelFly  	L1.5-	160x60	1.0369	0.1400	0.0600	20	0	 5	150	 200	200	     0
14/02/19 04:20:20	OTSX	Arcturus       	 1.7609	 1.0844	16580.8	15645.7	 0.700691	 0.432978	 0.0000	 0.0000	 0.0537	 0.0557	21.7515	20.9811	PixelFly  	L1.5-	160x60	1.0369	0.1400	0.0600	20	0	 5	150	 200	200	     0
14/02/19 04:21:51	OTSX	Arcturus       	 1.6285	 1.0764	17011.7	15908.3	 0.557206	 0.412729	 0.0000	 0.0000	 0.0616	 0.0574	18.9576	20.3868	PixelFly  	L1.5-	160x60	1.0369	0.1400	0.0600	20	0	 5	150	 200	200	     0
14/02/19 04:23:15	OTSX	Arcturus       	 1.5008	 1.0764	16687.8	15610.8	 0.507121	 0.346097	 0.0000	 0.0000	 0.0652	 0.0638	17.9160	18.3429	PixelFly  	L1.5-	160x60	1.0369	0.1400	0.0600	20	0	 5	150	 200	200	     0
14/02/19 04:24:50	OTSX	Arcturus       	 1.6359	 1.0764	17460.1	16311.1	 0.561853	 0.415568	 0.0000	 0.0000	 0.0613	 0.0571	19.0523	20.4708	PixelFly  	L1.5-	160x60	1.0369	0.1400	0.0600	20	0	 5	150	 200	200	     0
14/02/19 04:26:48	OTSX	Arcturus       	 1.8092	 1.0764	16581.9	16377.5	 0.721149	 0.453769	 0.0000	 0.0000	 0.0528	 0.0542	22.1304	21.5799	PixelFly  	L1.5-	160x60	1.0369	0.1400	0.0600	20	0	 5	150	 200	200	     0
14/02/19 04:28:52	OTSX	Arcturus       	 2.0324	 1.0689	17180.8	15657.4	 0.890801	 0.533344	 0.0000	 0.0000	 0.0465	 0.0492	25.1213	23.7768	PixelFly  	L1.5-	160x60	1.0369	0.1400	0.0600	20	0	 5	150	 200	200	     0
14/02/19 04:30:17	OTSX	Arcturus       	 1.8320	 1.0689	16762.3	15995.5	 0.753772	 0.445749	 0.0000	 0.0000	 0.0514	 0.0548	22.7257	21.3503	PixelFly  	L1.5-	160x60	1.0369	0.1400	0.0600	20	0	 5	150	 200	200	     0
14/02/19 04:31:52	OTSX	Arcturus       	 1.5101	 1.0620	16582.9	16246.2	 0.494934	 0.352105	 0.0000	 0.0000	 0.0662	 0.0631	17.6564	18.5333	PixelFly  	L1.5-	160x60	1.0369	0.1400	0.0600	20	0	 5	150	 200	200	     0
14/02/19 04:33:18	OTSX	Arcturus       	 1.7634	 1.0620	17403.4	15867.5	 0.710816	 0.410469	 0.0000	 0.0000	 0.0533	 0.0576	21.9395	20.3197	PixelFly  	L1.5-	160x60	1.0369	0.1400	0.0600	20	0	 5	150	 200	200	     0
14/02/19 04:34:41	OTSX	Arcturus       	 1.9035	 1.0620	16889.6	15755.3	 0.710175	 0.530136	 0.0000	 0.0000	 0.0533	 0.0494	21.9277	23.6909	PixelFly  	L1.5-	160x60	1.0369	0.1400	0.0600	20	0	 5	150	 200	200	     0
14/02/19 04:36:10	OTSX	Arcturus       	 1.8182	 1.0620	17039.5	16129.2	 0.726843	 0.445298	 0.0000	 0.0000	 0.0525	 0.0548	22.2350	21.3373	PixelFly  	L1.5-	160x60	1.0369	0.1400	0.0600	20	0	 5	150	 200	200	     0
14/02/19 04:37:36	OTSX	Arcturus       	 1.7683	 1.0555	17078.5	15745.6	 0.583032	 0.495222	 0.0000	 0.0000	 0.0600	 0.0514	19.4800	22.7420	PixelFly  	L1.5-	160x60	1.0369	0.1400	0.0600	20	0	 5	150	 200	200	     0
14/02/19 04:39:10	OTSX	Arcturus       	 1.5685	 1.0555	17034.3	16009.9	 0.555791	 0.351822	 0.0000	 0.0000	 0.0617	 0.0631	18.9287	18.5244	PixelFly  	L1.5-	160x60	1.0369	0.1400	0.0600	20	0	 5	150	 200	200	     0
14/02/19 04:40:35	OTSX	Arcturus       	 1.5630	 1.0555	17058.1	16295.1	 0.493364	 0.389760	 0.0000	 0.0000	 0.0663	 0.0594	17.6228	19.6982	PixelFly  	L1.5-	160x60	1.0369	0.1400	0.0600	20	0	 5	150	 200	200	     0
14/02/19 04:41:58	OTSX	Arcturus       	 1.7267	 1.0496	17236.3	16176.7	 0.631976	 0.421477	 0.0000	 0.0000	 0.0571	 0.0566	20.4453	20.6449	PixelFly  	L1.5-	160x60	1.0369	0.1400	0.0600	20	0	 5	150	 200	200	     0
14/02/19 04:43:22	OTSX	Arcturus       	 1.5874	 1.0496	16614.8	15246.2	 0.544698	 0.369371	 0.0000	 0.0000	 0.0625	 0.0613	18.7011	19.0734	PixelFly  	L1.5-	160x60	1.0369	0.1400	0.0600	20	0	 5	150	 200	200	     0
14/02/19 04:44:47	OTSX	Arcturus       	 1.6874	 1.0496	16909.1	16032.2	 0.682585	 0.358771	 0.0000	 0.0000	 0.0546	 0.0624	21.4125	18.7430	PixelFly  	L1.5-	160x60	1.0369	0.1400	0.0600	20	0	 5	150	 200	200	     0
14/02/19 04:46:08	OTSX	Arcturus       	 1.5779	 1.0496	17129.1	15941.6	 0.551873	 0.357395	 0.0000	 0.0000	 0.0620	 0.0625	18.8485	18.6999	PixelFly  	L1.5-	160x60	1.0369	0.1400	0.0600	20	0	 5	150	 200	200	     0
14/02/19 04:47:31	OTSX	Arcturus       	 1.2819	 1.0441	16811.6	16128.8	 0.401577	 0.242970	 0.0000	 0.0000	 0.0750	 0.0788	15.5752	14.8348	PixelFly  	L1.5-	160x60	1.0369	0.1400	0.0600	20	0	 5	150	 200	200	     0
14/02/19 04:48:56	OTSX	Arcturus       	 1.4466	 1.0441	17510.4	16218.1	 0.444284	 0.328207	 0.0000	 0.0000	 0.0706	 0.0658	16.5489	17.7680	PixelFly  	L1.5-	160x60	1.0369	0.1400	0.0600	20	0	 5	150	 200	200	     0
14/02/19 04:50:18	OTSX	Arcturus       	 1.4334	 1.0441	17042.8	15846.5	 0.506665	 0.278399	 0.0000	 0.0000	 0.0652	 0.0726	17.9063	16.0972	PixelFly  	L1.5-	160x60	1.0369	0.1400	0.0600	20	0	 5	150	 200	200	     0
14/02/19 04:51:46	OTSX	Arcturus       	 1.4777	 1.0391	16431.9	16609.6	 0.508371	 0.305257	 0.0000	 0.0000	 0.0651	 0.0687	17.9424	17.0117	PixelFly  	L1.5-	160x60	1.0369	0.1400	0.0600	20	0	 5	150	 200	200	     0
14/02/19 04:53:12	OTSX	Arcturus       	 1.6880	 1.0391	17360.8	15385.7	 0.568594	 0.424713	 0.0000	 0.0000	 0.0609	 0.0564	19.1891	20.7399	PixelFly  	L1.5-	160x60	1.0369	0.1400	0.0600	20	0	 5	150	 200	200	     0
14/02/19 04:54:42	OTSX	Arcturus       	 1.7217	 1.0391	17122.7	15916.1	 0.612407	 0.422087	 0.0000	 0.0000	 0.0582	 0.0566	20.0631	20.6629	PixelFly  	L1.5-	160x60	1.0369	0.1400	0.0600	20	0	 5	150	 200	200	     0
14/02/19 04:56:06	OTSX	Arcturus       	 1.7244	 1.0391	16561.5	15818.6	 0.626913	 0.414639	 0.0000	 0.0000	 0.0574	 0.0572	20.3469	20.4433	PixelFly  	L1.5-	160x60	1.0369	0.1400	0.0600	20	0	 5	150	 200	200	     0
14/02/19 04:57:27	OTSX	Arcturus       	 1.5217	 1.0346	16608.6	15717.4	 0.555913	 0.304003	 0.0000	 0.0000	 0.0617	 0.0689	18.9312	16.9698	PixelFly  	L1.5-	160x60	1.0369	0.1400	0.0600	20	0	 5	150	 200	200	     0
14/02/19 04:58:49	OTSX	Arcturus       	 1.7002	 1.0346	16936.3	15680.9	 0.581665	 0.422003	 0.0000	 0.0000	 0.0601	 0.0566	19.4526	20.6604	PixelFly  	L1.5-	160x60	1.0369	0.1400	0.0600	20	0	 5	150	 200	200	     0
14/02/19 05:00:15	OTSX	Arcturus       	 1.6561	 1.0346	17013.9	15815.4	 0.583430	 0.385952	 0.0000	 0.0000	 0.0600	 0.0597	19.4880	19.5826	PixelFly  	L1.5-	160x60	1.0369	0.1400	0.0600	20	0	 5	150	 200	200	     0
14/02/19 05:01:48	OTSX	Arcturus       	 1.6500	 1.0305	17209.4	15911.4	 0.613936	 0.358750	 0.0000	 0.0000	 0.0581	 0.0624	20.0931	18.7424	PixelFly  	L1.5-	160x60	1.0369	0.1400	0.0600	20	0	 5	150	 200	200	     0
14/02/19 05:03:30	OTSX	Arcturus       	 1.8533	 1.0305	17144.8	15959.6	 0.580153	 0.549174	 0.0000	 0.0000	 0.0602	 0.0483	19.4222	24.1978	PixelFly  	L1.5-	160x60	1.0369	0.1400	0.0600	20	0	 5	150	 200	200	     0
14/02/19 05:04:53	OTSX	Arcturus       	 1.8280	 1.0305	17304.6	15719.6	 0.735521	 0.420991	 0.0000	 0.0000	 0.0522	 0.0567	22.3939	20.6307	PixelFly  	L1.5-	160x60	1.0369	0.1400	0.0600	20	0	 5	150	 200	200	     0
14/02/19 05:06:18	OTSX	Arcturus       	 1.7620	 1.0305	17574.3	16106.6	 0.590560	 0.462919	 0.0000	 0.0000	 0.0595	 0.0535	19.6305	21.8400	PixelFly  	L1.5-	160x60	1.0369	0.1400	0.0600	20	0	 5	150	 200	200	     0
14/02/19 05:08:08	OTSX	Arcturus       	 1.7580	 1.0269	17134.9	15492.0	 0.716873	 0.374703	 0.0000	 0.0000	 0.0530	 0.0608	22.0515	19.2381	PixelFly  	L1.5-	160x60	1.0369	0.1400	0.0600	20	0	 5	150	 200	200	     0
14/02/19 05:09:32	OTSX	Arcturus       	 1.9024	 1.0269	17140.7	15827.4	 0.636580	 0.547236	 0.0000	 0.0000	 0.0569	 0.0484	20.5345	24.1465	PixelFly  	L1.5-	160x60	1.0369	0.1400	0.0600	20	0	 5	150	 200	200	     0
14/02/19 05:12:51	OTSX	Arcturus       	 1.7149	 1.0269	16649.3	15816.7	 0.538070	 0.458490	 0.0000	 0.0000	 0.0629	 0.0539	18.5642	21.7144	PixelFly  	L1.5-	160x60	1.0369	0.1400	0.0600	20	0	 5	150	 200	200	     0
14/02/19 05:17:44	OTSX	Alphecca       	 1.4966	 1.1078	 1746.5	 1702.4	 0.558078	 0.329565	 0.0000	 0.0000	 0.0616	 0.0657	18.9754	17.8121	PixelFly  	L1.5-	160x60	1.0369	0.1400	0.0600	20	0	 5	150	 200	200	     0
14/02/19 05:19:43	OTSX	Alphecca       	 1.4911	 1.0979	 1665.5	 1673.0	 0.516649	 0.345934	 0.0000	 0.0000	 0.0645	 0.0638	18.1172	18.3377	PixelFly  	L1.5-	160x60	1.0369	0.1400	0.0600	20	0	 5	150	 200	200	     0
14/02/19 05:21:42	OTSX	Alphecca       	 1.7053	 1.0979	 1686.1	 1724.1	 0.645995	 0.432806	 0.0000	 0.0000	 0.0564	 0.0558	20.7162	20.9761	PixelFly  	L1.5-	160x60	1.0369	0.1400	0.0600	20	0	 5	150	 200	200	     0
14/02/19 05:23:40	OTSX	Alphecca       	 1.5616	 1.0886	 1742.3	 1664.0	 0.585125	 0.349905	 0.0000	 0.0000	 0.0598	 0.0633	19.5219	18.4637	PixelFly  	L1.5-	160x60	1.0369	0.1400	0.0600	20	0	 5	150	 200	200	     0
14/02/19 05:25:46	OTSX	Alphecca       	 1.7865	 1.0886	 1673.7	 1661.6	 0.695311	 0.461649	 0.0000	 0.0000	 0.0540	 0.0536	21.6511	21.8040	PixelFly  	L1.5-	160x60	1.0369	0.1400	0.0600	20	0	 5	150	 200	200	     0
14/02/19 05:27:49	OTSX	Alphecca       	 1.4925	 1.0799	 1705.7	 1700.2	 0.601964	 0.283446	 0.0000	 0.0000	 0.0588	 0.0719	19.8571	16.2717	PixelFly  	L1.5-	160x60	1.0369	0.1400	0.0600	20	0	 5	150	 200	200	     0
14/02/19 05:29:50	OTSX	Alphecca       	 1.3706	 1.0799	 1716.9	 1699.3	 0.419471	 0.310646	 0.0000	 0.0000	 0.0731	 0.0680	15.9880	17.1913	PixelFly  	L1.5-	160x60	1.0369	0.1400	0.0600	20	0	 5	150	 200	200	     0
14/02/19 05:31:57	OTSX	Alphecca       	 1.8440	 1.0799	 1757.2	 1673.8	 0.743671	 0.471953	 0.0000	 0.0000	 0.0518	 0.0529	22.5425	22.0947	PixelFly  	L1.5-	160x60	1.0369	0.1400	0.0600	20	0	 5	150	 200	200	     0
14/02/19 05:33:53	OTSX	Alphecca       	 1.4656	 1.0717	 1780.8	 1709.3	 0.508486	 0.316079	 0.0000	 0.0000	 0.0651	 0.0673	17.9449	17.3711	PixelFly  	L1.5-	160x60	1.0369	0.1400	0.0600	20	0	 5	150	 200	200	     0
14/02/19 05:35:48	OTSX	Alphecca       	 1.2827	 1.0717	 1769.4	 1729.7	 0.379970	 0.271089	 0.0000	 0.0000	 0.0775	 0.0738	15.0669	15.8422	PixelFly  	L1.5-	160x60	1.0369	0.1400	0.0600	20	0	 5	150	 200	200	     0
14/02/19 05:39:19	OTSX	Alphecca       	 1.2125	 1.0640	 1749.2	 1753.0	 0.365961	 0.230133	 0.0000	 0.0000	 0.0793	 0.0814	14.7311	14.3594	PixelFly  	L1.5-	160x60	1.0369	0.1400	0.0600	20	0	 5	150	 200	200	     0
14/02/19 05:41:18	OTSX	Alphecca       	 1.1966	 1.0640	 1785.5	 1701.7	 0.362135	 0.222504	 0.0000	 0.0000	 0.0798	 0.0831	14.6385	14.0719	PixelFly  	L1.5-	160x60	1.0369	0.1400	0.0600	20	0	 5	150	 200	200	     0
14/02/19 05:43:14	OTSX	Alphecca       	 1.2356	 1.0568	 1770.1	 1717.5	 0.387015	 0.228328	 0.0000	 0.0000	 0.0767	 0.0818	15.2339	14.2917	PixelFly  	L1.5-	160x60	1.0369	0.1400	0.0600	20	0	 5	150	 200	200	     0
14/02/19 05:45:05	OTSX	Alphecca       	 1.2033	 1.0568	 1805.9	 1777.0	 0.360917	 0.224419	 0.0000	 0.0000	 0.0800	 0.0827	14.6089	14.1444	PixelFly  	L1.5-	160x60	1.0369	0.1400	0.0600	20	0	 5	150	 200	200	     0
14/02/19 05:47:04	OTSX	Alphecca       	 1.2362	 1.0568	 1796.6	 1760.2	 0.398749	 0.221367	 0.0000	 0.0000	 0.0753	 0.0834	15.5093	14.0287	PixelFly  	L1.5-	160x60	1.0369	0.1400	0.0600	20	0	 5	150	 200	200	     0
14/02/19 05:48:53	OTSX	Alphecca       	 1.3614	 1.0501	 1773.4	 1720.8	 0.470999	 0.254923	 0.0000	 0.0000	 0.0682	 0.0766	17.1390	15.2684	PixelFly  	L1.5-	160x60	1.0369	0.1400	0.0600	20	0	 5	150	 200	200	     0
14/02/19 05:50:54	OTSX	Alphecca       	 1.4943	 1.0501	 1811.8	 1695.0	 0.501511	 0.328352	 0.0000	 0.0000	 0.0657	 0.0658	17.7968	17.7727	PixelFly  	L1.5-	160x60	1.0369	0.1400	0.0600	20	0	 5	150	 200	200	     0
14/02/19 05:52:50	OTSX	Alphecca       	 1.3946	 1.0438	 1754.4	 1746.2	 0.439566	 0.294089	 0.0000	 0.0000	 0.0711	 0.0703	16.4433	16.6355	PixelFly  	L1.5-	160x60	1.0369	0.1400	0.0600	20	0	 5	150	 200	200	     0
14/02/19 05:54:51	OTSX	Alphecca       	 1.4244	 1.0438	 1793.3	 1712.2	 0.489545	 0.282675	 0.0000	 0.0000	 0.0666	 0.0720	17.5408	16.2451	PixelFly  	L1.5-	160x60	1.0369	0.1400	0.0600	20	0	 5	150	 200	200	     0
14/02/19 05:56:48	OTSX	Alphecca       	 1.2365	 1.0438	 1792.0	 1709.6	 0.361283	 0.239562	 0.0000	 0.0000	 0.0799	 0.0795	14.6178	14.7096	PixelFly  	L1.5-	160x60	1.0369	0.1400	0.0600	20	0	 5	150	 200	200	     0
14/02/19 05:58:49	OTSX	Alphecca       	 1.1027	 1.0380	 1785.1	 1748.3	 0.326127	 0.178315	 0.0000	 0.0000	 0.0850	 0.0949	13.7469	12.3215	PixelFly  	L1.5-	160x60	1.0369	0.1400	0.0600	20	0	 5	150	 200	200	     0
14/02/19 06:00:44	OTSX	Alphecca       	 1.0905	 1.0380	 1814.8	 1752.5	 0.274253	 0.204793	 0.0000	 0.0000	 0.0943	 0.0873	12.3898	13.3887	PixelFly  	L1.5-	160x60	1.0369	0.1400	0.0600	20	0	 5	150	 200	200	     0
14/02/19 06:02:50	OTSX	Alphecca       	 1.2019	 1.0327	 1790.9	 1747.7	 0.337687	 0.228193	 0.0000	 0.0000	 0.0832	 0.0819	14.0372	14.2867	PixelFly  	L1.5-	160x60	1.0369	0.1400	0.0600	20	0	 5	150	 200	200	     0
14/02/19 06:04:45	OTSX	Alphecca       	 1.2219	 1.0327	 1790.8	 1723.7	 0.367253	 0.221513	 0.0000	 0.0000	 0.0791	 0.0833	14.7623	14.0342	PixelFly  	L1.5-	160x60	1.0369	0.1400	0.0600	20	0	 5	150	 200	200	     0
14/02/19 06:07:14	OTSX	Alphecca       	 1.2424	 1.0327	 1780.2	 1749.9	 0.376269	 0.228554	 0.0000	 0.0000	 0.0780	 0.0818	14.9786	14.3002	PixelFly  	L1.5-	160x60	1.0369	0.1400	0.0600	20	0	 5	150	 200	200	     0
14/02/19 06:09:12	OTSX	Alphecca       	 1.3901	 1.0278	 1746.5	 1726.8	 0.390661	 0.315354	 0.0000	 0.0000	 0.0763	 0.0674	15.3198	17.3472	PixelFly  	L1.5-	160x60	1.0369	0.1400	0.0600	20	0	 5	150	 200	200	     0
14/02/19 06:11:20	OTSX	Alphecca       	 1.3678	 1.0278	 1707.9	 1730.0	 0.435114	 0.269861	 0.0000	 0.0000	 0.0715	 0.0740	16.3431	15.7991	PixelFly  	L1.5-	160x60	1.0369	0.1400	0.0600	20	0	 5	150	 200	200	     0
14/02/19 06:13:28	OTSX	Alphecca       	 1.4093	 1.0233	 1732.5	 1708.2	 0.422738	 0.303926	 0.0000	 0.0000	 0.0727	 0.0689	16.0626	16.9672	PixelFly  	L1.5-	160x60	1.0369	0.1400	0.0600	20	0	 5	150	 200	197	     0
14/02/19 06:15:27	OTSX	Alphecca       	 1.3584	 1.0233	 1801.7	 1702.6	 0.390323	 0.290864	 0.0000	 0.0000	 0.0763	 0.0708	15.3118	16.5258	PixelFly  	L1.5-	160x60	1.0369	0.1400	0.0600	20	0	 5	150	 200	200	     0
14/02/19 06:17:24	OTSX	Alphecca       	 1.4175	 1.0192	 1807.0	 1686.5	 0.404552	 0.320005	 0.0000	 0.0000	 0.0747	 0.0668	15.6444	17.5002	PixelFly  	L1.5-	160x60	1.0369	0.1400	0.0600	20	0	 5	150	 200	200	     0
14/02/19 06:19:24	OTSX	Alphecca       	 1.3970	 1.0192	 1765.4	 1697.4	 0.444006	 0.279144	 0.0000	 0.0000	 0.0706	 0.0725	16.5427	16.1230	PixelFly  	L1.5-	160x60	1.0369	0.1400	0.0600	20	0	 5	150	 200	200	     0
14/02/19 06:22:10	OTSX	Alphecca       	 1.5036	 1.0192	 1737.0	 1710.6	 0.499445	 0.317104	 0.0000	 0.0000	 0.0658	 0.0672	17.7528	17.4048	PixelFly  	L1.5-	160x60	1.0369	0.1400	0.0600	20	0	 5	150	 200	200	     0
14/02/19 06:24:28	OTSX	Alphecca       	 1.5711	 1.0156	 1771.5	 1694.4	 0.562199	 0.322952	 0.0000	 0.0000	 0.0613	 0.0665	19.0593	17.5968	PixelFly  	L1.5-	160x60	1.0369	0.1400	0.0600	20	0	 5	150	 200	200	     0
14/02/19 06:26:50	OTSX	Alphecca       	 1.7489	 1.0156	 1785.4	 1719.9	 0.644330	 0.403827	 0.0000	 0.0000	 0.0565	 0.0581	20.6842	20.1218	PixelFly  	L1.5-	160x60	1.0369	0.1400	0.0600	20	0	 5	150	 200	200	     0
14/02/19 06:29:02	OTSX	Alphecca       	 1.8618	 1.0124	 1715.1	 1658.9	 0.705360	 0.451560	 0.0000	 0.0000	 0.0535	 0.0544	21.8384	21.5169	PixelFly  	L1.5-	160x60	1.0369	0.1400	0.0600	20	0	 5	150	 200	200	     0
14/02/19 06:31:38	OTSX	Alphecca       	 1.9156	 1.0124	 1730.2	 1654.0	 0.659413	 0.528104	 0.0000	 0.0000	 0.0557	 0.0495	20.9734	23.6364	PixelFly  	L1.5-	160x60	1.0369	0.1400	0.0600	20	0	 5	150	 200	200	     0
14/02/19 06:37:25	OTSX	Alkaid         	 2.2382	 1.1043	 2530.6	 2452.4	 1.028145	 0.681000	 0.0000	 0.0000	 0.0427	 0.0425	27.3783	27.5320	PixelFly  	L1.5-	160x60	1.0369	0.1400	0.0600	20	0	 5	150	 200	199	     0
